"time (h)"	"[monomer] (mM) HPLC"	"[monomer] (mM) HPLC"	"[monomer] (mM) HPLC"	"[monomer] (mM) NMR"	"[monomer] (mM) NMR"	"[monomer] (mM) NMR"	"ThT (a.u.)"	"ThT (a.u.)"	"ThT (a.u.)"
0.00000000000000	5.000			5.00					
72.00000000000000	4.067			4.15					
168.00000000000000	4.361			4.28					
210.00000000000000	4.123			4.12					
306.00000000000000	4.219			4.19					
									
									
									
0.00000000000000							0.2803	0.2878	0.2916
0.22166666666667							0.3313	0.3472	0.3508
0.44500000000000							0.3782	0.3826	0.3886
0.66666666666667							0.4138	0.4188	0.4258
0.88833333333333							0.4436	0.4478	0.4539
1.11166666666667							0.4782	0.4793	0.4856
1.33333333333333							0.5004	0.5019	0.5149
1.55500000000000							0.5227	0.5296	0.5373
1.77833333333333							0.5467	0.5505	0.5518
2.00000000000000							0.5714	0.5728	0.5781
2.22166666666667							0.5860	0.5906	0.5931
2.44500000000000							0.6086	0.6140	0.6158
2.66666666666667							0.6298	0.6320	0.6426
2.88833333333333							0.6460	0.6468	0.6536
3.11166666666667							0.6676	0.6670	0.6736
3.33333333333333							0.6827	0.6854	0.6887
3.55500000000000							0.7045	0.7072	0.7084
3.77833333333333							0.7272	0.7260	0.7302
4.00000000000000							0.7482	0.7427	0.7494
4.22166666666667							0.7685	0.7642	0.7668
4.44500000000000							0.7916	0.7855	0.7878
4.66666666666667							0.8270	0.8124	0.8070
4.88833333333333							0.8544	0.8434	0.8321
5.11166666666667							0.8849	0.8626	0.8585
5.33333333333333							0.9015	0.8890	0.8700
5.55500000000000							0.9347	0.9102	0.8922
5.77833333333333							0.9745	0.9468	0.9188
6.00000000000000							0.9990	0.9717	0.9489
6.22166666666667							1.0403	1.0089	0.9776
6.44500000000000							1.0762	1.0304	1.0016
6.66666666666667							1.1126	1.0594	1.0347
6.88833333333333							1.1445	1.0855	1.0501
7.11166666666667							1.1798	1.1162	1.0795
7.33333333333333							1.2188	1.1450	1.1058
7.55500000000000							1.2586	1.1897	1.1365
7.77833333333333							1.2831	1.2123	1.1693
8.00000000000000							1.3213	1.2561	1.2042
8.22166666666667							1.3588	1.2883	1.2380
8.44500000000000							1.3926	1.3103	1.2736
8.66666666666667							1.4170	1.3441	1.3034
8.88833333333333							1.4536	1.3800	1.3426
9.11166666666667							1.4734	1.4060	1.3683
9.33333333333333							1.5052	1.4254	1.4101
9.55500000000000							1.5296	1.4592	1.4335
9.77833333333333							1.5657	1.4837	1.4662
10.00000000000000							1.5791	1.5083	1.4967
10.22166666666670							1.6084	1.5312	1.5191
10.44500000000000							1.6223	1.5512	1.5506
10.66666666666670							1.6428	1.5754	1.5674
10.88833333333330							1.6715	1.5917	1.5955
11.11000000000000							1.6901	1.6225	1.6292
11.33333333333330							1.7221	1.6500	1.6534
11.55500000000000							1.7274	1.6555	1.6672
11.77666666666670							1.7595	1.6911	1.6998
12.00000000000000							1.7672	1.6950	1.7204
12.22166666666670							1.7880	1.7202	1.7402
12.44333333333330							1.8048	1.7415	1.7630
12.66666666666670							1.8214	1.7562	1.7920
12.88833333333330							1.8362	1.7852	1.8128
13.11000000000000							1.8458	1.8010	1.8314
13.33333333333330							1.8554	1.8197	1.8527
13.55500000000000							1.8712	1.8288	1.8710
13.77666666666670							1.8845	1.8455	1.9003
14.00000000000000							1.9080	1.8646	1.8975
14.22166666666670							1.9153	1.8785	1.9276
14.44333333333330							1.9305	1.8930	1.9345
14.66666666666670							1.9310	1.9057	1.9572
14.88833333333330							1.9406	1.9165	1.9799
15.11000000000000							1.9556	1.9331	1.9787
15.33333333333330							1.9658	1.9495	1.9899
15.55500000000000							1.9652	1.9481	2.0088
15.77666666666670							1.9806	1.9709	2.0319
16.00000000000000							1.9914	1.9770	2.0396
16.22166666666670							1.9991	1.9879	2.0429
16.44333333333330							2.0151	2.0034	2.0725
16.66666666666670							2.0202	2.0122	2.0746
16.88833333333330							2.0351	2.0252	2.0773
17.11000000000000							2.0485	2.0348	2.0854
17.33333333333330							2.0523	2.0441	2.1100
17.55500000000000							2.0597	2.0539	2.1074
17.77666666666670							2.0652	2.0576	2.1250
18.00000000000000							2.0661	2.0643	2.1285
18.22166666666670							2.0906	2.0750	2.1496
18.44333333333330							2.0902	2.0795	2.1442
18.66666666666670							2.0944	2.0946	2.1701
18.88833333333330							2.1546	2.1607	2.2232
19.11000000000000							2.1826	2.1900	2.2674
19.33333333333330							2.2073	2.2134	2.2695
19.55500000000000							2.2187	2.2211	2.2954
19.77666666666670							2.2332	2.2342	2.2996
20.00000000000000							2.2411	2.2448	2.3090
20.22166666666670							2.2548	2.2809	2.3310
20.44333333333330							2.2628	2.2837	2.3388
20.66666666666670							2.2801	2.2843	2.3446
20.88833333333330							2.3085	2.3069	2.3626
21.11000000000000							2.3069	2.3038	2.3696
21.33333333333330							2.3158	2.3057	2.3744
21.55500000000000							2.3266	2.3295	2.3868
21.77666666666670							2.3243	2.3342	2.3857
22.00000000000000							2.3312	2.3364	2.4036
22.22166666666670							2.3469	2.3365	2.4189
22.44333333333330							2.3374	2.3678	2.4110
22.66666666666670							2.3582	2.3795	2.4309
22.88833333333330							2.3653	2.3862	2.4330
23.11000000000000							2.3753	2.3804	2.4386
23.33333333333330							2.3687	2.3736	2.4330
23.55500000000000							2.3714	2.3925	2.4374
23.77666666666670							2.3849	2.4036	2.4469
24.00000000000000							2.4042	2.4082	2.4553
24.22166666666670							2.3962	2.3984	2.4708
24.44333333333330							2.4084	2.4108	2.4787
24.66666666666670							2.3997	2.4209	2.4732
24.88833333333330							2.4129	2.4263	2.4802
25.11000000000000							2.4140	2.4394	2.4820
25.33333333333330							2.4170	2.4377	2.4820
25.55500000000000							2.4386	2.4467	2.4962
25.77666666666670							2.4216	2.4413	2.4999
26.00000000000000							2.4520	2.4577	2.5185
26.22166666666670							2.4444	2.4554	2.5088
26.44333333333330							2.4428	2.4467	2.5094
26.66666666666670							2.4589	2.4654	2.5108
26.88833333333330							2.4589	2.4876	2.5225
27.11000000000000							2.4653	2.4647	2.5300
27.33333333333330							2.4555	2.4871	2.5383
27.55500000000000							2.4714	2.4803	2.5474
27.77666666666670							2.4899	2.4753	2.5440
28.00000000000000							2.4848	2.4888	2.5406
28.22166666666670							2.4953	2.4894	2.5491
28.44333333333330							2.4829	2.4931	2.5512
28.66666666666670							2.5116	2.5228	2.5788
28.88833333333330							2.5095	2.5152	2.5679
29.11000000000000							2.5187	2.5236	2.5765
29.33333333333330							2.5289	2.5237	2.5741
29.55500000000000							2.5260	2.5442	2.5940
29.77666666666670							2.5280	2.5218	2.5970
30.00000000000000							2.5164	2.5353	2.6088
30.22166666666670							2.5291	2.5372	2.5792
30.44333333333330							2.5308	2.5343	2.6019
30.66666666666670							2.5350	2.5348	2.5941
30.88833333333330							2.5390	2.5529	2.6048
31.11000000000000							2.5419	2.5452	2.5990
31.33333333333330							2.5314	2.5441	2.6043
31.55500000000000							2.5548	2.5550	2.6090
31.77666666666670							2.5592	2.5494	2.6010
32.00000000000000							2.5528	2.5617	2.6157
32.22166666666670							2.5477	2.5754	2.6099
32.44333333333330							2.5568	2.5670	2.6164
32.66666666666670							2.5758	2.5723	2.6353
32.88833333333330							2.5716	2.5877	2.6282
33.11000000000000							2.5746	2.5840	2.6300
33.33333333333330							2.5629	2.5870	2.6286
33.55500000000000							2.5644	2.5932	2.6370
33.77666666666670							2.5850	2.5916	2.6496
33.99833333333330							2.6052	2.5995	2.6669
34.22166666666670							2.6005	2.6102	2.6742
34.44333333333330							2.6093	2.6286	2.6643
34.66500000000000							2.5984	2.6121	2.6756
34.88833333333330							2.6001	2.6045	2.6552
35.11000000000000							2.5965	2.5933	2.6612
35.33166666666670							2.6010	2.6124	2.6603
35.55500000000000							2.6132	2.6212	2.6579
35.77666666666670							2.6065	2.6213	2.6751
35.99833333333330							2.6090	2.6276	2.6806
36.22166666666670							2.6166	2.6279	2.6852
36.44333333333330							2.6192	2.6344	2.6685
36.66500000000000							2.6266	2.6192	2.6859
36.88833333333330							2.6212	2.6303	2.6841
37.11000000000000							2.6278	2.6337	2.6916
37.33166666666670							2.6278	2.6578	2.6863
37.55500000000000							2.6312	2.6240	2.6856
37.77666666666670							2.6368	2.6379	2.6940
37.99833333333330							2.6324	2.6574	2.7086
38.22166666666670							2.6380	2.6429	2.7064
38.44333333333330							2.6556	2.6458	2.7027
38.66500000000000							2.6515	2.6428	2.7055
38.88833333333330							2.6564	2.6568	2.7165
39.11000000000000							2.6495	2.6550	2.7068
39.33166666666670							2.6644	2.6647	2.7117
39.55500000000000							2.6688	2.6724	2.7291
39.77666666666670							2.6732	2.6754	2.7118
39.99833333333330							2.6798	2.6774	2.7246
40.22166666666670							2.6664	2.6774	2.7272
40.44333333333330							2.6845	2.6729	2.7277
40.66500000000000							2.6670	2.6685	2.7214
40.88833333333330							2.6800	2.6814	2.7353
41.11000000000000							2.6777	2.6788	2.7347
41.33166666666670							2.6844	2.6818	2.7269
41.55500000000000							2.6806	2.6790	2.7409
41.77666666666670							2.6844	2.6781	2.7308
41.99833333333330							2.7012	2.7008	2.7552
42.22166666666670							2.6948	2.6865	2.7371
42.44333333333330							2.7047	2.6975	2.7420
42.66500000000000							2.6815	2.6943	2.7537
42.88833333333330							2.6950	2.7020	2.7537
43.11000000000000							2.7008	2.7032	2.7462
43.33166666666670							2.6953	2.7060	2.7432
43.55500000000000							2.6948	2.7135	2.7509
43.77666666666670							2.7154	2.7094	2.7538
43.99833333333330							2.7050	2.7160	2.7630
44.22166666666670							2.7201	2.7172	2.7610
44.44333333333330							2.7101	2.7190	2.7602
44.66500000000000							2.7024	2.7152	2.7617
44.88833333333330							2.7088	2.7000	2.7513
45.11000000000000							2.7160	2.7128	2.7688
45.33166666666670							2.7253	2.7183	2.7705
45.55500000000000							2.7049	2.7374	2.7800
45.77666666666670							2.7171	2.7402	2.7708
45.99833333333330							2.7342	2.7302	2.7978
46.22166666666670							2.7243	2.7332	2.7711
46.44333333333330							2.7411	2.7399	2.7786
46.66500000000000							2.7373	2.7282	2.7962
46.88833333333330							2.7496	2.7455	2.7726
47.11000000000000							2.7360	2.7326	2.8063
47.33166666666670							2.7554	2.7460	2.7818
47.55500000000000							2.7473	2.7334	2.7966
47.77666666666670							2.7547	2.7462	2.7852
47.99833333333330							2.7532	2.7478	2.7985
48.22166666666670							2.7478	2.7557	2.8078
48.44333333333330							2.7440	2.7473	2.7905
48.66500000000000							2.7662	2.7619	2.8065
48.88833333333330							2.7510	2.7733	2.8068
49.11000000000000							2.7748	2.7581	2.8091
49.33166666666670							2.7782	2.7592	2.8052
49.55500000000000							2.7580	2.7675	2.8076
49.77666666666670							2.7875	2.7616	2.8232
49.99833333333330							2.7779	2.7731	2.8221
50.22166666666670							2.7699	2.7705	2.8115
50.44333333333330							2.7692	2.7610	2.8232
50.66500000000000							2.7848	2.7622	2.8304
50.88833333333330							2.7769	2.7718	2.8403
51.11000000000000							2.7679	2.7660	2.8156
51.33166666666670							2.7729	2.7785	2.8295
51.55500000000000							2.8031	2.7841	2.8351
51.77666666666670							2.7819	2.7840	2.8205
51.99833333333330							2.7938	2.7699	2.8181
52.22166666666670							2.7872	2.7970	2.8283
52.44333333333330							2.8119	2.7875	2.8399
52.66500000000000							2.8204	2.8024	2.8580
52.88833333333330							2.8008	2.7869	2.8512
53.11000000000000							2.8114	2.7950	2.8378
53.33166666666670							2.7889	2.7967	2.8390
53.55500000000000							2.8085	2.8066	2.8456
53.77666666666670							2.8186	2.7845	2.8448
53.99833333333330							2.8148	2.8006	2.8472
54.22166666666670							2.7988	2.8109	2.8402
54.44333333333330							2.8446	2.8283	2.8456
54.66500000000000							2.8190	2.7950	2.8608
54.88833333333330							2.8031	2.8026	2.8572
55.11000000000000							2.8212	2.8016	2.8525
55.33166666666670							2.8126	2.7967	2.8335
55.55333333333330							2.8132	2.8088	2.8582
55.77666666666670							2.8272	2.8285	2.8636
55.99833333333330							2.8185	2.8193	2.8542
56.22000000000000							2.8165	2.8185	2.8634
56.44333333333330							2.8332	2.8156	2.8717
56.66500000000000							2.8239	2.8159	2.8614
56.88666666666670							2.8278	2.8122	2.8636
57.11000000000000							2.8441	2.8285	2.8497
57.33166666666670							2.8251	2.8267	2.8883
57.55333333333330							2.8371	2.8338	2.8731
57.77666666666670							2.8256	2.8250	2.8830
57.99833333333330							2.8398	2.8241	2.8708
58.22000000000000							2.8466	2.8217	2.8755
58.44333333333330							2.8494	2.8263	2.8818
58.66500000000000							2.8423	2.8387	2.8846
58.88666666666670							2.8433	2.8418	2.8696
59.11000000000000							2.8585	2.8398	2.8913
59.33166666666670							2.8507	2.8365	2.8982
59.55333333333330							2.8731	2.8706	2.8869
59.77666666666670							2.8683	2.8518	2.9025
59.99833333333330							2.8680	2.8465	2.8910
60.22000000000000							2.8658	2.8502	2.9038
60.44333333333330							2.8711	2.8394	2.8981
60.66500000000000							2.8736	2.8424	2.8855
60.88666666666670							2.8712	2.8461	2.8914
61.11000000000000							2.8515	2.8314	2.8800
61.33166666666670							2.8620	2.8457	2.9000
61.55333333333330							2.8746	2.8546	2.8905
61.77666666666670							2.8716	2.8659	2.9039
61.99833333333330							2.8782	2.8531	2.9131
62.22000000000000							2.8684	2.8702	2.9190
62.44333333333330							2.8802	2.8590	2.8970
62.66500000000000							2.8680	2.8575	2.9072
62.88666666666670							2.8790	2.8598	2.9171
63.11000000000000							2.8866	2.8594	2.9119
63.33166666666670							2.8792	2.8672	2.9114
63.55333333333330							2.8885	2.8832	2.9050
63.77666666666670							2.8828	2.8605	2.9125
63.99833333333330							2.8979	2.8812	2.9375
64.22000000000000									
64.44333333333330									
64.66500000000000							2.9502	2.9514	2.9765
64.88666666666670							2.9714	2.9230	2.9579
65.11000000000000							2.9464	2.9304	2.9541
65.33166666666670							2.9316	2.9230	2.9480
65.55333333333330							2.9380	2.8933	2.9611
65.77666666666670							2.9543	2.9254	2.9620
65.99833333333330							2.9585	2.9146	2.9372
66.22000000000000							2.9617	2.9248	2.9639
66.44333333333330							2.9432	2.9034	2.9666
66.66500000000000							2.9285	2.9332	2.9523
66.88666666666670							2.9470	2.9307	2.9664
67.11000000000000							2.9428	2.9384	2.9694
67.33166666666670							2.9348	2.9328	2.9598
67.55333333333330							2.9504	2.9306	2.9561
67.77666666666670							2.9542	2.9232	2.9358
67.99833333333330							2.9744	2.9282	2.9434
68.22000000000000							2.9565	2.9533	2.9432
68.44333333333330							2.9449	2.9451	2.9604
68.66500000000000							2.9606	2.9366	2.9579
68.88666666666670							2.9804	2.9546	2.9752
69.11000000000000							2.9758	2.9359	2.9770
69.33166666666670							2.9876	2.9587	2.9678
69.55333333333330							2.9666	2.9712	2.9877
69.77666666666670							2.9834	2.9657	2.9979
69.99833333333330							2.9718	2.9573	2.9802
70.22000000000000							2.9629	2.9492	2.9526
70.44333333333330							2.9918	2.9499	2.9587
70.66500000000000							2.9620	2.9416	2.9768
70.88666666666670							2.9643	2.9448	2.9856
71.11000000000000							2.9735	2.9674	2.9711
71.33166666666670							2.9562	2.9376	2.9671
71.55333333333330							2.9583	2.9284	2.9776
71.77666666666670							2.9561	2.9414	2.9701
71.99833333333330							2.9567	2.9436	2.9523
72.22000000000000							2.9713	2.9551	2.9795
72.44333333333330							2.9810	2.9411	2.9695
72.66500000000000							2.9901	2.9614	3.0032
72.88666666666670							2.9812	2.9607	3.0060
73.11000000000000							2.9750	2.9424	2.9840
73.33166666666670							2.9907	2.9633	2.9950
73.55333333333330							2.9723	2.9569	2.9897
73.77666666666670							2.9849	2.9526	2.9992
73.99833333333330							3.0046	2.9616	2.9921
74.22000000000000							2.9935	2.9711	2.9823
74.44333333333330							2.9739	2.9486	2.9656
74.66500000000000							2.9907	2.9416	2.9754
74.88666666666670							3.0017	2.9612	2.9848
75.11000000000000							2.9991	2.9729	2.9916
75.33166666666670							3.0006	2.9664	3.0088
75.55333333333330							3.0026	2.9526	2.9836
75.77666666666670							2.9854	2.9517	3.0189
75.99833333333330							2.9820	2.9520	2.9771
76.22000000000000							2.9876	2.9682	2.9996
76.44333333333330							3.0185	2.9812	2.9987
76.66500000000000							2.9985	2.9827	3.0132
76.88666666666670							3.0026	2.9796	3.0093
77.11000000000000							2.9979	2.9779	2.9956
77.33166666666670							3.0289	2.9808	3.0059
77.55333333333330							2.9958	2.9776	2.9982
77.77666666666670							3.0012	2.9992	2.9896
77.99833333333330							3.0186	2.9585	2.9952
78.22000000000000							2.9969	2.9962	3.0039
78.44166666666670							3.0214	2.9846	2.9976
78.66500000000000							3.0228	2.9850	3.0260
78.88666666666670							3.0340	2.9930	3.0113
79.10833333333330							3.0187	2.9768	3.0155
79.33166666666670							3.0232	2.9631	3.0008
79.55333333333330							3.0234	2.9910	3.0201
79.77500000000000							3.0181	2.9923	3.0206
79.99833333333330							3.0328	2.9788	3.0149
80.22000000000000							3.0455	2.9976	3.0222
80.44166666666670							3.0369	2.9960	3.0335
80.66500000000000							3.0485	2.9667	3.0346
80.88666666666670							3.0436	3.0061	3.0396
81.10833333333330							3.0474	3.0002	3.0197
81.33166666666670							3.0365	2.9947	3.0168
81.55333333333330							3.0584	2.9812	3.0406
81.77500000000000							3.0397	3.0102	3.0422
81.99833333333330							3.0458	3.0071	3.0281
82.22000000000000							3.0417	2.9951	3.0494
82.44166666666670							3.0364	3.0056	3.0383
82.66500000000000							3.0732	2.9968	3.0530
82.88666666666670							3.0401	3.0000	3.0362
83.10833333333330							3.0386	3.0135	3.0598
83.33166666666670							3.0520	3.0236	3.0536
83.55333333333330							3.0595	3.0040	3.0428
83.77500000000000							3.0612	3.0110	3.0318
83.99833333333330							3.0727	3.0183	3.0585
84.22000000000000							3.0334	3.0254	3.0686
84.44166666666670							3.0400	3.0140	3.0444
84.66500000000000							3.0622	3.0080	3.0436
84.88666666666670							3.0540	3.0100	3.0528
85.10833333333330							3.0600	3.0295	3.0468
85.33166666666670							3.0681	3.0173	3.0541
85.55333333333330							3.0666	3.0200	3.0462
85.77500000000000							3.0552	2.9920	3.0462
85.99833333333330							3.0466	3.0030	3.0339
86.22000000000000							3.0599	3.0221	3.0464
86.44166666666670							3.0552	3.0032	3.0364
86.66500000000000							3.0644	3.0138	3.0425
86.88666666666670							3.0452	3.0164	3.0470
87.10833333333330							3.0536	3.0064	3.0346
87.33166666666670							3.0512	3.0049	3.0510
87.55333333333330							3.0806	3.0122	3.0476
87.77500000000000							3.0684	3.0101	3.0476
87.99833333333330							3.0657	3.0103	3.0516
88.22000000000000							3.0755	3.0253	3.0546
88.44166666666670							3.0685	3.0142	3.0701
88.66500000000000							3.0804	3.0214	3.0517
88.88666666666670							3.0744	3.0251	3.0552
89.10833333333330							3.0663	3.0304	3.0690
89.33166666666670							3.0585	3.0368	3.0730
89.55333333333330							3.0837	3.0511	3.0818
89.77500000000000							3.0946	3.0552	3.0888
89.99833333333330							3.0910	3.0410	3.0884
90.22000000000000							3.0909	3.0514	3.0715
90.44166666666670							3.0943	3.0680	3.0899
90.66500000000000							3.1093	3.0642	3.0825
90.88666666666670							3.1024	3.0350	3.0901
91.10833333333330							3.0942	3.0313	3.0676
91.33166666666670							3.0681	3.0365	3.0670
91.55333333333330							3.0888	3.0439	3.0714
91.77500000000000							3.0944	3.0421	3.0652
91.99833333333330							3.0908	3.0581	3.0746
92.22000000000000							3.1056	3.0494	3.0846
92.44166666666670							3.0995	3.0483	3.0777
92.66500000000000							3.0977	3.0504	3.0819
92.88666666666670							3.1014	3.0643	3.0768
93.10833333333330							3.0997	3.0524	3.0866
93.33166666666670							3.1014	3.0390	3.0799
93.55333333333330							3.0962	3.0352	3.0791
93.77500000000000							3.0936	3.0648	3.0825
93.99833333333330							3.1269	3.0558	3.0826
94.22000000000000							3.1076	3.0580	3.0886
94.44166666666670							3.1204	3.0719	3.0961
94.66500000000000							3.1120	3.0516	3.0775
94.88666666666670							3.1215	3.0616	3.1034
95.10833333333330							3.1155	3.0903	3.1153
95.33166666666670							3.1332	3.0614	3.0886
95.55333333333330							3.1278	3.0808	3.1044
95.77500000000000							3.1222	3.0767	3.1214
95.99833333333330							3.1256	3.0730	3.1182
96.22000000000000							3.1585	3.0919	3.1203
96.44166666666670							3.1168	3.0726	3.1006
96.66500000000000							3.1276	3.0575	3.0882
96.88666666666670							3.1162	3.0688	3.0909
97.10833333333330							3.1239	3.0603	3.1054
97.33166666666670							3.1196	3.0677	3.0856
97.55333333333330							3.1342	3.0997	3.1060
97.77500000000000							3.1310	3.0695	3.1080
97.99833333333330							3.1492	3.0848	3.1194
98.22000000000000							3.1503	3.0836	3.1115
98.44166666666670							3.1570	3.0855	3.1049
98.66500000000000							3.1404	3.0778	3.0990
98.88666666666670							3.1346	3.0758	3.0907
99.10833333333330							3.1458	3.0646	3.1110
99.33166666666670							3.1444	3.0750	3.0996
99.55333333333330							3.1414	3.0697	3.1094
99.77500000000000							3.1515	3.0924	3.1081
99.99833333333330							3.1422	3.0841	3.0954
100.22000000000000							3.1278	3.0766	3.1022
100.44166666666700							3.1444	3.0738	3.1153
100.66333333333300							3.1274	3.0826	3.1043
100.88666666666700							3.1344	3.0651	3.1112
101.10833333333300							3.1499	3.0764	3.1162
101.33000000000000							3.1596	3.0784	3.1089
101.55333333333300							3.1683	3.1184	3.1449
101.77500000000000							3.1638	3.1107	3.1198
101.99666666666700							3.1474	3.0839	3.1220
102.22000000000000							3.1434	3.1044	3.1308
102.44166666666700							3.1469	3.0986	3.1177
102.66333333333300							3.1548	3.0975	3.1122
102.88666666666700							3.1613	3.0870	3.1347
103.10833333333300							3.1481	3.0900	3.1284
103.33000000000000							3.1490	3.0940	3.1130
103.55333333333300							3.1422	3.0925	3.1249
103.77500000000000							3.1593	3.0954	3.1188
103.99666666666700							3.1411	3.1192	3.1217
104.22000000000000							3.1601	3.0991	3.1347
104.44166666666700							3.1456	3.0847	3.1246
104.66333333333300							3.1746	3.1165	3.1436
104.88666666666700							3.1706	3.1050	3.1204
105.10833333333300							3.1470	3.0872	3.1308
105.33000000000000							3.1610	3.0866	3.1194
105.55333333333300							3.1608	3.0896	3.1347
105.77500000000000							3.1581	3.0927	3.1228
105.99666666666700							3.1608	3.1048	3.1416
106.22000000000000							3.1700	3.0990	3.1248
106.44166666666700							3.1700	3.1093	3.1476
106.66333333333300							3.1709	3.1086	3.1379
106.88666666666700							3.1725	3.1045	3.1477
107.10833333333300							3.1712	3.1246	3.1416
107.33000000000000							3.1702	3.1106	3.1450
107.55333333333300							3.1562	3.0834	3.1329
107.77500000000000							3.1708	3.0908	3.1446
107.99666666666700							3.1714	3.1152	3.1493
108.22000000000000							3.1676	3.1033	3.1412
108.44166666666700							3.1762	3.1126	3.1377
108.66333333333300							3.1724	3.1176	3.1558
108.88666666666700							3.1898	3.0937	3.1447
109.10833333333300							3.1672	3.1112	3.1340
109.33000000000000							3.1865	3.1168	3.1552
109.55333333333300							3.1967	3.1368	3.1542
109.77500000000000							3.1916	3.1305	3.1765
109.99666666666700							3.2062	3.1411	3.1772
110.22000000000000							3.2025	3.1650	3.1876
110.44166666666700							3.2173	3.1574	3.1962
110.66333333333300							3.2250	3.1480	3.2039
110.88666666666700							3.2379	3.1494	3.1982
111.10833333333300							3.2442	3.1634	3.1989
111.33000000000000							3.2442	3.1750	3.1956
111.55333333333300							3.2347	3.1624	3.2007
111.77500000000000							3.2196	3.1544	3.1966
111.99666666666700							3.2233	3.1460	3.1963
112.22000000000000							3.2214	3.1326	3.1930
112.44166666666700							3.2218	3.1405	3.2141
112.66333333333300							3.2448	3.1436	3.1922
112.88666666666700							3.2228	3.1552	3.1960
113.10833333333300							3.2332	3.1427	3.1863
113.33000000000000							3.2179	3.1330	3.1808
113.55333333333300							3.2124	3.1394	3.2001
113.77500000000000							3.2208	3.1464	3.1725
113.99666666666700							3.2162	3.1350	3.1752
114.22000000000000							3.2476	3.1516	3.2005
114.44166666666700							3.2242	3.1509	3.1784
114.66333333333300							3.2336	3.1427	3.1875
114.88666666666700							3.2195	3.1530	3.1866
115.10833333333300							3.2320	3.1366	3.2000
115.33000000000000							3.2112	3.1694	3.2011
115.55333333333300							3.2142	3.1644	3.1792
115.77500000000000							3.2366	3.1605	3.1976
115.99666666666700							3.2478	3.1800	3.2053
116.22000000000000							3.2306	3.1602	3.2194
116.44166666666700							3.2387	3.1738	3.1808
116.66333333333300							3.2453	3.1715	3.1946
116.88666666666700							3.2303	3.1735	3.1799
117.10833333333300							3.2397	3.1520	3.1836
117.33000000000000							3.2435	3.1588	3.1929
117.55333333333300							3.2357	3.1607	3.1989
117.77500000000000							3.2294	3.1695	3.1991
117.99666666666700							3.2221	3.1498	3.2015
118.22000000000000							3.2234	3.1541	3.1893
118.44166666666700							3.2383	3.1755	3.1860
118.66333333333300							3.2209	3.1635	3.1968
118.88666666666700							3.2366	3.1492	3.1894
119.10833333333300							3.2394	3.1685	3.1928
119.33000000000000							3.2450	3.1789	3.1890
119.55333333333300							3.2334	3.1629	3.1960
119.77500000000000							3.2358	3.1536	3.1850
119.99666666666700							3.2393	3.1690	3.2078
120.22000000000000							3.2364	3.1741	3.2041
120.44166666666700							3.2434	3.1626	3.1870
120.66333333333300							3.2471	3.1680	3.2138
120.88666666666700							3.2412	3.1692	3.1969
121.10833333333300							3.2258	3.1757	3.2034
121.33000000000000							3.2472	3.1698	3.2022
121.55333333333300							3.2164	3.1716	3.2089
121.77500000000000							3.2580	3.1698	3.1941
121.99666666666700							3.2358	3.1824	3.1898
122.22000000000000							3.2580	3.1848	3.2031
122.44166666666700							3.2553	3.1820	3.2145
122.66333333333300							3.2488	3.1828	3.2187
122.88500000000000							3.2546	3.1792	3.2048
123.10833333333300							3.2621	3.2039	3.2160
123.33000000000000							3.2546	3.1890	3.2027
123.55166666666700							3.2462	3.1810	3.2017
123.77500000000000							3.2588	3.1848	3.2182
123.99666666666700							3.2652	3.1880	3.2269
124.21833333333300							3.2739	3.2036	3.2105
124.44166666666700							3.2618	3.1819	3.2152
124.66333333333300							3.2771	3.1957	3.2122
124.88500000000000							3.2708	3.1977	3.2195
125.10833333333300							3.2486	3.1972	3.2006
125.33000000000000							3.2640	3.1944	3.2196
125.55166666666700							3.2626	3.1807	3.2075
125.77500000000000							3.2785	3.2023	3.2209
125.99666666666700							3.2595	3.2056	3.2226
126.21833333333300							3.2814	3.2015	3.2407
126.44166666666700							3.2900	3.2194	3.2356
126.66333333333300							3.2866	3.2136	3.2272
126.88500000000000							3.2735	3.2210	3.2424
127.10833333333300							3.2746	3.2027	3.2511
127.33000000000000							3.2644	3.2149	3.2186
127.55166666666700							3.2813	3.2379	3.2532
127.77500000000000							3.2822	3.2098	3.2516
127.99666666666700							3.2736	3.2109	3.2467
128.21833333333300							3.2770	3.2286	3.2404
128.44166666666700							3.2782	3.2334	3.2310
128.66333333333300							3.2841	3.2184	3.2423
128.88500000000000							3.2932	3.2019	3.2478
129.10833333333300							3.3056	3.2316	3.2561
129.33000000000000							3.2955	3.2284	3.2704
129.55166666666700							3.2825	3.2089	3.2365
129.77500000000000							3.2791	3.2265	3.2432
129.99666666666700							3.2891	3.2115	3.2366
130.21833333333300							3.2859	3.2335	3.2533
130.44166666666700							3.2840	3.2203	3.2614
130.66333333333300							3.2751	3.2145	3.2402
130.88500000000000							3.2881	3.2228	3.2464
131.10833333333300							3.2842	3.2408	3.2552
131.33000000000000							3.2895	3.2307	3.2399
131.55166666666700							3.2936	3.2302	3.2374
131.77500000000000							3.2870	3.2193	3.2716
131.99666666666700							3.3073	3.2294	3.2410
132.21833333333300							3.2981	3.2272	3.2440
132.44166666666700							3.2963	3.2311	3.2499
132.66333333333300							3.3076	3.2288	3.2574
132.88500000000000							3.2834	3.2338	3.2787
133.10833333333300							3.3030	3.2413	3.2608
133.33000000000000							3.3016	3.2392	3.2616
133.55166666666700							3.2928	3.2408	3.2518
133.77500000000000							3.2960	3.2514	3.2623
133.99666666666700							3.3157	3.2475	3.2735
134.21833333333300							3.2989	3.2552	3.2656
134.44166666666700							3.3098	3.2317	3.2855
134.66333333333300							3.2979	3.2484	3.2668
134.88500000000000							3.2805	3.2468	3.2590
135.10833333333300							3.2970	3.2466	3.2658
135.33000000000000							3.3026	3.2328	3.2668
135.55166666666700							3.3168	3.2488	3.2664
135.77500000000000							3.3398	3.2488	3.2839
135.99666666666700							3.3407	3.2798	3.2947
136.21833333333300							3.3468	3.2749	3.2789
136.44166666666700							3.3186	3.2599	3.2812
136.66333333333300							3.3239	3.2548	3.2846
136.88500000000000							3.3237	3.2622	3.3020
137.10833333333300							3.3478	3.2656	3.2829
137.33000000000000							3.3262	3.2703	3.2869
137.55166666666700							3.3328	3.2800	3.3040
137.77500000000000							3.3246	3.2900	3.3127
137.99666666666700							3.3370	3.2864	3.3014
138.21833333333300							3.3426	3.2934	3.3167
138.44166666666700							3.3455	3.2729	3.3026
138.66333333333300							3.3676	3.2972	3.3138
138.88500000000000							3.3500	3.2894	3.3168
139.10833333333300							3.3475	3.3097	3.3181
139.33000000000000							3.3559	3.2874	3.3200
139.55166666666700							3.3252	3.2875	3.3126
139.77500000000000							3.3365	3.2815	3.3158
139.99666666666700							3.3510	3.2830	3.3080
140.21833333333300							3.3505	3.2800	3.3110
140.44166666666700							3.3566	3.2761	3.3298
140.66333333333300							3.3502	3.2995	3.3004
140.88500000000000							3.3384	3.2978	3.3065
141.10833333333300							3.3623	3.2913	3.3301
141.33000000000000							3.3411	3.2862	3.2942
141.55166666666700							3.3296	3.2838	3.2924
141.77500000000000							3.3659	3.3059	3.3078
141.99666666666700							3.3288	3.2855	3.3148
142.21833333333300							3.3457	3.2823	3.2926
142.44166666666700							3.3615	3.2915	3.3021
142.66333333333300							3.3321	3.2695	3.3059
142.88500000000000							3.3495	3.2738	3.3218
143.10833333333300							3.3516	3.2855	3.2836
143.33000000000000							3.3435	3.2864	3.3222
143.55166666666700							3.3626	3.2944	3.3126
143.77500000000000							3.3646	3.3103	3.3250
143.99666666666700							3.3685	3.3038	3.3285
144.21833333333300							3.3776	3.3136	3.3531
144.44166666666700							3.3866	3.3092	3.3411
144.66333333333300							3.3808	3.3247	3.3292
144.88500000000000							3.3721	3.3181	3.3207
145.10666666666700							3.3865	3.3430	3.3483
145.33000000000000							3.3852	3.3395	3.3474
145.55166666666700							3.3876	3.3381	3.3652
145.77333333333300							3.4153	3.3265	3.3798
145.99666666666700							3.4188	3.3520	3.3753
146.21833333333300							3.4153	3.3589	3.3832
146.44000000000000							3.4041	3.3332	3.3795
146.66333333333300							3.4191	3.3604	3.3884
146.88500000000000							3.4003	3.3382	3.3763
147.10666666666700							3.4162	3.3566	3.3648
147.33000000000000							3.4177	3.3794	3.3807
147.55166666666700							3.4324	3.3532	3.3848
147.77333333333300							3.4220	3.3562	3.3730
147.99666666666700							3.4342	3.3582	3.3947
148.21833333333300							3.4184	3.3626	3.3915
148.44000000000000							3.4172	3.3430	3.3817
148.66333333333300							3.4436	3.3880	3.4060
148.88500000000000							3.4483	3.3680	3.4026
149.10666666666700							3.4296	3.3874	3.4250
149.33000000000000							3.4409	3.3916	3.3885
149.55166666666700							3.4465	3.3788	3.3918
149.77333333333300							3.4322	3.3737	3.3917
149.99666666666700							3.4200	3.3741	3.4060
150.21833333333300							3.4531	3.3911	3.4065
150.44000000000000							3.4171	3.3804	3.3911
150.66333333333300							3.4408	3.3793	3.4059
150.88500000000000							3.4420	3.3957	3.4113
151.10666666666700							3.4562	3.4190	3.4412
151.33000000000000							3.4491	3.3868	3.4319
151.55166666666700							3.4540	3.3981	3.3991
151.77333333333300							3.4456	3.3796	3.4130
151.99666666666700							3.4445	3.3746	3.4016
152.21833333333300							3.4337	3.3704	3.4074
152.44000000000000							3.4239	3.3758	3.4124
152.66333333333300							3.4392	3.3788	3.4032
152.88500000000000							3.4719	3.4001	3.4189
153.10666666666700							3.4428	3.3926	3.4362
153.33000000000000							3.4346	3.3952	3.4274
153.55166666666700							3.4440	3.3888	3.4157
153.77333333333300							3.4416	3.4020	3.4027
153.99666666666700							3.4378	3.3926	3.4150
154.21833333333300							3.4351	3.3692	3.4234
154.44000000000000							3.4429	3.3703	3.4169
154.66333333333300							3.4559	3.3928	3.4213
154.88500000000000							3.4564	3.3850	3.4160
155.10666666666700							3.4664	3.3891	3.4237
155.33000000000000							3.4596	3.3953	3.4144
155.55166666666700							3.4747	3.3946	3.4133
155.77333333333300							3.4536	3.3942	3.4106
155.99666666666700							3.4466	3.4103	3.4218
156.21833333333300							3.4494	3.4049	3.3842
156.44000000000000							3.4500	3.3829	3.4026
156.66333333333300							3.4386	3.3877	3.4172
156.88500000000000							3.4428	3.3789	3.4089
157.10666666666700							3.4344	3.3822	3.4213
157.33000000000000							3.4727	3.4012	3.4280
157.55166666666700							3.4680	3.3792	3.4176
157.77333333333300							3.4548	3.3889	3.4126
157.99666666666700							3.4424	3.3639	3.4070
158.21833333333300							3.4428	3.3786	3.4087
158.44000000000000							3.4417	3.3762	3.4197
158.66333333333300							3.4432	3.3734	3.4054
158.88500000000000							3.4489	3.3668	3.4114
159.10666666666700							3.4650	3.3952	3.4172
159.33000000000000							3.4592	3.4216	3.4303
159.55166666666700							3.4595	3.3906	3.4343
159.77333333333300							3.4379	3.3998	3.4104
159.99666666666700							3.4657	3.3986	3.4262
160.21833333333300							3.4900	3.4165	3.4458
160.44000000000000							3.4884	3.4090	3.4362
160.66333333333300									
160.88500000000000									
161.10666666666700							3.5037	3.4746	3.5593
161.33000000000000							3.4800	3.4727	3.5229
161.55166666666700							3.5353	3.4735	3.5600
161.77333333333300							3.5113	3.4484	3.5130
161.99666666666700							3.4980	3.4435	3.5087
162.21833333333300							3.4917	3.4712	3.5070
162.44000000000000							3.4648	3.4383	3.4969
162.66333333333300							3.4936	3.4454	3.5113
162.88500000000000							3.5117	3.4590	3.5231
163.10666666666700							3.5070	3.4771	3.5316
163.33000000000000							3.5072	3.4570	3.5294
163.55166666666700							3.5001	3.4808	3.5318
163.77333333333300							3.4993	3.4774	3.5279
163.99666666666700							3.5188	3.4634	3.5332
164.21833333333300							3.5136	3.4834	3.5232
164.44000000000000							3.5135	3.4722	3.5608
164.66333333333300							3.5140	3.4869	3.5649
164.88500000000000							3.5091	3.4647	3.5426
165.10666666666700							3.5108	3.4592	3.5227
165.33000000000000							3.4926	3.4621	3.5016
165.55166666666700							3.5033	3.4756	3.5236
165.77333333333300							3.5145	3.4782	3.5215
165.99666666666700							3.4997	3.4620	3.4982
166.21833333333300							3.4759	3.4945	3.5103
166.44000000000000							3.5170	3.4807	3.5264
166.66333333333300							3.5156	3.4824	3.5237
166.88500000000000							3.5264	3.4716	3.5254
167.10666666666700							3.4876	3.4636	3.5424
167.32833333333300							3.4806	3.4556	3.5346
167.55166666666700							3.5139	3.4697	3.5219
167.77333333333300							3.5016	3.4774	3.5122
167.99500000000000							3.5221	3.4644	3.5280
168.21833333333300							3.4977	3.4655	3.5148
168.44000000000000							3.5427	3.4709	3.5525
168.66166666666700							3.5024	3.4659	3.5279
168.88500000000000							3.4915	3.4945	3.5197
169.10666666666700							3.5031	3.4797	3.5297
169.32833333333300							3.5153	3.5106	3.5280
169.55166666666700							3.5171	3.4938	3.5170
169.77333333333300							3.5100	3.4882	3.5353
169.99500000000000							3.5110	3.4666	3.5213
170.21833333333300							3.5115	3.4712	3.5066
170.44000000000000							3.5120	3.4952	3.5486
170.66166666666700							3.5118	3.4810	3.5478
170.88500000000000							3.5068	3.4921	3.5226
171.10666666666700							3.5311	3.5014	3.5457
171.32833333333300							3.5305	3.4843	3.5370
171.55166666666700							3.5137	3.4728	3.5262
171.77333333333300							3.5138	3.4926	3.5460
171.99500000000000							3.5260	3.5025	3.5582
172.21833333333300							3.5379	3.5066	3.5492
172.44000000000000							3.5168	3.5152	3.5467
172.66166666666700							3.5380	3.4962	3.5702
172.88500000000000							3.5176	3.5158	3.5536
173.10666666666700							3.5173	3.5134	3.5508
173.32833333333300							3.5238	3.5108	3.5515
173.55166666666700							3.5287	3.5288	3.5519
173.77333333333300							3.5230	3.5131	3.5453
173.99500000000000							3.5140	3.5076	3.5520
174.21833333333300							3.5200	3.5209	3.5620
174.44000000000000							3.5378	3.5272	3.5313
174.66166666666700							3.5480	3.5428	3.5825
174.88500000000000							3.5408	3.5249	3.5675
175.10666666666700							3.5400	3.5243	3.5772
175.32833333333300							3.5371	3.5157	3.5726
175.55166666666700							3.5348	3.5305	3.5752
175.77333333333300							3.5329	3.5444	3.5736
175.99500000000000							3.5322	3.5512	3.5899
176.21833333333300							3.5629	3.5497	3.5775
176.44000000000000							3.5388	3.5576	3.5641
176.66166666666700							3.5528	3.5726	3.5804
176.88500000000000							3.5598	3.5687	3.5906
177.10666666666700							3.5731	3.5688	3.6005
177.32833333333300							3.5648	3.6154	3.5955
177.55166666666700							3.5460	3.6200	3.5927
177.77333333333300							3.5284	3.6395	3.5833
177.99500000000000							3.5471	3.6547	3.6107
178.21833333333300							3.5573	3.6664	3.6113
178.44000000000000							3.5433	3.6580	3.5888
178.66166666666700							3.5635	3.6546	3.5980
178.88500000000000							3.5625	3.7007	3.5750
179.10666666666700							3.5658	3.7038	3.5856
179.32833333333300							3.5772	3.7191	3.5949
179.55166666666700							3.5625	3.7040	3.6120
179.77333333333300							3.5592	3.6871	3.6064
179.99500000000000							3.5933	3.7274	3.6214
180.21833333333300							3.5784	3.7427	3.6010
180.44000000000000							3.5875	3.7412	3.6109
180.66166666666700							3.5684	3.7278	3.6194
180.88500000000000							3.5883	3.7402	3.6141
181.10666666666700							3.5900	3.7477	3.5935
181.32833333333300							3.5911	3.7417	3.6264
181.55166666666700							3.6070	3.7644	3.6156
181.77333333333300							3.6036	3.7661	3.5890
181.99500000000000							3.5674	3.7536	3.5907
182.21833333333300							3.5798	3.7613	3.6330
182.44000000000000							3.5666	3.7478	3.6022
182.66166666666700							3.5892	3.7766	3.6038
182.88500000000000							3.5796	3.7616	3.6094
183.10666666666700							3.5764	3.7690	3.6200
183.32833333333300							3.6012	3.7688	3.5928
183.55166666666700							3.5920	3.7815	3.5911
183.77333333333300							3.5989	3.7633	3.5951
183.99500000000000							3.5865	3.7683	3.5952
184.21833333333300							3.5854	3.7490	3.6011
184.44000000000000							3.6042	3.7903	3.6081
184.66166666666700							3.5798	3.7965	3.5982
184.88500000000000							3.5787	3.7801	3.6038
185.10666666666700							3.5879	3.7844	3.6159
185.32833333333300							3.5928	3.8023	3.6205
185.55166666666700							3.6048	3.7772	3.6013
185.77333333333300							3.5948	3.7922	3.6138
185.99500000000000							3.5715	3.7988	3.5902
186.21833333333300							3.5917	3.7771	3.6307
186.44000000000000							3.5876	3.7930	3.6116
186.66166666666700							3.6186	3.7800	3.6078
186.88500000000000							3.6060	3.8125	3.6261
187.10666666666700							3.5730	3.7913	3.5993
187.32833333333300							3.5834	3.8042	3.6229
187.55166666666700							3.6247	3.7900	3.6296
187.77333333333300							3.6033	3.8007	3.6000
187.99500000000000							3.6059	3.7797	3.6082
188.21833333333300							3.6041	3.7808	3.5942
188.44000000000000							3.6191	3.7895	3.6156
188.66166666666700							3.6123	3.7807	3.6288
188.88333333333300							3.6012	3.7720	3.6402
189.10666666666700							3.6072	3.7860	3.6156
189.32833333333300							3.6380	3.7941	3.6083
189.55000000000000							3.5987	3.7998	3.6281
189.77333333333300							3.6096	3.7868	3.6236
189.99500000000000							3.6270	3.7770	3.6306
190.21666666666700							3.6407	3.7942	3.6200
190.44000000000000							3.6226	3.8012	3.6250
190.66166666666700							3.6227	3.7833	3.6195
190.88333333333300							3.6463	3.7842	3.6144
191.10666666666700							3.6256	3.7881	3.6293
191.32833333333300							3.6204	3.7774	3.6216
191.55000000000000							3.6108	3.7696	3.5911
191.77333333333300							3.6265	3.7720	3.6194
191.99500000000000							3.6232	3.7963	3.6152
192.21666666666700							3.6380	3.7854	3.6054
192.44000000000000							3.6172	3.7611	3.6075
192.66166666666700							3.6369	3.7852	3.6014
192.88333333333300							3.6309	3.7758	3.6216
193.10666666666700							3.6250	3.7782	3.6303
193.32833333333300							3.6134	3.7748	3.6145
193.55000000000000							3.6151	3.7652	3.6107
193.77333333333300							3.6371	3.7702	3.6340
193.99500000000000							3.6339	3.7784	3.6270
194.21666666666700							3.6389	3.7867	3.6486
194.44000000000000							3.6360	3.7786	3.6500
194.66166666666700							3.6339	3.7892	3.6261
194.88333333333300							3.6454	3.7873	3.6546
195.10666666666700							3.6339	3.7872	3.6588
195.32833333333300							3.6414	3.7986	3.6590
195.55000000000000							3.6674	3.8106	3.6832
195.77333333333300							3.6591	3.7889	3.6443
195.99500000000000							3.6525	3.7916	3.6758
196.21666666666700							3.6448	3.8053	3.6764
196.44000000000000							3.6525	3.7915	3.6974
196.66166666666700							3.6228	3.7657	3.6457
196.88333333333300							3.6252	3.7772	3.6683
197.10666666666700							3.6205	3.7596	3.6760
197.32833333333300							3.6436	3.7791	3.6527
197.55000000000000							3.6300	3.7541	3.6522
197.77333333333300							3.6394	3.7742	3.6703
197.99500000000000							3.6346	3.7641	3.6873
198.21666666666700							3.6508	3.7856	3.6910
198.44000000000000							3.6636	3.7799	3.6778
198.66166666666700							3.6285	3.7738	3.6761
198.88333333333300							3.6598	3.7918	3.6720
199.10666666666700							3.6496	3.7746	3.6652
199.32833333333300							3.6324	3.7616	3.6793
199.55000000000000							3.6372	3.7823	3.6662
199.77333333333300							3.6285	3.7574	3.6655
199.99500000000000							3.6393	3.7749	3.6800
200.21666666666700							3.6595	3.7861	3.7028
200.44000000000000							3.6582	3.8023	3.6739
200.66166666666700							3.6626	3.7881	3.7246
200.88333333333300							3.6534	3.7663	3.6730
201.10666666666700							3.6423	3.7959	3.6689
201.32833333333300							3.6341	3.7580	3.6595
201.55000000000000							3.6404	3.7651	3.6749
201.77333333333300							3.6280	3.7729	3.6531
201.99500000000000							3.6353	3.7698	3.6636
202.21666666666700							3.6415	3.7700	3.6770
202.44000000000000							3.6434	3.7594	3.6669
202.66166666666700							3.6392	3.7745	3.6691
202.88333333333300							3.7766	3.9112	3.8268
203.10666666666700							3.8287	3.9824	3.8890
203.32833333333300							3.8718	3.9972	3.8895
203.55000000000000							3.8978	4.0546	3.9174
203.77333333333300							3.9363	4.0641	3.9526
203.99500000000000							3.9641	4.1198	3.9949
204.21666666666700							3.9621	4.0892	3.9698
204.44000000000000							3.9545	4.1367	4.0053
204.66166666666700							3.9996	4.1566	4.0204
204.88333333333300							3.9892	4.1418	4.0240
205.10666666666700							4.0051	4.1542	4.0304
205.32833333333300							4.0184	4.1655	4.0393
205.55000000000000							4.0145	4.1627	4.0510
205.77333333333300							3.9968	4.1305	4.0034
205.99500000000000							4.0172	4.1408	3.9985
206.21666666666700							3.9996	4.1793	4.0339
206.44000000000000							4.0250	4.1492	4.0184
206.66166666666700							3.9939	4.1386	4.0140
206.88333333333300							4.0359	4.1991	4.0417
207.10666666666700							4.0232	4.1638	4.0356
207.32833333333300							4.0361	4.1652	4.0295
207.55000000000000							4.0490	4.1744	4.0528
207.77333333333300							4.0476	4.1831	4.0568
207.99500000000000							4.0079	4.1618	4.0183
208.21666666666700							4.0388	4.1733	4.0288
208.44000000000000							4.0246	4.1667	4.0149
208.66166666666700							4.0292	4.1750	4.0316
208.88333333333300							4.0237	4.1594	4.0082
209.10666666666700							4.0188	4.1630	3.9949
209.32833333333300							4.0372	4.1593	4.0126
209.55000000000000							4.0395	4.1589	4.0195
209.77333333333300							4.0060	4.1529	4.0302
209.99500000000000							4.0133	4.1492	3.9982
210.21666666666700							4.0194	4.1579	4.0092
210.44000000000000							4.0163	4.1746	3.9959
210.66166666666700							4.0173	4.1564	3.9897
210.88333333333300							4.0281	4.1394	3.9971
211.10666666666700							4.0161	4.1534	4.0093
211.32833333333300							4.0298	4.1639	3.9852
211.55000000000000							4.0151	4.1503	3.9975
211.77166666666700							4.0162	4.1689	3.9822
211.99500000000000							4.0009	4.1469	3.9959
212.21666666666700							4.0058	4.1440	3.9895
212.43833333333300							4.0217	4.1642	3.9793
212.66166666666700							4.0335	4.1632	3.9976
212.88333333333300							4.0306	4.1508	3.9701
213.10500000000000							4.0394	4.1573	3.9903
213.32833333333300							4.0327	4.1686	4.0304
213.55000000000000							4.0286	4.1831	4.0072
213.77166666666700							4.0179	4.1572	3.9692
213.99500000000000							4.0285	4.1684	3.9774
214.21666666666700							4.0251	4.1644	3.9734
214.43833333333300							4.0348	4.1584	3.9700
214.66166666666700							4.0386	4.1561	4.0033
214.88333333333300							4.0321	4.1623	3.9818
215.10500000000000							4.0333	4.1553	4.0116
215.32833333333300							4.0380	4.1594	3.9954
215.55000000000000							4.0209	4.1326	3.9667
215.77166666666700							4.0179	4.1572	3.9800
215.99500000000000							3.9962	4.1325	3.9602
216.21666666666700							4.0262	4.1423	3.9552
216.43833333333300							4.0121	4.1324	3.9924
216.66166666666700							4.0176	4.1356	3.9743
216.88333333333300							4.0308	4.1278	3.9662
217.10500000000000							4.0174	4.1500	3.9718
217.32833333333300							4.0103	4.1244	3.9669
217.55000000000000							4.0041	4.1281	3.9524
217.77166666666700							4.0143	4.1506	3.9481
217.99500000000000							4.0215	4.1534	3.9314
218.21666666666700							4.0099	4.1411	3.9466
218.43833333333300							4.0274	4.1414	3.9503
218.66166666666700							3.9923	4.1534	3.9488
218.88333333333300							4.0274	4.1310	3.9570
219.10500000000000							4.0185	4.1311	3.9589
219.32833333333300							4.0109	4.1452	3.9414
219.55000000000000							3.9980	4.1294	3.9395
219.77166666666700							4.0272	4.1434	3.9380
219.99500000000000							4.0412	4.1401	3.9370
220.21666666666700							4.0172	4.1598	3.9634
220.43833333333300							4.0265	4.1441	3.9417
220.66166666666700							4.0250	4.1538	3.9332
220.88333333333300							4.0464	4.1442	3.9473
221.10500000000000							4.0250	4.1495	3.9264
221.32833333333300							4.0316	4.1299	3.9539
221.55000000000000							4.0231	4.1346	3.9274
221.77166666666700							4.0251	4.1335	3.9329
221.99500000000000							4.0270	4.1279	3.9405
222.21666666666700							4.0214	4.1226	3.9486
222.43833333333300							4.0283	4.1414	3.9301
222.66166666666700							4.0330	4.1341	3.9617
222.88333333333300							4.0176	4.1279	3.9290
223.10500000000000							4.0130	4.1236	3.9305
223.32833333333300							4.0130	4.1324	3.9489
223.55000000000000							4.0255	4.1426	3.9096
223.77166666666700							4.0394	4.1415	3.9143
223.99500000000000							4.0107	4.1504	3.9233
224.21666666666700							4.0197	4.1291	3.9305
224.43833333333300							4.0247	4.1024	3.9212
224.66166666666700							4.0232	4.1374	3.9200
224.88333333333300							4.0204	4.1114	3.9034
225.10500000000000							4.0025	4.0934	3.9227
225.32833333333300							4.0156	4.1262	3.9107
225.55000000000000							4.0394	4.1404	3.9056
225.77166666666700							4.0070	4.1302	3.9008
225.99500000000000							4.0110	4.1404	3.9116
226.21666666666700							4.0320	4.1216	3.9257
226.43833333333300							4.0141	4.1181	3.9204
226.66166666666700							4.0465	4.1330	3.9190
226.88333333333300							4.0232	4.1185	3.9091
227.10500000000000							4.0386	4.1176	3.9112
227.32833333333300							4.0243	4.1586	3.9150
227.55000000000000							4.0605	4.1610	3.9268
227.77166666666700							4.0626	4.1347	3.9196
227.99500000000000							4.0434	4.1469	3.9237
228.21666666666700							4.0352	4.1761	3.9197
228.43833333333300							4.0338	4.1606	3.9373
228.66166666666700							4.0391	4.1464	3.9154
228.88333333333300							4.0513	4.1178	3.9125
229.10500000000000							4.0596	4.1620	3.9226
229.32833333333300							4.0366	4.1594	3.9047
229.55000000000000							4.0472	4.1675	3.9242
229.77166666666700							4.0474	4.1569	3.9191
229.99500000000000							4.0472	4.1758	3.9232
230.21666666666700							4.0349	4.1474	3.9288
230.43833333333300							4.0578	4.1736	3.9414
230.66166666666700							4.0496	4.1563	3.9309
230.88333333333300							4.0659	4.1607	3.9333
231.10500000000000							4.0765	4.1883	3.9512
231.32833333333300							4.0493	4.1805	3.9196
231.55000000000000							4.0490	4.1839	3.9203
231.77166666666700							4.0646	4.1653	3.9068
231.99500000000000							4.0554	4.1552	3.9476
232.21666666666700									
232.43833333333300									
232.66166666666700							4.2144	4.1144	3.9359
232.88333333333300							4.1855	4.1189	3.8804
233.10500000000000							4.1545	4.0710	3.8939
233.32666666666700							4.1682	4.0968	3.9067
233.55000000000000							4.1515	4.0992	3.8705
233.77166666666700							4.1266	4.0881	3.8606
233.99333333333300							4.1406	4.0983	3.8648
234.21666666666700							4.1245	4.0622	3.8692
234.43833333333300							4.1135	4.0718	3.8628
234.66000000000000							4.1068	4.0743	3.8664
234.88333333333300							4.1310	4.0614	3.8391
235.10500000000000							4.1332	4.0808	3.8686
235.32666666666700							4.1070	4.0446	3.8338
235.55000000000000							4.0764	4.0612	3.8530
235.77166666666700							4.1041	4.0540	3.8220
235.99333333333300							4.0906	4.0302	3.8317
236.21666666666700							4.1091	4.0547	3.8266
236.43833333333300							4.1148	4.0552	3.8049
236.66000000000000							4.1033	4.0407	3.8258
236.88333333333300							4.0960	4.0489	3.8227
237.10500000000000							4.0884	4.0382	3.8063
237.32666666666700							4.0890	4.0356	3.7993
237.55000000000000							4.0778	4.0370	3.8036
237.77166666666700							4.0694	4.0038	3.7969
237.99333333333300							4.0754	4.0171	3.7967
238.21666666666700							4.0611	4.0212	3.7953
238.43833333333300							4.0679	4.0219	3.7880
238.66000000000000							4.0955	4.0207	3.8116
238.88333333333300							4.1412	4.0656	3.8471
239.10500000000000							4.0830	4.0257	3.8061
239.32666666666700							4.0801	4.0416	3.7972
239.55000000000000							4.1022	4.0310	3.8326
239.77166666666700							4.0774	4.0124	3.8166
239.99333333333300							4.0840	4.0216	3.7947
240.21666666666700							4.1056	4.0510	3.7985
240.43833333333300							4.0982	3.9990	3.7915
240.66000000000000							4.1058	4.0312	3.8272
240.88333333333300							4.0811	4.0276	3.7943
241.10500000000000							4.0736	4.0334	3.8095
241.32666666666700							4.0936	4.0286	3.8181
241.55000000000000							4.1021	4.0517	3.8294
241.77166666666700							4.0981	4.0684	3.8260
241.99333333333300							4.1170	4.0430	3.8181
242.21666666666700							4.1132	4.0327	3.8114
242.43833333333300							4.0720	4.0224	3.8109
242.66000000000000							4.0770	4.0224	3.7990
242.88333333333300							4.0979	4.0446	3.8184
243.10500000000000							4.1203	4.0730	3.8197
243.32666666666700							4.0800	4.0306	3.7931
243.55000000000000							4.1012	4.0492	3.7876
243.77166666666700							4.0738	4.0279	3.7802
243.99333333333300							4.0637	4.0274	3.7720
244.21666666666700							4.0696	4.0180	3.7900
244.43833333333300							4.0866	4.0130	3.7878
244.66000000000000							4.0711	4.0572	3.7919
244.88333333333300							4.0803	4.0586	3.7972
245.10500000000000							4.1113	4.0580	3.8108
245.32666666666700							4.0958	4.0357	3.7778
245.55000000000000							4.1275	4.0714	3.8050
245.77166666666700							4.0912	4.0678	3.8045
245.99333333333300							4.0607	4.0319	3.7624
246.21666666666700							4.0904	4.0066	3.7692
246.43833333333300							4.0784	4.0333	3.7677
246.66000000000000							4.0915	4.0252	3.8165
246.88333333333300							4.1117	4.0308	3.8089
247.10500000000000							4.1013	4.0498	3.7982
247.32666666666700							4.1300	4.0784	3.8098
247.55000000000000							4.0999	4.0385	3.7961
247.77166666666700							4.0949	4.0252	3.8006
247.99333333333300							4.1129	4.0397	3.7872
248.21666666666700							4.0952	4.0349	3.7744
248.43833333333300							4.0932	4.0371	3.8064
248.66000000000000							4.0786	4.0586	3.7843
248.88333333333300							4.1170	4.0541	3.8083
249.10500000000000							4.1438	4.0238	3.7926
249.32666666666700							4.0996	4.0378	3.7944
249.55000000000000							4.1274	4.0493	3.7639
249.77166666666700							4.1043	4.0448	3.7940
249.99333333333300							4.0791	4.0490	3.7700
250.21666666666700							4.1033	4.0431	3.7841
250.43833333333300							4.1017	4.0471	3.7988
250.66000000000000							4.0854	4.0412	3.8162
250.88333333333300							4.1254	4.0801	3.7954
251.10500000000000							4.1104	4.0572	3.7877
251.32666666666700							4.1342	4.0748	3.8049
251.55000000000000							4.1538	4.0630	3.8326
251.77166666666700							4.1200	4.0878	3.8289
251.99333333333300							4.1251	4.0881	3.8149
252.21666666666700							4.1222	4.0975	3.7973
252.43833333333300							4.1406	4.0524	3.8178
252.66000000000000							4.1261	4.0521	3.8106
252.88333333333300							4.1370	4.0574	3.7884
253.10500000000000							4.1140	4.0464	3.7867
253.32666666666700							4.1256	4.0469	3.8066
253.55000000000000							4.1036	4.0540	3.8080
253.77166666666700							4.1189	4.0633	3.7981
253.99333333333300							4.1128	4.0566	3.7905
254.21666666666700							4.1131	4.0652	3.7874
254.43833333333300							4.1189	4.0521	3.7921
254.66000000000000							4.1060	4.0726	3.7968
254.88333333333300							4.1094	4.0618	3.7833
255.10500000000000							4.0937	4.0163	3.7446
255.32666666666700							4.0825	4.0312	3.7622
255.55000000000000							4.0799	4.0672	3.7682
255.77166666666700							4.0961	4.0446	3.7615
255.99333333333300							4.1162	4.0536	3.7690
256.21500000000000							4.0864	4.0358	3.7564
256.43833333333300							4.0954	4.0316	3.7687
256.66000000000000							4.0936	4.0118	3.7361
256.88166666666700							4.0816	4.0109	3.7432
257.10500000000000							4.0824	4.0343	3.7553
257.32666666666700							4.0935	4.0289	3.7628
257.54833333333300							4.0767	4.0344	3.7450
257.77166666666700							4.0951	4.0280	3.7389
257.99333333333300							4.0800	4.0188	3.7491
258.21500000000000							4.1077	4.0287	3.7676
258.43833333333300							4.1154	4.0439	3.7803
258.66000000000000							4.1304	4.0530	3.7578
258.88166666666700							4.1164	4.0444	3.7676
259.10500000000000							4.1346	4.0601	3.7718
259.32666666666700							4.1343	4.0714	3.7865
259.54833333333300							4.0953	4.0545	3.7690
259.77166666666700							4.0999	4.0278	3.7632
259.99333333333300							4.0856	4.0488	3.7676
260.21500000000000							4.0958	4.0362	3.7748
260.43833333333300							4.1114	4.0528	3.7708
260.66000000000000							4.1409	4.0198	3.7760
260.88166666666700							4.1269	4.0314	3.7577
261.10500000000000							4.1069	4.0461	3.7477
261.32666666666700							4.1232	4.0758	3.7666
261.54833333333300							4.1035	4.0136	3.7472
261.77166666666700							4.0856	4.0384	3.7512
261.99333333333300							4.0982	4.0061	3.7467
262.21500000000000							4.0775	4.0159	3.7135
262.43833333333300							4.0672	4.0156	3.7414
262.66000000000000							4.0820	3.9985	3.7159
262.88166666666700							4.0695	4.0202	3.7410
263.10500000000000							4.0863	3.9957	3.7158
263.32666666666700							4.0892	4.0285	3.7308
263.54833333333300							4.1004	4.0152	3.7234
263.77166666666700							4.0876	4.0132	3.7436
263.99333333333300							4.0939	4.0421	3.7385
264.21500000000000							4.0987	4.0148	3.7562
264.43833333333300							4.0929	4.0336	3.7536
264.66000000000000							4.0831	4.0081	3.7110
264.88166666666700							4.0767	4.0039	3.7248
265.10500000000000							4.0810	4.0126	3.7244
265.32666666666700							4.0776	4.0234	3.7165
265.54833333333300							4.0758	3.9989	3.7182
265.77166666666700							4.0822	4.0170	3.7187
265.99333333333300							4.0951	4.0062	3.7088
266.21500000000000							4.0994	4.0158	3.7281
266.43833333333300							4.0901	4.0198	3.7179
266.66000000000000							4.0964	4.0288	3.7096
266.88166666666700							4.0897	4.0224	3.7219
267.10500000000000							4.0779	4.0010	3.7185
267.32666666666700							4.0958	4.0284	3.7401
267.54833333333300							4.1127	4.0375	3.7461
267.77166666666700							4.1114	4.0582	3.7522
267.99333333333300							4.1083	4.0536	3.7408
268.21500000000000							4.0801	4.0099	3.7147
268.43833333333300							4.0690	4.0083	3.7230
268.66000000000000							4.0894	4.0068	3.7248
268.88166666666700							4.0977	4.0284	3.7181
269.10500000000000							4.0778	4.0117	3.7304
269.32666666666700							4.0857	4.0041	3.7036
269.54833333333300							4.0739	4.0125	3.7149
269.77166666666700							4.0832	4.0125	3.6996
269.99333333333300							4.0853	4.0289	3.7228
270.21500000000000							4.0956	4.0216	3.7140
270.43833333333300							4.1054	4.0134	3.7343
270.66000000000000							4.1135	4.0456	3.7177
270.88166666666700							4.0869	4.0214	3.7299
271.10500000000000							4.0967	4.0231	3.7056
271.32666666666700							4.0950	4.0063	3.7274
271.54833333333300							4.1100	4.0156	3.7207
271.77166666666700							4.1312	4.0344	3.7088
271.99333333333300							4.1324	4.0255	3.7276
272.21500000000000							4.0959	4.0115	3.7189
272.43833333333300							4.0828	4.0179	3.7018
272.66000000000000							4.0898	4.0157	3.7194
272.88166666666700							4.0759	4.0163	3.6985
273.10500000000000							4.1052	4.0340	3.7394
273.32666666666700							4.0809	4.0192	3.7217
273.54833333333300							4.1163	4.0244	3.7382
273.77166666666700							4.0828	4.0132	3.7055
273.99333333333300							4.0973	4.0347	3.7131
274.21500000000000							4.0861	4.0278	3.7027
274.43833333333300							4.0847	4.0118	3.7056
274.66000000000000							4.0796	4.0100	3.7048
274.88166666666700							4.0858	4.0076	3.7065
275.10500000000000							4.0821	4.0120	3.6992
275.32666666666700							4.0890	4.0123	3.7049
275.54833333333300							4.0768	4.0291	3.7184
275.77166666666700							4.0902	4.0250	3.7166
275.99333333333300							4.0808	3.9807	3.6910
276.21500000000000							4.0878	4.0009	3.6898
276.43833333333300							4.0913	4.0206	3.7280
276.66000000000000							4.0790	3.9885	3.6715
276.88166666666700							4.0766	3.9956	3.6921
277.10500000000000							4.0817	4.0068	3.7038
277.32666666666700							4.0596	3.9930	3.6939
277.54833333333300							4.0763	3.9865	3.6778
277.77000000000000							4.0834	4.0341	3.7078
277.99333333333300							4.0734	4.0180	3.6869
278.21500000000000							4.0787	4.0073	3.6849
278.43666666666700							4.0825	3.9967	3.6947
278.66000000000000							4.0872	4.0226	3.6871
278.88166666666700							4.0830	3.9860	3.6702
279.10333333333300							4.0967	4.0182	3.7030
279.32666666666700							4.0904	4.0057	3.6878
279.54833333333300							4.0732	4.0079	3.6677
279.77000000000000							4.0922	4.0312	3.6910
279.99333333333300							4.0959	3.9989	3.6853
280.21500000000000							4.0981	3.9748	3.6978
280.43666666666700							4.0720	3.9990	3.6693
280.66000000000000							4.0842	3.9946	3.6991
280.88166666666700							4.0840	4.0069	3.6886
281.10333333333300							4.1042	4.0016	3.6813
281.32666666666700							4.1026	4.0017	3.6765
281.54833333333300							4.0987	4.0007	3.6790
281.77000000000000							4.0701	3.9920	3.6772
281.99333333333300							4.0779	3.9834	3.6593
282.21500000000000							4.0853	4.0313	3.6654
282.43666666666700							4.0852	3.9992	3.6736
282.66000000000000							4.1009	3.9897	3.6710
282.88166666666700							4.0661	4.0078	3.6544
283.10333333333300							4.0649	4.0042	3.6869
283.32666666666700							4.0873	3.9876	3.6677
283.54833333333300							4.0689	4.0142	3.6565
283.77000000000000							4.0920	3.9856	3.6870
283.99333333333300							4.0678	4.0006	3.6727
284.21500000000000							4.0803	4.0018	3.6805
284.43666666666700							4.0588	4.0194	3.6907
284.66000000000000							4.0818	3.9950	3.6753
284.88166666666700							4.0688	4.0091	3.6758
285.10333333333300							4.1014	3.9850	3.6556
285.32666666666700							4.0624	3.9795	3.6532
285.54833333333300							4.0888	4.0073	3.6626
285.77000000000000							4.0666	3.9903	3.6645
285.99333333333300							4.0744	3.9925	3.6514
286.21500000000000							4.0714	3.9951	3.6693
286.43666666666700							4.0566	3.9918	3.6535
286.66000000000000							4.0780	3.9772	3.6401
286.88166666666700							4.0816	3.9850	3.6514
287.10333333333300							4.0766	4.0082	3.6462
287.32666666666700							4.0612	3.9945	3.6481
287.54833333333300							4.0810	4.0163	3.6756
287.77000000000000							4.0773	4.0055	3.6728
287.99333333333300							4.1042	4.0199	3.6688
288.21500000000000							4.0772	3.9943	3.6530
288.43666666666700							4.0776	3.9925	3.6422
288.66000000000000							4.0481	3.9900	3.6622
288.88166666666700							4.0548	4.0030	3.6588
289.10333333333300							4.0886	3.9960	3.6617
289.32666666666700							4.0831	3.9839	3.6508
289.54833333333300							4.0746	3.9938	3.6562
289.77000000000000							4.0681	4.0048	3.6467
289.99333333333300							4.0861	3.9986	3.6450
290.21500000000000							4.0542	3.9788	3.6314
290.43666666666700							4.0901	3.9820	3.6283
290.66000000000000							4.0876	3.9998	3.6430
290.88166666666700							4.0508	3.9932	3.6450
291.10333333333300							4.0736	3.9927	3.6472
291.32666666666700							4.0554	3.9707	3.6305
291.54833333333300							4.0532	3.9688	3.6436
291.77000000000000							4.0692	3.9962	3.6183
291.99333333333300							4.0640	3.9883	3.6460
292.21500000000000							4.0469	3.9834	3.6394
292.43666666666700							4.0776	3.9862	3.6241
292.66000000000000							4.0596	3.9887	3.6234
292.88166666666700							4.0813	3.9938	3.6580
293.10333333333300							4.0540	3.9603	3.6342
293.32666666666700							4.0663	4.0036	3.6228
293.54833333333300							4.0545	3.9971	3.6364
293.77000000000000							4.0822	3.9879	3.6532
293.99333333333300							4.0723	3.9792	3.6326
294.21500000000000							4.0572	3.9944	3.6423
294.43666666666700							4.0655	4.0023	3.6338
294.66000000000000							4.0620	3.9971	3.6115
294.88166666666700							4.0832	4.0007	3.6393
295.10333333333300							4.0766	4.0119	3.6324
295.32666666666700							4.0895	4.0130	3.6338
295.54833333333300							4.0809	4.0163	3.6377
295.77000000000000							4.0961	4.0010	3.6629
295.99333333333300							4.0905	4.0081	3.6054
296.21500000000000							4.1070	4.0306	3.6114
296.43666666666700							4.1002	4.0056	3.6348
296.66000000000000							4.0814	3.9966	3.6376
296.88166666666700							4.0918	4.0072	3.6392
297.10333333333300							4.0954	4.0065	3.6475
297.32666666666700							4.0928	4.0006	3.6184
297.54833333333300							4.0929	4.0124	3.6316
297.77000000000000							4.0758	3.9961	3.6252
297.99333333333300							4.1012	4.0138	3.6363
298.21500000000000							4.0756	3.9938	3.6430
298.43666666666700							4.0782	4.0000	3.6301
298.66000000000000							4.0736	3.9931	3.6270
298.88166666666700							4.0792	4.0027	3.6366
299.10333333333300							4.0590	3.9820	3.6044
299.32666666666700							4.0676	3.9922	3.6173
299.54833333333300							4.0805	4.0051	3.6204
299.77000000000000							4.0963	4.0026	3.6194
299.99166666666700							4.0724	4.0098	3.6241
300.21500000000000							4.0780	4.0343	3.6321
300.43666666666700							4.0745	4.0240	3.6163
300.65833333333300							4.0740	4.0207	3.6244
300.88166666666700							4.0647	4.0082	3.6224
301.10333333333300							4.0836	4.0244	3.6142
301.32500000000000							4.0906	4.0062	3.6157
301.54833333333300							4.0748	4.0051	3.6128
301.77000000000000							4.0602	4.0167	3.6121
301.99166666666700							4.0918	4.0040	3.6278
302.21500000000000							4.0670	4.0275	3.6231
302.43666666666700							4.0584	4.0404	3.6317
302.65833333333300							4.0642	4.0338	3.6329
302.88166666666700							4.0967	4.0540	3.6136
303.10333333333300							4.0816	4.0384	3.6185
303.32500000000000							4.0936	3.9969	3.6192
303.54833333333300							4.0876	4.0324	3.6256
303.77000000000000							4.0791	4.0208	3.6210
303.99166666666700							4.0657	3.9939	3.6316
304.21500000000000							4.0692	4.0106	3.6187
304.43666666666700							4.0996	4.0194	3.6181
304.65833333333300							4.0818	4.0129	3.6212
304.88166666666700							4.0729	4.0130	3.6301
305.10333333333300							4.1028	4.0334	3.6220
305.32500000000000							4.1060	4.0234	3.6398
305.54833333333300							4.0991	4.0312	3.6240
305.77000000000000							4.0926	4.0121	3.6097
305.99166666666700							4.1188	4.0105	3.6173
306.21500000000000							4.0969	3.9994	3.6355
306.43666666666700							4.1051	4.0346	3.6122
306.65833333333300							4.1154	4.0230	3.6258
306.88166666666700							4.1066	4.0248	3.6021
307.10333333333300							4.0982	4.0012	3.6093
307.32500000000000							4.1095	4.0033	3.6008
307.54833333333300							4.0977	4.0275	3.6050
307.77000000000000							4.0852	4.0054	3.5921
307.99166666666700							4.0962	3.9933	3.6021
308.21500000000000							4.0854	4.0198	3.5953
308.43666666666700							4.0934	4.0082	3.6031
308.65833333333300							4.1030	4.0039	3.5907
308.88166666666700							4.1188	4.0156	3.6105
309.10333333333300							4.1081	4.0085	3.6082
309.32500000000000							4.1157	4.0145	3.5961
309.54833333333300							4.1012	4.0161	3.5971
309.77000000000000							4.1088	4.0040	3.6012
309.99166666666700							4.1132	4.0090	3.6112
310.21500000000000							4.0764	3.9936	3.6016
310.43666666666700							4.0814	4.0042	3.5958
310.65833333333300							4.0951	3.9938	3.6034
310.88166666666700							4.0786	3.9781	3.5948
311.10333333333300							4.0655	4.0060	3.6044
311.32500000000000							4.0876	3.9912	3.5955
311.54833333333300							4.0847	3.9900	3.5811
311.77000000000000							4.0833	3.9895	3.5939
311.99166666666700							4.1145	4.0180	3.6207
312.21500000000000							4.0968	4.0040	3.6065
312.43666666666700							4.0946	3.9945	3.5968
312.65833333333300							4.0996	3.9857	3.5953
312.88166666666700							4.0960	4.0084	3.5948
313.10333333333300							4.0906	3.9812	3.5785
313.32500000000000							4.0915	4.0176	3.5798
313.54833333333300							4.0751	4.0181	3.5744
313.77000000000000							4.1059	4.0214	3.6086
313.99166666666700							4.1245	4.0124	3.6002
314.21500000000000							4.0922	4.0167	3.5856
314.43666666666700							4.1134	4.0072	3.6091
314.65833333333300							4.1008	4.0203	3.6072
314.88166666666700							4.0967	3.9962	3.5924
315.10333333333300							4.0987	4.0231	3.5914
315.32500000000000							4.1012	4.0064	3.5971
315.54833333333300							4.0798	4.0164	3.6024
315.77000000000000							4.1262	3.9828	3.5910
315.99166666666700							4.1162	4.0107	3.6273
316.21500000000000							4.1015	4.0289	3.6166
316.43666666666700							4.1047	3.9856	3.5947
316.65833333333300							4.1029	3.9872	3.6011
316.88166666666700							4.0845	3.9978	3.6055
317.10333333333300							4.1004	4.0003	3.5987
317.32500000000000							4.1178	4.0258	3.5824
317.54833333333300							4.1231	4.0090	3.5872
317.77000000000000							4.1214	4.0205	3.6056
317.99166666666700							4.1091	3.9998	3.5859
318.21500000000000							4.1250	4.0006	3.5952
318.43666666666700							4.1026	3.9962	3.5754
318.65833333333300							4.0966	3.9654	3.5711
318.88166666666700							4.1275	4.0127	3.5852
319.10333333333300							4.1091	3.9921	3.5897
319.32500000000000							4.1267	3.9832	3.6018
319.54833333333300							4.1292	3.9992	3.5744
319.77000000000000							4.1466	3.9896	3.5954
319.99166666666700							4.1228	3.9746	3.5787
320.21500000000000							4.1394	4.0039	3.5994
320.43666666666700							4.1371	3.9928	3.5839
320.65833333333300							4.1187	4.0028	3.5828
320.88166666666700							4.1101	3.9905	3.5824
321.10333333333300							4.1496	3.9992	3.5865
321.32500000000000							4.1378	4.0132	3.5780
321.54833333333300							4.1184	3.9946	3.5862
321.77000000000000							4.0978	3.9892	3.5831
321.99166666666700							4.1030	3.9953	3.5530
322.21333333333300							4.1446	4.0168	3.5731
322.43666666666700							4.1322	4.0160	3.5784
322.65833333333300							4.1256	3.9958	3.5874
322.88000000000000							4.1167	4.0373	3.5770
323.10333333333300							4.1359	4.0060	3.5866
323.32500000000000							4.1262	4.0106	3.5700
323.54666666666700							4.1201	4.0098	3.5902
323.77000000000000							4.1380	3.9970	3.5968
323.99166666666700							4.1136	3.9872	3.5698
324.21333333333300							4.1216	3.9983	3.5729
324.43666666666700							4.1365	4.0030	3.5706
324.65833333333300							4.1076	3.9920	3.5766
324.88000000000000							4.1154	4.0114	3.5632
325.10333333333300							4.1356	4.0069	3.5900
325.32500000000000							4.1249	3.9915	3.5948
325.54666666666700							4.1454	4.0022	3.5766
325.77000000000000							4.1261	4.0041	3.5887
325.99166666666700							4.1295	4.0211	3.5830
326.21333333333300							4.1330	4.0207	3.5782
326.43666666666700							4.1210	4.0186	3.5632
326.65833333333300							4.1582	4.0137	3.5944
326.88000000000000							4.1311	4.0235	3.6012
327.10333333333300							4.1311	4.0176	3.5703
327.32500000000000							4.1298	4.0137	3.5652
327.54666666666700							4.1253	4.0315	3.5658
327.77000000000000							4.1274	4.0065	3.5609
327.99166666666700							4.1580	4.0098	3.5642