"q (Å^-1)"	"Intensity (cm^-1) AB 20-34 5 mM"	"Intensity (cm^-1) Monomer random coil model"	"Intensity (cm^-1) low q slope"
2.879079000	0.03256587000000	0.00001979586578	
2.871836000	0.01067379000000	0.00001989572384	
2.864593000	0.00995673000000	0.00001999633909	
2.857351000	0.00353596000000	0.00002009770514	
2.850108000	-0.00875602000000	0.00002019985775	
2.842866000	0.00387610000000	0.00002030277660	
2.835623000	0.00054106000000	0.00002040649805	
2.828380000	-0.00042824000000	0.00002051101604	
2.821138000	0.00193106000000	0.00002061632412	
2.813895000	0.00450239000000	0.00002072245967	
2.806653000	-0.00186961000000	0.00002082940176	
2.799410000	0.00202347000000	0.00002093718842	
2.792167000	-0.00033028000000	0.00002104581353	
2.784925000	0.00130743000000	0.00002115527065	
2.777682000	0.00130230000000	0.00002126559882	
2.770440000	-0.00212636000000	0.00002137677653	
2.763197000	0.00386363000000	0.00002148884353	
2.755954000	0.00112623000000	0.00002160179372	
2.748712000	0.00109834000000	0.00002171562061	
2.741469000	0.00341175000000	0.00002183036506	
2.734227000	0.00293897000000	0.00002194600494	
2.726984000	-0.00013417000000	0.00002206258186	
2.719741000	0.00650664000000	0.00002218008970	
2.712499000	0.00205396000000	0.00002229852199	
2.705256000	0.00509880000000	0.00002241792150	
2.698014000	-0.00002961000000	0.00002253826546	
2.690771000	0.00305426000000	0.00002265959744	
2.683528000	0.00595405000000	0.00002278191137	
2.676286000	0.00241267000000	0.00002290520077	
2.669043000	-0.00032152000000	0.00002302951045	
2.661801000	0.00203262000000	0.00002315481700	
2.654558000	0.00379940000000	0.00002328116608	
2.647315000	0.00330073000000	0.00002340855166	
2.640073000	0.00089775000000	0.00002353696731	
2.632830000	0.00465407000000	0.00002366646000	
2.625588000	-0.00025081000000	0.00002379700565	
2.618345000	0.00275374000000	0.00002392865216	
2.611102000	0.00279921000000	0.00002406139357	
2.603860000	0.00272091000000	0.00002419522349	
2.596617000	0.00158468000000	0.00002433019122	
2.589375000	0.00346034000000	0.00002446627201	
2.582132000	0.00387663000000	0.00002460351611	
2.574889000	0.00384525000000	0.00002474191768	
2.567647000	0.00467559000000	0.00002488147041	
2.560404000	0.00307987000000	0.00002502222608	
2.553162000	0.00353057000000	0.00002516415922	
2.545919000	0.00304602000000	0.00002530732265	
2.538676000	0.00429045000000	0.00002545171064	
2.531434000	0.00232743000000	0.00002559731700	
2.524191000	0.00422278000000	0.00002574419615	
2.516949000	0.00259774000000	0.00002589232192	
2.509706000	0.00145487000000	0.00002604174982	
2.502463000	0.00240135000000	0.00002619247433	
2.495221000	0.00314715000000	0.00002634448938	
2.487978000	0.00202380000000	0.00002649785221	
2.480736000	0.00241663000000	0.00002665253596	
2.473493000	0.00336384000000	0.00002680859903	
2.466250000	0.00457777000000	0.00002696603609	
2.459008000	0.00271357000000	0.00002712484129	
2.451765000	0.00626510000000	0.00002728507489	
2.444523000	0.00391920000000	0.00002744670929	
2.437280000	0.00273310000000	0.00002760980601	
2.430037000	0.00410050000000	0.00002777435998	
2.422795000	0.00434100000000	0.00002794036559	
2.415552000	0.00362770000000	0.00002810788633	
2.408310000	0.00430660000000	0.00002827689387	
2.401067000	0.00401520000000	0.00002844745308	
2.393824000	0.00390480000000	0.00002861955920	
2.386582000	0.00490950000000	0.00002879320690	
2.379339000	0.00380940000000	0.00002896846316	
2.372097000	0.00359950000000	0.00002914529892	
2.364854000	0.00456050000000	0.00002932378263	
2.357611000	0.00343120000000	0.00002950390991	
2.350369000	0.00362400000000	0.00002968567577	
2.343126000	0.00406280000000	0.00002986915094	
2.335883000	0.00638530000000	0.00003005433131	
2.328641000	0.00475120000000	0.00003024121213	
2.321398000	0.00543080000000	0.00003042986652	
2.314156000	0.00579410000000	0.00003062026423	
2.306913000	0.00327110000000	0.00003081248003	
2.299670000	0.00650330000000	0.00003100651029	
2.292428000	0.00378420000000	0.00003120235073	
2.285185000	0.00419010000000	0.00003140007870	
2.277943000	0.00376950000000	0.00003159966321	
2.270700000	0.00558570000000	0.00003180118339	
2.263457000	0.00407300000000	0.00003200463618	
2.256215000	0.00431700000000	0.00003221001786	
2.248972000	0.00566640000000	0.00003241741033	
2.241730000	0.00491820000000	0.00003262678189	
2.234487000	0.00539530000000	0.00003283821635	
2.227244000	0.00491060000000	0.00003305171134	
2.220002000	0.00506070000000	0.00003326726382	
2.212759000	0.00721410000000	0.00003348496057	
2.205517000	0.00412420000000	0.00003370476921	
2.198274000	0.00657760000000	0.00003392677863	
2.191031000	0.00584370000000	0.00003415098727	
2.183789000	0.00550810000000	0.00003437739283	
2.176546000	0.00505180000000	0.00003460608744	
2.169304000	0.00656520000000	0.00003483703805	
2.162061000	0.00444310000000	0.00003507033902	
2.154818000	0.00511810000000	0.00003530598975	
2.147576000	0.00629800000000	0.00003554398885	
2.140333000	0.00521300000000	0.00003578443420	
2.133091000	0.00442090000000	0.00003602729212	
2.125848000	0.00526880000000	0.00003627266295	
2.118605000	0.00499610000000	0.00003652054716	
2.111363000	0.00563910000000	0.00003677094442	
2.104120000	0.00587130000000	0.00003702395888	
2.096878000	0.00587170000000	0.00003727955627	
2.089635000	0.00533750000000	0.00003753784342	
2.082392000	0.00514130000000	0.00003779882206	
2.075150000	0.00532450000000	0.00003806249309	
2.067907000	0.00481180000000	0.00003832896747	
2.060665000	0.00485480000000	0.00003859821042	
2.053422000	0.00471900000000	0.00003887033582	
2.046179000	0.00515270000000	0.00003914534685	
2.038937000	0.00452700000000	0.00003942324587	
2.031694000	0.00519470000000	0.00003970415126	
2.024452000	0.00397460000000	0.00003998802780	
2.017209000	0.00351940000000	0.00004027499703	
2.009966000	0.00398420000000	0.00004056506388	
2.002724000	0.00380890000000	0.00004085823235	
1.995481000	0.00417660000000	0.00004115462891	
1.988239000	0.00287690000000	0.00004145421804	
1.980996000	0.00239090000000	0.00004175712966	
1.973753000	0.00253930000000	0.00004206337067	
1.966511000	0.00323780000000	0.00004237294702	
1.959268000	0.00115030000000	0.00004268599402	
1.952026000	0.00258730000000	0.00004300247597	
1.944783000	0.00192010000000	0.00004332253195	
1.937540000	0.00193980000000	0.00004364617117	
1.930298000	-0.00000230000000	0.00004397340182	
1.923055000	0.00113540000000	0.00004430436891	
1.915813000	0.00030320000000	0.00004463903672	
1.908570000	0.00077810000000	0.00004497755438	
1.901327000	0.00005870000000	0.00004531993376	
1.894085000	-0.00055320000000	0.00004566618566	
1.886842000	-0.00056090000000	0.00004601646574	
1.879600000	0.00024540000000	0.00004637073844	
1.872357000	-0.00030670000000	0.00004672916396	
1.865114000	-0.00222810000000	0.00004709175722	
1.857872000	-0.00136820000000	0.00004745853208	
1.850629000	-0.00120640000000	0.00004782965591	
1.843387000	-0.00140780000000	0.00004820509355	
1.836144000	-0.00249350000000	0.00004858501736	
1.828901000	-0.00316230000000	0.00004896944584	
1.821659000	-0.00288450000000	0.00004935839639	
1.814416000	-0.00268980000000	0.00004975204926	
1.807174000	-0.00218820000000	0.00005015037002	
1.799931000	-0.00341980000000	0.00005055354444	
1.792688000	-0.00343400000000	0.00005096159517	
1.785446000	-0.00413730000000	0.00005137454371	
1.778203000	-0.00543600000000	0.00005179258456	
1.770960000	-0.00425340000000	0.00005221574314	
1.763718000	-0.00346010000000	0.00005264404374	
1.756475000	-0.00450990000000	0.00005307769015	
1.749233000	-0.00415190000000	0.00005351664984	
1.741990000	-0.00438420000000	0.00005396113313	
1.734747000	-0.00456640000000	0.00005441117068	
1.727505000	-0.00621020000000	0.00005486679201	
1.720262000	-0.00564370000000	0.00005532821771	
1.713020000	-0.00514510000000	0.00005579541708	
1.705777000	-0.00651800000000	0.00005626861796	
1.698534000	-0.00626400000000	0.00005674785712	
1.691292000	-0.00455270000000	0.00005723317019	
1.684049000	-0.00584030000000	0.00005772479642	
1.676807000	-0.00503820000000	0.00005822270755	
1.669564000	-0.00542520000000	0.00005872715090	
1.662321000	-0.00485220000000	0.00005923817039	
1.655079000	-0.00497070000000	0.00005975580872	
1.647836000	-0.00499800000000	0.00006028032601	
1.640594000	-0.00570380000000	0.00006081169712	
1.633351000	-0.00616980000000	0.00006135019116	
1.626108000	-0.00597770000000	0.00006189586032	
1.618866000	-0.00622780000000	0.00006244875563	
1.611623000	-0.00564490000000	0.00006300916049	
1.604381000	-0.00530310000000	0.00006357705377	
1.597138000	-0.00633380000000	0.00006415272897	
1.589895000	-0.00522430000000	0.00006473624797	
1.582653000	-0.00635235000000	0.00006532767149	
1.575410000	-0.00459189000000	0.00006592730908	
1.568168000	-0.00438014000000	0.00006653514467	
1.560925000	-0.00473934000000	0.00006715149914	
1.553682000	-0.00554641000000	0.00006777644571	
1.546440000	-0.00487953000000	0.00006841005646	
1.539197000	-0.00496335000000	0.00006905267034	
1.531955000	-0.00492069000000	0.00006970427765	
1.524712000	-0.00424425000000	0.00007036523010	
1.517469000	-0.00573264000000	0.00007103561417	
1.510227000	-0.00451945000000	0.00007171551535	
1.502984000	-0.00354140000000	0.00007240530572	
1.495742000	-0.00337796000000	0.00007310498352	
1.488499000	-0.00470925000000	0.00007381493529	
1.481256000	-0.00420144000000	0.00007453526315	
1.474014000	-0.00446900000000	0.00007526606829	
1.466771000	-0.00421021000000	0.00007600776036	
1.459529000	-0.00490498000000	0.00007676034743	
1.452286000	-0.00397382000000	0.00007752425555	
1.445043000	-0.00356557000000	0.00007829960522	
1.437801000	-0.00424324000000	0.00007908651620	
1.430558000	-0.00372603000000	0.00007988544079	
1.423316000	-0.00306870000000	0.00008069639926	
1.416073000	-0.00371219000000	0.00008151986259	
1.408830000	-0.00242619000000	0.00008235597300	
1.401588000	-0.00322608000000	0.00008320487221	
1.394345000	-0.00378810000000	0.00008406706119	
1.387103000	-0.00315463000000	0.00008494257521	
1.379860000	-0.00317997000000	0.00008583193662	
1.372617000	-0.00350969000000	0.00008673531334	
1.365375000	-0.00320825000000	0.00008765287317	
1.358132000	-0.00228196000000	0.00008858517275	
1.350890000	-0.00304653000000	0.00008953226592	
1.343647000	-0.00291457000000	0.00009049473387	
1.336404000	-0.00270384000000	0.00009147277512	
1.329162000	-0.00254107000000	0.00009246658844	
1.321919000	-0.00218041000000	0.00009347679454	
1.314677000	-0.00200338000000	0.00009450347007	
1.307434000	-0.00274223000000	0.00009554726404	
1.300191000	-0.00175039000000	0.00009660841139	
1.292949000	-0.00239924000000	0.00009768714793	
1.285706000	-0.00172354000000	0.00009878416827	
1.278464000	-0.00190741000000	0.00009989957728	
1.271221000	-0.00231473000000	0.00010103410233	
1.263978000	-0.00214313000000	0.00010218802199	
1.256736000	-0.00239778000000	0.00010336161640	
1.249493000	-0.00237985000000	0.00010455566594	
1.242250000	-0.00210001000000	0.00010577047942	
1.235008000	-0.00232774000000	0.00010700636779	
1.227765000	-0.00234338000000	0.00010826416951	
1.220523000	-0.00202208000000	0.00010954404890	
1.213280000	-0.00251029000000	0.00011084688626	
1.206037000	-0.00161490000000	0.00011217304895	
1.198795000	-0.00219531000000	0.00011352290765	
1.191552000	-0.00195349000000	0.00011489741062	
1.184310000	-0.00170821000000	0.00011629677106	
1.177067000	-0.00215980000000	0.00011772198632	
1.169824000	-0.00140689000000	0.00011917349455	
1.162582000	-0.00174694000000	0.00012065173876	
1.155339000	-0.00178434000000	0.00012215779621	
1.148097000	-0.00154947000000	0.00012369194078	
1.140854000	-0.00115386000000	0.00012525530764	
1.133611000	-0.00215741000000	0.00012684842092	
1.126369000	-0.00127710000000	0.00012847181163	
1.119126000	-0.00154877000000	0.00013012670946	
1.111884000	-0.00188186000000	0.00013181346380	
1.104641000	-0.00134038000000	0.00013353337305	
1.097398000	-0.00136163000000	0.00013528706628	
1.090156000	-0.00170553000000	0.00013707518208	
1.082913000	-0.00130760000000	0.00013889913133	
1.075671000	-0.00112549000000	0.00014075935771	
1.068428000	-0.00110989000000	0.00014265735411	
1.061185000	-0.00139375000000	0.00014459387837	
1.053943000	-0.00075748000000	0.00014656970129	
1.046700000	-0.00093241000000	0.00014858645047	
1.039458000	-0.00190868000000	0.00015064468784	
1.032215000	-0.00131722000000	0.00015274613948	
1.024972000	-0.00098647000000	0.00015489172213	
1.017730000	-0.00109578000000	0.00015708237005	
1.010487000	-0.00103693000000	0.00015931997172	
1.003245000	-0.00144545000000	0.00016160523807	
0.996002000	-0.00089408000000	0.00016394017671	
0.988759400	-0.00140655000000	0.00016632576845	
0.981516800	-0.00167152000000	0.00016876361848	
0.974274200	-0.00122658000000	0.00017125525833	
0.967031600	-0.00146651000000	0.00017380227581	
0.959789000	-0.00042769000000	0.00017640631753	
0.952546400	-0.00110513000000	0.00017906909146	
0.945303800	-0.00192107000000	0.00018179236972	
0.938061200	-0.00056838000000	0.00018457799148	
0.930818600	-0.00115578000000	0.00018742786599	
0.923576000	-0.00073822000000	0.00019034397582	
0.916333400	-0.00073684000000	0.00019332838023	
0.909090800	-0.00121616000000	0.00019638321873	
0.901848200	-0.00127841000000	0.00019951071489	
0.894605600	-0.00008894000000	0.00020271318024	
0.887363000	-0.00009354000000	0.00020599301851	
0.880120400	-0.00029015000000	0.00020935273005	
0.872877800	-0.00089147000000	0.00021279491647	
0.865635200	-0.00092054000000	0.00021632228559	
0.858392500	-0.00093920000000	0.00021993770721	
0.851149900	-0.00018902000000	0.00022364401772	
0.843907300	-0.00033803000000	0.00022744432539	
0.836664700	0.00010863000000	0.00023134181812	
0.829422100	-0.00003351000000	0.00023533981930	
0.822179500	0.00033036000000	0.00023944179472	
0.814936900	-0.00067258000000	0.00024365135990	
0.807694300	-0.00101545000000	0.00024797228787	
0.800451700	-0.00089406000000	0.00025240851742	
0.793209100	-0.00048405000000	0.00025696416184	
0.785966500	0.00020129000000	0.00026164351821	
0.778723900	0.00058905000000	0.00026645107730	
0.771481300	-0.00029690000000	0.00027139153399	
0.764238700	0.00012447000000	0.00027646979849	
0.756996100	-0.00008084000000	0.00028169100813	
0.749753500	0.00018982000000	0.00028706054004	
0.742510900	-0.00011870000000	0.00029258402453	
0.735268300	-0.00032985000000	0.00029826735945	
0.728025700	-0.00080666000000	0.00030411672540	
0.720783100	-0.00047371000000	0.00031013860203	
0.713540500	-0.00073353000000	0.00031633978539	
0.706297900	-0.00002525000000	0.00032272740648	
0.699055300	0.00029370000000	0.00032930895101	
0.691812700	-0.00078745000000	0.00033609228058	
0.684570100	-0.00016131000000	0.00034308565530	
0.677327500	0.00046652000000	0.00035029775801	
0.670084900	-0.00013658000000	0.00035773772017	
0.662842300	0.00040859000000	0.00036541514967	
0.655599700	-0.00013327000000	0.00037334016053	
0.648357100	0.00065955000000	0.00038152340488	
0.641114500	-0.00008141000000	0.00038997610716	
0.633871900	0.00066558000000	0.00039871010093	
0.626629300	0.00014833000000	0.00040773786841	
0.619386700	0.00072966000000	0.00041707258291	
0.612144100	0.00076363000000	0.00042672815462	
0.604901500	0.00051241000000	0.00043671927974	
0.597658900	0.00039351000000	0.00044706149356	
0.590416200	0.00052118000000	0.00045777137805	
0.583173600	-0.00036018000000	0.00046886602697	
0.575931000	0.00090987000000	0.00048036399927	
0.568688400	0.00103140000000	0.00049228480476	
0.561445800	0.00030138000000	0.00050464912704	
0.557968900	0.00047149000000	0.00051074873123	
0.556074400	-0.00064100000000	0.00051411833795	
0.554179900	-0.00029322000000	0.00051752095766	
0.552285400	-0.00153182000000	0.00052095701642	
0.550390900	0.00011352000000	0.00052442694708	
0.548496400	-0.00035390000000	0.00052793118934	
0.546601900	0.00034401000000	0.00053147018996	
0.544707400	0.00004431000000	0.00053504440284	
0.542812900	-0.00037295000000	0.00053865428917	
0.540918400	0.00007110000000	0.00054230031760	
0.539023900	0.00129671000000	0.00054598296430	
0.537129400	-0.00017547000000	0.00054970271320	
0.535234900	0.00047675000000	0.00055346005606	
0.533340400	0.00041622000000	0.00055725549266	
0.531445900	-0.00060080000000	0.00056108953094	
0.529551400	0.00019934000000	0.00056496268717	
0.527656900	-0.00132665000000	0.00056887548609	
0.525762400	-0.00107194000000	0.00057282846108	
0.523867900	-0.00054862000000	0.00057682215434	
0.521973400	0.00086712000000	0.00058085711703	
0.520078800	-0.00088117000000	0.00058493412579	
0.518184300	0.00000322000000	0.00058905331992	
0.516289800	-0.00025022000000	0.00059321549266	
0.514395300	0.00107661000000	0.00059742123289	
0.512500800	0.00008860000000	0.00060167113937	
0.510606300	-0.00083073000000	0.00060596582093	
0.508711800	0.00064941000000	0.00061030589670	
0.506817300	0.00030572000000	0.00061469199628	
0.504922800	0.00043269000000	0.00061912475996	
0.503028300	-0.00065347000000	0.00062360483894	
0.501133800	0.00031896000000	0.00062813289554	
0.499239300	0.00043278000000	0.00063270960340	
0.497344800	-0.00020275000000	0.00063733564776	
0.495450300	0.00078503000000	0.00064201172563	
0.493555800	0.00008483000000	0.00064673854605	
0.491661300	-0.00016350000000	0.00065151683035	
0.489766800	0.00031155000000	0.00065634731239	
0.487872300	0.00115587000000	0.00066123073876	
0.485977800	0.00007417000000	0.00066616786914	
0.484083300	0.00013078000000	0.00067115947646	
0.482188800	0.00009016000000	0.00067620634724	
0.480294300	-0.00024559000000	0.00068130928183	
0.478399800	-0.00010137000000	0.00068646909471	
0.476505300	0.00046088000000	0.00069168661476	
0.474610800	0.00008786000000	0.00069696268559	
0.472716300	-0.00041363000000	0.00070229816578	
0.470821800	0.00030042000000	0.00070769392926	
0.468927300	0.00047597000000	0.00071315086558	
0.467032800	0.00039387000000	0.00071866988024	
0.465138300	0.00125298000000	0.00072425189502	
0.463243700	-0.00042266000000	0.00072989814806	
0.461349200	0.00001374000000	0.00073560899873	
0.459454700	0.00025990000000	0.00074138571604	
0.457560200	-0.00000986000000	0.00074722929036	
0.455665700	0.00019361000000	0.00075314073010	
0.453771200	-0.00051163000000	0.00075912106208	
0.451876700	-0.00015981000000	0.00076517133197	
0.449982200	0.00000931000000	0.00077129260459	
0.448087700	0.00049293000000	0.00077748596441	
0.446193200	0.00091203000000	0.00078375251588	
0.444298700	0.00043148000000	0.00079009338392	
0.442404200	0.00075729000000	0.00079650971430	
0.440509700	0.00015327000000	0.00080300267410	
0.438615200	-0.00005969000000	0.00080957345216	
0.436720700	0.00032102000000	0.00081622325956	
0.434826200	0.00032951000000	0.00082295333005	
0.432931700	0.00121114000000	0.00082976492055	
0.431037200	0.00039346000000	0.00083665931166	
0.429142700	-0.00020885000000	0.00084363780813	
0.427248200	0.00137582000000	0.00085070173942	
0.425353700	-0.00014168000000	0.00085785246016	
0.423459200	0.00016215000000	0.00086509135075	
0.421564700	0.00010741000000	0.00087241981788	
0.419670200	0.00010539000000	0.00087983929508	
0.417775700	0.00008465000000	0.00088735124332	
0.415881200	0.00095584000000	0.00089495715157	
0.413986700	-0.00013610000000	0.00090265853744	
0.412092200	0.00031257000000	0.00091045694773	
0.410197700	0.00035278000000	0.00091835395911	
0.408303200	0.00122991000000	0.00092635117872	
0.406408700	0.00146015000000	0.00093445024484	
0.404514100	0.00052851000000	0.00094265326328	
0.402619600	0.00071390000000	0.00095096107076	
0.400725100	0.00048001000000	0.00095937583323	
0.398830600	0.00076244000000	0.00096789932032	
0.396936100	-0.00022853000000	0.00097653333624	
0.395041600	0.00006016000000	0.00098527972058	
0.393147100	0.00055849000000	0.00099414034898	
0.391252600	0.00082594000000	0.00100311713396	
0.389358100	0.00044883000000	0.00101221202568	
0.387463600	-0.00012884000000	0.00102142701274	
0.385569100	0.00069279000000	0.00103076412297	
0.383674600	0.00065415000000	0.00104022542429	
0.381780100	0.00095809000000	0.00104981302555	
0.379885600	0.00069082000000	0.00105952907736	
0.377991100	0.00059552000000	0.00106937577299	
0.376096600	0.00065104000000	0.00107935534924	
0.374202100	0.00045252000000	0.00108947008737	
0.372307600	0.00102990000000	0.00109972231400	
0.370413100	0.00101580000000	0.00111011440206	
0.368518600	0.00084733000000	0.00112064877172	
0.366624100	0.00044550000000	0.00113132789136	
0.364729600	0.00020734000000	0.00114215427859	
0.362835100	0.00057165000000	0.00115313050117	
0.360940600	0.00046326000000	0.00116425917808	
0.359046100	0.00083583000000	0.00117554298054	
0.357151600	0.00069434000000	0.00118698463299	
0.355257100	-0.00025528000000	0.00119858691421	
0.353362600	0.00074162000000	0.00121035265832	
0.351468100	0.00091722000000	0.00122228475588	
0.349573600	0.00127761000000	0.00123438615498	
0.347679100	0.00107038000000	0.00124665986232	
0.345784500	0.00078177000000	0.00125910960609	
0.343890000	0.00067256000000	0.00127173719943	
0.341995500	0.00069026000000	0.00128454648395	
0.340101000	0.00012990000000	0.00129754071188	
0.338206500	0.00004063000000	0.00131072319960	
0.336312000	0.00077821000000	0.00132409732882	
0.334417500	0.00075594000000	0.00133766654768	
0.332523000	0.00101895000000	0.00135143437187	
0.330628500	0.00082498000000	0.00136540438578	
0.328734000	0.00160948000000	0.00137958024361	
0.326839500	0.00060008000000	0.00139396567046	
0.324945000	0.00159096000000	0.00140856446347	
0.323050500	0.00076163000000	0.00142338049290	
0.321156000	0.00039764000000	0.00143841770317	
0.319261500	0.00102861000000	0.00145368011399	
0.317367000	0.00085173000000	0.00146917182130	
0.315472500	0.00006562000000	0.00148489699838	
0.313578000	0.00158345000000	0.00150085989678	
0.311683500	0.00111998000000	0.00151706484725	
0.309789000	0.00097184000000	0.00153351626072	
0.307894500	0.00145123000000	0.00155021862910	
0.306000000	0.00147383000000	0.00156717652617	
0.304105500	0.00102025000000	0.00158439460831	
0.302211000	0.00080035000000	0.00160187761522	
0.300316500	0.00090199000000	0.00161963037060	
0.298422000	0.00084150000000	0.00163765778271	
0.296527500	0.00142138000000	0.00165596484492	
0.294633000	0.00187439000000	0.00167455663608	
0.292738500	0.00081970000000	0.00169343832091	
0.290844000	0.00026653000000	0.00171261515021	
0.288949400	0.00114942000000	0.00173209349715	
0.287054900	0.00118553000000	0.00175187672906	
0.285160400	0.00119519000000	0.00177197137553	
0.283265900	0.00193742000000	0.00179238303195	
0.281371400	0.00094350000000	0.00181311737927	
0.279476900	0.00122898000000	0.00183418018348	
0.277582400	0.00176159000000	0.00185557729496	
0.275687900	0.00171190000000	0.00187731464755	
0.273793400	0.00204533000000	0.00189939825762	
0.271898900	0.00126733000000	0.00192183422274	
0.270004400	0.00100515000000	0.00194462872030	
0.268109900	0.00171026000000	0.00196778800585	
0.266215400	0.00197403000000	0.00199131841117	
0.264320900	0.00209139000000	0.00201522634219	
0.262426400	0.00137306000000	0.00203951827653	
0.260531900	0.00215059000000	0.00206420076089	
0.258637400	0.00154870000000	0.00208928040805	
0.256742900	0.00149323000000	0.00211476389361	
0.254848400	0.00159453000000	0.00214065795244	
0.252953900	0.00341618000000	0.00216696937472	
0.251059400	0.00184609000000	0.00219370500170	
0.249164900	0.00203101000000	0.00222087172107	
0.247270400	0.00147608000000	0.00224847646194	
0.245375900	0.00186886000000	0.00227652618940	
0.243481400	0.00206585000000	0.00230502789876	
0.241586900	0.00204039000000	0.00233398860921	
0.239692400	0.00200635000000	0.00236341535718	
0.237797900	0.00179905000000	0.00239331518913	
0.235903400	0.00240035000000	0.00242369515393	
0.234008900	0.00322771000000	0.00245456229469	
0.232114400	0.00260263000000	0.00248592364010	
0.230219800	0.00316054000000	0.00251778789047	
0.228325300	0.00274913000000	0.00255015865420	
0.226430800	0.00246642000000	0.00258304452804	
0.224536300	0.00265720000000	0.00261645238570	
0.222641800	0.00261210000000	0.00265038903504	
0.220747300	0.00405394000000	0.00268486120595	
0.218852800	0.00266348000000	0.00271987553780	
0.216958300	0.00362786000000	0.00275543856615	
0.215063800	0.00177911000000	0.00279155670885	
0.213169300	0.00197066000000	0.00282823625157	
0.211274800	0.00253669000000	0.00286548333262	
0.209380300	0.00281172000000	0.00290330392720	
0.207485800	0.00280384000000	0.00294170383091	
0.205591300	0.00271828000000	0.00298068864267	
0.203696800	0.00332523000000	0.00302026374704	
0.201802300	0.00279883000000	0.00306043429576	
0.199907800	0.00364441000000	0.00310120518881	
0.198013300	0.00353209000000	0.00314258105470	
0.196118800	0.00337874000000	0.00318456623024	
0.194224300	0.00254175000000	0.00322716473964	
0.192329800	0.00330474000000	0.00327038027301	
0.190435300	0.00284279000000	0.00331421616436	
0.188540800	0.00324831000000	0.00335867536896	
0.186646300	0.00308695000000	0.00340376044019	
0.184751800	0.00360286000000	0.00344947350593	
0.182857300	0.00251727000000	0.00349581624438	
0.180962800	0.00346612000000	0.00354278985957	
0.179068300	0.00441160000000	0.00359039505634	
0.177173800	0.00431863000000	0.00363863201506	
0.175279300	0.00339250000000	0.00368750036594	
0.173384800	0.00458935000000	0.00373699916313	
0.171490200	0.00443656000000	0.00378712952114	
0.169595700	0.00266326000000	0.00383788397141	
0.167701200	0.00438995000000	0.00388926231189	
0.165806700	0.00421594000000	0.00394126102980	
0.163912200	0.00494680000000	0.00399387590463	
0.162017700	0.00343004000000	0.00404710198177	
0.160123200	0.00395084000000	0.00410093354637	
0.158228700	0.00519551000000	0.00415536409747	
0.156334200	0.00538555000000	0.00421038632234	
0.154439700	0.00498194000000	0.00426599207134	
0.152545200	0.00548448000000	0.00432217233326	
0.150650700	0.00497656000000	0.00437891721115	
0.148756200	0.00544664000000	0.00443621589898	
0.146861700	0.00445743000000	0.00449405665890	
0.144967200	0.00488076000000	0.00455242679955	
0.143072700	0.00534778000000	0.00461131265514	
0.141178200	0.00457633000000	0.00467069956578	
0.139283700	0.00290911000000	0.00473057185883	
0.137389200	0.00443485000000	0.00479091283164	
0.135494700	0.00576514000000	0.00485170473556	
0.133600200	0.00479735000000	0.00491292876152	
0.131705700	0.00501318000000	0.00497456502711	
0.129811200	0.00393742000000	0.00503659256541	
0.127916700	0.00550881000000	0.00509898931557	
0.126022200	0.00590569000000	0.00516173211527	
0.124127700	0.00587902000000	0.00522479669522	
0.122233200	0.00784870000000	0.00528815767566	
0.120338700	0.00595367000000	0.00535178856512	
0.118444200	0.00679774000000	0.00541566176139	
0.116549700	0.00748030000000	0.00547974855487	
0.114655200	0.00681420000000	0.00554401913431	
0.112760600	0.00542582000000	0.00560844599920	
0.110866100	0.00580603000000	0.00567299036000	
0.108971600	0.00566466000000	0.00573762255752	
0.107077100	0.00637196000000	0.00580230848311	
0.105182600	0.00554421000000	0.00586701299443	
0.103288100	0.00808072000000	0.00593169993733	
0.101393600	0.00636833000000	0.00599633217043	
0.099499120	0.00674886000000	0.00606087091207	
0.097604620	0.00639498000000	0.00612527849510	
0.095710120	0.00537174000000	0.00618951431169	
0.093815610	0.00658494000000	0.00625353791370	
0.091921110	0.00817485000000	0.00631730701928	
0.090026610	0.00804073000000	0.00638077958300	
0.088132100	0.00711093000000	0.00644391281989	
0.086237600	0.00605133000000	0.00650666226064	
0.084343100	0.00631845000000	0.00656898380191	
0.082448590	0.00857629000000	0.00663083274982	
0.080554090	0.00572957000000	0.00669216290668	
0.078659590	0.00738812000000	0.00675292858873	
0.076765080	0.00846963000000	0.00681308369435	
0.074870580	0.00884194000000	0.00687258082836	
0.072976080	0.00840093000000	0.00693137327328	
0.071081580	0.00964971000000	0.00698941378357	
0.069187070	0.01109621000000	0.00704665527468	
0.067292570	0.00845368000000	0.00710304969041	
0.065398070	0.00965819000000	0.00715854988966	
0.063503560	0.01105768000000	0.00721310879383	
0.061609060	0.01122365000000	0.00726667862059	
0.059714560	0.01232075000000	0.00731921268980	
0.057820050	0.01182716000000	0.00737066461366	
0.055925550	0.01323753000000	0.00742098758613	
0.054031050	0.01351508000000	0.00747013609291	
0.052136540	0.01648700000000	0.00751806514944	
0.050242040	0.01639561000000	0.00756472965054	
0.048347540	0.02060025000000	0.00761008596953	
0.046453030	0.02194632000000	0.00765409124873	
0.044558530	0.02308553000000	0.00769670281380	
0.042664030	0.02273635000000	0.00773787964710	
0.040769520	0.03053215000000	0.00777758173534	
0.038875020	0.03265190000000	0.00781576955226	
0.036980520	0.03886236000000	0.00785240539234	
0.035086010	0.04513227000000	0.00788745277963	
0.033191510	0.05514849000000	0.00792087602218	
0.031297010	0.05927182000000	0.00795264139281	
0.029402500	0.07453092000000	0.00798271660300	
0.027508000	0.08950245000000	0.00801107043184	
0.025613500	0.11741064000000	0.00803767374184	
0.023718990	0.13539940000000	0.00806249902132	
0.021824490	0.17712102000000	0.00808552009009	
0.019929990	0.22574064000000	0.00810671293971	
0.018035480	0.29125586000000	0.00812605534750	
0.016140980	0.42333556000000	0.00814352666046	
0.014246480	0.59856800000000	0.00815910845125	
0.012351970	0.71529540000000	0.00817278420620	
0.012020800	1.07223370000000	0.00817497795823	2.68630347
0.011462210	1.12891150000000	0.00817854500096	
0.010903620	1.23018410000000	0.00818194451832	
0.010345030	1.39028010000000	0.00818517619414	
0.009786444	1.68813480000000	0.00818823970621	
0.009227854	1.98191550000000	0.00819113481316	
0.008669263	2.27182630000000	0.00819386122744	
0.008110673	2.59417950000000	0.00819641868496	
0.007552083	2.91391780000000	0.00819880695239	
0.006993493	3.50233520000000	0.00820102580673	
0.006434903	4.39936520000000	0.00820307504099	
0.005876313	5.00840000000000	0.00820495446347	
0.005317723	6.29861400000000	0.00820666389893	
0.004759132	7.78597800000000	0.00820820318948	
0.004200542	10.57076700000000	0.00820957218720	
0.003641952	14.71589000000000	0.00821077076558	
0.003083362	27.39301000000000	0.00821179881227	60.00000000