"Time (h)"	"Time (h)"	"MDS (Rh, nm)"	"MDS (Rh, nm)"	"MDS (Rh, nm)"	"MDS (Rh, nm)"	"MDS (Rh, nm)"	"MDS (Rh, nm)"	"MDS (Rh, nm)"	"MDS (Rh, nm)"	"MDS (Rh, nm)"	"MDS (Rh, nm)"	"MDS (Rh, nm)"	"MDS (Rh, nm)"	"MDS (Rh, nm)"	"MDS (Rh, nm)"	"MDS (Rh, nm)"	"MDS (Rh, nm)"	"MDS (Rh, nm)"	"MDS (Rh, nm)"	"MDS (Rh, nm)"	"MDS (Rh, nm)"	"MDS (Rh, nm)"	"MDS (Rh, nm)"	"MDS (Rh, nm)"	"MDS (Rh, nm)"	"MDS (Rh, nm)"	"MDS (Rh, nm)"	"MDS (Rh, nm)"	"MDS (Rh, nm)"	"MDS (Rh, nm)"	"MDS (Rh, nm)"	"Normalized ThT intensity"	"Normalized ThT intensity"	"Normalized ThT intensity"	"Normalized ThT intensity"	"Normalized ThT intensity"	"Normalized ThT intensity"	"Normalized ThT intensity"	"Normalized ThT intensity"	"Normalized ThT intensity"	"Normalized ThT intensity"	"Normalized ThT intensity"	"Normalized ThT intensity"	"Normalized ThT intensity"	"Normalized ThT intensity"	"Normalized ThT intensity"	"Normalized ThT intensity"	"Normalized ThT intensity"	"Normalized ThT intensity"	"Normalized ThT intensity"	"Normalized ThT intensity"	"Normalized ThT intensity"	"Normalized ThT intensity"	"Normalized ThT intensity"	"Normalized ThT intensity"	"Normalized ThT intensity"	"Normalized ThT intensity"	"Normalized ThT intensity"	"Normalized ThT intensity"	"Normalized ThT intensity"	"Normalized ThT intensity"
0.00000000		3.430000000	3.13	3.99	3.01	2.580000000	2.64	2.70								2.65	2.80	2.65	2.48																																										
0.15000000	0.06382847		3.15	3.25	3.43	2.980000000	2.98	2.10	3.08	2.300000000	2.68	2.84		4.61	4.41	4.31	3.38																																												
0.34165833	0.01667223	3.620000000	4.39	3.61	3.95	3.220000000	3.06			4.500000000	3.50	3.44	3.50			3.20	3.07	3.28	3.60																																										
0.54583250	0.08646831	4.120000000	4.16	3.62	4.00	3.220000000	2.77	2.98		3.670000000	3.74	3.84	4.07	4.42	4.77	3.25	3.35	2.97	3.16																																										
0.76250000	0.08962370	4.630000000	4.51	4.65	4.55	2.930000000	3.22	2.86		3.130000000	2.92	4.68	3.32	4.60	4.69	5.06	4.80	4.32	4.56																																										
1.28888889	0.13877773		6.11	6.23	5.46	4.200000000	4.20			3.890000000	3.63																																																		
1.52777778	0.04811252					3.680000000	3.75			4.420000000	4.49	4.38	4.37	4.43	4.39	3.60	3.51	3.39	4.31																																										
1.86111111	0.12729377	8.420000000		8.83		3.870000000	3.16	3.64	4.40	4.160000000	4.12	5.17	5.05																																																
2.47211111	0.31556833					4.580000000	3.74	4.16	4.13	3.380000000	3.46	3.65	3.34	3.44	3.23	4.06	3.41	4.30	3.58																																										
5.30000000	2.02210012	6.130000000	8.07	7.08		4.210000000	4.23	4.09	4.41	4.140000000	3.96	3.92	4.30							4.380000000	4.000000000	4.180000000	4.700000000	5.090000000	4.820000000	4.290000000	3.940000000																																		
16.33333330	2.88675135	4.750000000	4.39	4.91	5.01	3.080000000	2.85	3.05	3.29	3.370000000	3.19	3.18	3.16																																																
25.11110000	1.98841133	4.110000000	6.04	5.14	5.16											3.58	3.40	3.52	3.79	3.500000000	3.560000000	3.550000000	3.880000000																																						
121.50000000		3.300000000	3.00	3.36	3.59											3.09	3.52	2.83	3.09																																										
																																																													
0.00000000																																0.000000000	0.000000000	0.000000000																											
0.00833333																																0.007662835	-0.008333333	-0.003408316																											
0.01666667																																-0.005108557	-0.009722222	-0.004089980																											
0.02500000																																-0.005747126	-0.006944444	-0.002726653																											
0.03333333																																-0.010217114	-0.013194444	-0.008861622																											
0.04166667																																-0.009578544	-0.012500000	-0.010224949																											
0.05000000																																-0.009578544	-0.015277778	-0.010224949																											
0.05833333																																-0.017241379	-0.012500000	-0.010906612																											
0.06666667																																-0.007024266	-0.015972222	-0.009543286																											
0.07500000																																-0.016602810	-0.014583333	-0.011588275																											
0.08333333																																-0.006385696	-0.013194444	-0.014314928																											
0.09166667																																-0.009578544	-0.014583333	-0.008179959																											
0.10000000																																-0.015964240	-0.025000000	-0.014314928																											
0.10833333																																-0.012771392	-0.017361111	-0.008861622																											
0.11666667																																-0.014048531	-0.022916667	-0.008179959																											
0.12500000																																-0.016602810	-0.019444444	-0.010906612																											
0.14000000																																-0.011494253	-0.020833333	-0.013633265																											
0.14833333																																-0.011494253	-0.016666667	-0.007498296																											
0.15666667																																-0.019157088	-0.011805556	-0.007498296																											
0.16500000																																-0.012132822	-0.016666667	-0.012951602																											
0.17333333																																-0.014048531	-0.018750000	-0.012269939																											
0.18166667																																-0.007662835	-0.012500000	-0.012951602																											
0.19000000																																-0.014048531	-0.020138889	-0.012951602																											
0.19833333																																-0.014687101	-0.018750000	-0.014996592																											
0.20666667																																-0.014048531	-0.021527778	-0.005453306																											
0.21500000																																-0.018518519	-0.018750000	-0.012269939																											
0.22333333																																-0.019157088	-0.015277778	-0.019086571																											
0.23166667																																-0.004469987	-0.014583333	-0.012269939																											
0.24000000																																-0.009578544	-0.016666667	-0.011588275																											
0.24833333																																-0.015325670	-0.015277778	-0.011588275																											
0.25666667																																-0.010217114	-0.020138889	-0.010906612																											
0.26500000																																-0.010217114	-0.013194444	-0.012269939																											
0.27333333																																-0.011494253	-0.020138889	-0.010906612																											
0.28166667																																-0.011494253	-0.018750000	-0.008179959																											
0.29000000																																-0.017241379	-0.013194444	-0.012269939																											
0.29833333																																-0.013409962	-0.018750000	-0.006134969																											
0.30666667																																-0.012771392	-0.016666667	-0.010906612																											
0.31500000																																-0.007024266	-0.015277778	-0.002044990																											
0.32333333																																-0.012132822	-0.019444444	-0.005453306																											
0.33166667																																-0.007662835	-0.012500000	-0.001363327																											
0.34000000																																-0.009578544	-0.011805556	-0.004089980																											
0.34833333																																-0.010855683	-0.016666667	-0.007498296																											
0.35666667																																-0.006385696	-0.013194444	-0.004089980																											
0.36944444																																-0.003831418	-0.009722222	-0.004089980																											
0.37777778																																-0.006385696	-0.006944444	0.000000000																											
0.38611111																																-0.004469987	-0.015277778	-0.003408316																											
0.39444444																																-0.004469987	-0.009722222	0.004771643																											
0.40277778																																-0.007024266	-0.002777778	-0.002726653																											
0.41111111																																-0.004469987	-0.006250000	0.002726653																											
0.41944444																																0.003192848	-0.007638889	0.002726653																											
0.42777778																																0.003831418	-0.008333333	0.004771643																											
0.43611111																																0.001915709	-0.006250000	0.010906612																											
0.44444444																																0.006385696	0.011805556	0.009543286																											
0.45277778																																0.003192848	0.002083333	0.008861622																											
0.46111111																																0.005108557	0.004166667	0.019086571																											
0.46944444																																0.012132822	0.002777778	0.022494888																											
0.47777778																																0.010855683	0.003472222	0.029311520																											
0.48611111																																0.014687101	0.011805556	0.031356510																											
0.49444444																																0.008301405	0.002777778	0.031356510																											
0.50277778																																0.021711367	0.013888889	0.030674847																											
0.51111111																																0.024265645	0.018055556	0.036809816																											
0.51944444																																0.027458493	0.014583333	0.037491479																											
0.52777778																																0.026181354	0.022916667	0.039536469																											
0.53611111																																0.033205619	0.016666667	0.052488071																											
0.54444444																																0.031289911	0.024305556	0.051806408																											
0.55277778																																0.040868455	0.029861111	0.056578050																											
0.56111111																																0.037675607	0.040972222	0.059986367																											
0.56944444																																0.043422733	0.043055556	0.077709611																											
0.57777778																																0.045977011	0.046527778	0.086571234																											
0.58611111																																0.056194125	0.047916667	0.088616224																											
0.60138889																																0.048531290	0.046527778	0.091342877																											
0.60972222																																0.054278416	0.050000000	0.096114519																											
0.61805556																																0.063218391	0.062500000	0.103612815																											
0.62638889																																0.067049808	0.066666667	0.113837764																											
0.63472222																																0.064495530	0.075000000	0.128834356																											
0.64305556																																0.082375479	0.084027778	0.139059305																											
0.65138889																																0.099616858	0.093055556	0.160872529																											
0.65972222																																0.104725415	0.101388889	0.164280845																											
0.66805556																																0.111111111	0.111805556	0.173824131																											
0.67638889																																0.119412516	0.120138889	0.194274029																											
0.68472222																																0.132822478	0.131944444	0.203817314																											
0.69305556																																0.130268199	0.136805556	0.231083845																											
0.70138889																																0.146232439	0.147916667	0.239263804																											
0.70972222																																0.160280971	0.174305556	0.244035446																											
0.71805556																																0.167305236	0.188888889	0.270620314																											
0.72638889																																0.180715198	0.195138889	0.282208589																											
0.73472222																																0.187739464	0.204166667	0.299931834																											
0.74305556																																0.199872286	0.227083333	0.323790048																											
0.75138889																																0.219029374	0.240972222	0.338786639																											
0.75972222																																0.218390805	0.262500000	0.365371506																											
0.77277778																																0.249680715	0.273611111	0.366053170																											
0.78111111																																0.250319285	0.286111111	0.379004772																											
0.78944444																																0.279054917	0.304861111	0.392638037																											
0.79777778																																0.286079183	0.321527778	0.408316292																											
0.80611111																																0.308429119	0.339583333	0.435582822																											
0.81444444																																0.317369093	0.359722222	0.462167689																											
0.82277778																																0.345466156	0.371527778	0.483299250																											
0.83111111																																0.359514687	0.396527778	0.486707566																											
0.83944444																																0.377394636	0.416666667	0.507839127																											
0.84777778																																0.388888889	0.431944444	0.512610770																											
0.85611111																																0.407407407	0.445138889	0.528289025																											
0.86444444																																0.422094508	0.445833333	0.552828903																											
0.87277778																																0.443805875	0.474305556	0.558963872																											
0.89333333																																0.464240102	0.518750000	0.613496933																											
0.90166667																																0.470625798	0.520833333	0.598500341																											
0.91000000																																0.505747126	0.533333333	0.629856851																											
0.91833333																																0.507662835	0.557638889	0.644171779																											
0.92666667																																0.517241379	0.575694444	0.648261759																											
0.93500000																																0.537037037	0.579861111	0.655760055																											
0.94333333																																0.551724138	0.595833333	0.678936605																											
0.95166667																																0.570881226	0.608333333	0.693251534																											
0.96000000																																0.568965517	0.613194444	0.718473074																											
0.96833333																																0.581098340	0.636805556	0.706884799																											
0.97666667																																0.601532567	0.642361111	0.725971370																											
0.98500000																																0.604086845	0.655555556	0.743012952																											
0.99333333																																0.621328225	0.652083333	0.743694615																											
1.00166667																																0.609833972	0.669444444	0.762781186																											
1.01000000																																0.636015326	0.685416667	0.759372870																											
1.01833333																																0.654533844	0.702777778	0.771642808																											
1.02666667																																0.661558110	0.688194444	0.782549421																											
1.03500000																																0.658365262	0.708333333	0.779141104																											
1.04333333																																0.669220945	0.711111111	0.788002727																											
1.05166667																																0.666028097	0.714583333	0.795501022																											
1.06000000																																0.705619413	0.742361111	0.811179277																											
1.06833333																																0.699872286	0.743750000	0.815950920																											
1.07666667																																0.696679438	0.734027778	0.826175869																											
1.08500000																																0.701149425	0.744444444	0.832310838																											
1.09333333																																0.727969349	0.763888889	0.818677573																											
1.10166667																																0.714559387	0.763888889	0.841172461																											
1.11000000																																0.752873563	0.775694444	0.844580777																											
1.11833333																																0.749680715	0.777083333	0.835719155																											
1.12666667																																0.770753512	0.804166667	0.850034083																											
1.14111111																																0.762452107	0.802777778	0.827539196																											
1.14944444																																0.766283525	0.792361111	0.830947512																											
1.15777778																																0.765006386	0.793750000	0.852079073																											
1.16611111																																0.773307791	0.805555556	0.853442399																											
1.17444444																																0.775862069	0.813888889	0.867075665																											
1.18277778																																0.773946360	0.828472222	0.879345603																											
1.19111111																																0.787356322	0.821527778	0.877300613																											
1.19944444																																0.784802043	0.821527778	0.874573960																											
1.20777778																																0.791826309	0.828472222	0.873892297																											
1.21611111																																0.784163474	0.843750000	0.884798909																											
1.22444444																																0.803320562	0.853472222	0.888207226																											
1.23277778																																0.817369093	0.844444444	0.897750511																											
1.24111111																																0.826947637	0.849305556	0.897750511																											
1.24944444																																0.803959132	0.856944444	0.897750511																											
1.25777778																																0.819923372	0.851388889	0.906612134																											
1.26611111																																0.824393359	0.858333333	0.882753920																											
1.27444444																																0.836526181	0.856944444	0.899795501																											
1.28277778																																0.833971903	0.865972222	0.897750511																											
1.29111111																																0.823116220	0.865277778	0.906612134																											
1.29944444																																0.846104725	0.862500000	0.916155419																											
1.30777778																																0.860153257	0.884027778	0.912747103																											
1.31611111																																0.835887612	0.888194444	0.912065440																											
1.32444444																																0.843550447	0.874305556	0.914792093																											
1.33277778																																0.851851852	0.882638889	0.931833674																											
1.34111111																																0.856960409	0.903472222	0.914792093																											
1.34944444																																0.851213282	0.896527778	0.927743695																											
1.35777778																																0.855044700	0.881250000	0.919563736																											
1.36611111																																0.869093231	0.884027778	0.919563736																											
1.37444444																																0.875478927	0.911111111	0.933878664																											
1.38277778																																0.870370370	0.914583333	0.938650307																											
1.39111111																																0.873563218	0.888888889	0.935923654																											
1.39944444																																0.871647510	0.896527778	0.937286980																											
1.41333333																																0.872924649	0.875694444	0.911383776																											
1.42166667																																0.886334610	0.887500000	0.930470348																											
1.43000000																																0.872924649	0.899305556	0.890933879																											
1.43833333																																0.860153257	0.895138889	0.919563736																											
1.44666667																																0.886334610	0.895833333	0.916837082																											
1.45500000																																0.895913155	0.891666667	0.922972052																											
1.46333333																																0.890166028	0.911805556	0.937968643																											
1.47166667																																0.879310345	0.911111111	0.952965235																											
1.48000000																																0.881864623	0.920138889	0.960463531																											
1.48833333																																0.886334610	0.915277778	0.947511929																											
1.49666667																																0.891443167	0.918055556	0.949556919																											
1.50500000																																0.901660281	0.912500000	0.948193592																											
1.51333333																																0.893997446	0.922222222	0.937286980																											
1.52166667																																0.910600255	0.917361111	0.935241990																											
1.53000000																																0.887611750	0.922222222	0.942058623																											
1.53833333																																0.909323116	0.938888889	0.955010225																											
1.54666667																																0.901660281	0.940972222	0.959100204																											
1.55500000																																0.893997446	0.931250000	0.955010225																											
1.56333333																																0.909323116	0.923611111	0.967961827																											
1.57166667																																0.917624521	0.945138889	0.946148603																											
1.58000000																																0.908684547	0.943750000	0.938650307																											
1.58833333																																0.922733078	0.935416667	0.979550102																											
1.59666667																																0.922094508	0.936805556	0.946830266																											
1.61055556																																0.898467433	0.922222222	0.948875256																											
1.61888889																																0.906768838	0.933333333	0.936605317																											
1.62722222																																0.907407407	0.934722222	0.950238582																											
1.63555556																																0.916347382	0.919444444	0.942740286																											
1.64388889																																0.916347382	0.938888889	0.946830266																											
1.65222222																																0.909323116	0.938888889	0.952965235																											
1.66055556																																0.930395913	0.942361111	0.976823449																											
1.66888889																																0.929118774	0.943750000	0.987730061																											
1.67722222																																0.913154534	0.940972222	0.978186776																											
1.68555556																																0.913154534	0.930555556	1.006816633																											
1.69388889																																0.931673052	0.963888889	0.991820041																											
1.70222222																																0.927841635	0.950694444	0.976823449																											
1.71055556																																0.933588761	0.929166667	0.982276755																											
1.71888889																																0.918263091	0.925694444	0.972733470																											
1.72722222																																0.917624521	0.953472222	0.976823449																											
1.73555556																																0.939974457	0.963194444	0.986366735																											
1.74388889																																0.928480204	0.968055556	1.005453306																											
1.75222222																																0.929757344	0.955555556	0.987048398																											
1.76694444																																0.933588761	0.954166667	0.935241990																											
1.77527778																																0.946360153	0.959722222	0.937968643																											
1.78361111																																0.939974457	0.951388889	0.950920245																											
1.79194444																																0.954022989	0.968750000	0.951601909																											
1.80027778																																0.932950192	0.954861111	0.955010225																											
1.80861111																																0.937420179	0.969444444	0.957055215																											
1.81694444																																0.959770115	0.967361111	0.978186776																											
1.82527778																																0.959770115	0.963888889	0.999318337																											
1.83361111																																0.945721584	0.964583333	0.991820041																											
1.84194444																																0.959131545	0.975694444	0.981595092																											
1.85027778																																0.946998723	0.990277778	0.993183367																											
1.85861111																																0.950830140	0.968750000	0.989775051																											
1.86694444																																0.952107280	0.966666667	0.986366735																											
1.87527778																																0.951468710	0.968750000	0.987048398																											
1.88361111																																0.961685824	0.984722222	0.997955010																											
1.89194444																																0.965517241	0.969444444	0.977505112																											
1.90027778																																0.949553001	0.990277778	0.989093388																											
1.90861111																																0.955938697	0.986805556	0.984321745																											
1.91694444																																0.961685824	0.961111111	0.995910020																											
1.92527778																																0.967432950	0.964583333	0.970006817																											
1.93361111																																0.969987229	0.969444444	0.978186776																											
1.94194444																																0.979565773	0.981250000	0.985003408																											
1.95027778																																0.972541507	0.982638889	0.972051806																											
1.95861111																																0.955938697	0.984027778	0.993183367																											
1.96694444																																0.967432950	0.985416667	0.989093388																											
1.97527778																																0.973818646	0.995833333	1.000000000																											
1.98361111																																0.969987229	0.981944444																												
1.99194444																																0.965517241	0.975694444																												
2.00472222																																0.967432950	0.995138889																												
2.01305556																																0.973818646	0.999305556																												
2.02138889																																0.968071520	0.984027778																												
2.02972222																																0.961047254	0.989583333																												
2.03805556																																0.976372925	0.997916667																												
2.04638889																																0.996807152	0.981250000																												
2.05472222																																0.972541507	1.000694444																												
2.06305556																																0.989144317	0.988888889																												
2.07138889																																0.965517241	0.993055556																												
2.07972222																																0.975095785	0.992361111																												
2.08805556																																0.987228608	0.993055556																												
2.09638889																																0.987228608	1.013194444																												
2.10472222																																0.975095785	0.993750000																												
2.11305556																																0.973180077	0.982638889																												
2.12138889																																0.989144317	0.984722222																												
2.12972222																																0.977011494	1.010416667																												
2.13805556																																0.982120051	1.005555556																												
2.14638889																																0.981481481	0.993750000																												
2.15472222																																0.985951469	1.005555556																												
2.16305556																																0.983397190	1.002083333																												
2.17138889																																0.986590038	0.981944444																												
2.17972222																																0.977011494	0.995833333																												
2.18805556																																0.979565773	1.000694444																												
2.19638889																																0.979565773	0.990277778																												
2.20472222																																0.978288633	1.013194444																												
2.21305556																																0.977011494	0.990277778																												
2.22138889																																0.987867178	1.006250000																												
2.22972222																																0.985312899	0.997222222																												
2.23805556																																1.000638570	1.003472222																												
2.24638889																																0.984035760	0.999305556																												
2.25472222																																1.007024266	1.000694444																												
2.26305556																																0.988505747	1.000694444																												
2.27138889																																0.994891443	1.012500000																												
2.27972222																																1.005108557	1.000694444																												
2.28805556																																0.991698595	0.983333333																												
2.29638889																																1.009578544	1.017361111																												
2.30472222																																0.991698595	0.996527778																												
2.31305556																																0.992337165	1.009722222																												
2.32138889																																0.992975734	1.010416667																												
2.32972222																																1.000000000	1.006944444																												
2.33805556																																1.005108557	0.993750000																												
2.34638889																																1.004469987	1.022916667																												
2.35472222																																1.018518519	0.999305556																												
2.36305556																																0.991060026	0.980555556																												
2.37138889																																0.987867178	0.993750000																												
2.37972222																																1.001277139	1.003472222																												
2.38805556																																0.984035760	0.984027778																												
2.39638889																																0.988505747	0.991666667																												
2.40472222																																0.993614304	0.990972222																												
2.41305556																																0.983397190	0.998611111																												
2.42138889																																0.995530013	0.997222222																												
2.42972222																																0.998084291	0.992361111																												
2.43805556																																0.992337165	0.994444444																												
2.44638889																																1.008301405	1.001388889																												
2.45472222																																1.007024266	0.991666667																												
2.46305556																																1.029374202	1.000000000																												
2.47138889																																1.006385696																													
2.47972222																																1.019795658																													
2.48805556																																1.004469987																													
2.49638889																																0.998722861																													
2.50472222																																0.995530013																													
2.51305556																																1.014048531																													
2.52138889																																1.001277139																													
2.52972222																																1.017879949																													
2.53805556																																1.006385696																													
2.54638889																																1.000000000																													
2.55472222																																1.020434227																													
2.56305556																																0.983397190																													
2.57138889																																1.007024266																													
2.57972222																																1.010217114																													
2.58805556																																1.000638570																													
2.59638889																																1.004469987																													
2.60472222																																1.016602810																													
2.61305556																																0.994891443																													
2.62138889																																1.000638570																													
2.62972222																																0.990421456																													
2.63805556																																1.000000000																													
2.64638889																																0.985312899																													
2.65472222																																0.991060026																													
2.66305556																																1.000000000																													