"time (h)"	"Relative fluorescence intensity (100 μM ThT)"	"Relative fluorescence intensity (100 μM ThT)"	"Relative fluorescence intensity (100 μM ThT)"	"Relative fluorescence intensity (20 μM ThT)"	"Relative fluorescence intensity (20 μM ThT)"	"Relative fluorescence intensity (20 μM ThT)"
0.000	-0.002	-0.008	0.010	0.006	-0.013	0.006
0.222	0.010	0.004	0.022	0.044	0.025	0.039
0.445	0.034	0.034	0.064	0.068	0.082	0.091
0.667	0.058	0.052	0.076	0.086	0.100	0.110
0.888	0.058	0.094	0.088	0.100	0.091	0.119
1.112	0.088	0.106	0.112	0.129	0.110	0.148
1.333	0.106	0.112	0.094	0.138	0.148	0.166
1.555	0.094	0.142	0.124	0.148	0.166	0.185
1.777	0.106	0.154	0.124	0.171	0.171	0.199
2.000	0.130	0.148	0.136	0.190	0.176	0.214
2.222	0.136	0.130	0.148	0.185	0.190	0.223
2.443	0.166	0.154	0.166	0.190	0.185	0.242
2.667	0.142	0.142	0.160	0.218	0.214	0.237
2.888	0.148	0.178	0.166	0.209	0.214	0.242
3.110	0.172	0.166	0.160	0.237	0.232	0.251
3.332	0.166	0.178	0.184	0.242	0.246	0.251
3.555	0.172	0.172	0.196	0.242	0.251	0.270
3.777	0.184	0.160	0.184	0.265	0.261	0.308
3.998	0.202	0.214	0.202	0.279	0.261	0.298
4.222	0.196	0.178	0.166	0.251	0.270	0.322
4.443	0.178	0.190	0.226	0.279	0.298	0.327
4.665	0.214	0.220	0.208	0.289	0.284	0.327
4.888	0.190	0.220	0.226	0.298	0.317	0.331
5.110	0.184	0.220	0.214	0.303	0.298	0.341
5.332	0.184	0.208	0.226	0.317	0.308	0.345
5.553	0.202	0.226	0.250	0.327	0.317	0.364
5.777	0.196	0.208	0.280	0.336	0.308	0.364
5.998	0.190	0.238	0.226	0.345	0.336	0.364
6.220	0.220	0.238	0.232	0.327	0.336	0.378
6.443	0.220	0.250	0.244	0.359	0.345	0.383
6.665	0.250	0.232	0.274	0.341	0.350	0.374
6.887	0.232	0.250	0.268	0.359	0.355	0.392
7.110	0.232	0.238	0.268	0.369	0.364	0.407
7.332	0.238	0.274	0.268	0.364	0.341	0.402
7.553	0.262	0.274	0.268	0.378	0.392	0.421
7.777	0.244	0.274	0.286	0.374	0.378	0.425
7.998	0.250	0.304	0.298	0.392	0.369	0.430
8.220	0.292	0.292	0.268	0.392	0.402	0.430
8.442	0.280	0.298	0.304	0.392	0.402	0.435
8.665	0.304	0.322	0.340	0.407	0.411	0.444
8.887	0.280	0.340	0.340	0.416	0.416	0.477
9.108	0.298	0.310	0.334	0.416	0.416	0.454
9.332	0.322	0.340	0.346	0.430	0.425	0.468
9.553	0.346	0.358	0.352	0.430	0.421	0.454
9.775	0.334	0.376	0.394	0.430	0.430	0.477
9.998	0.352	0.394	0.370	0.449	0.430	0.482
10.220	0.346	0.412	0.400	0.458	0.449	0.487
10.442	0.388	0.400	0.412	0.458	0.449	0.496
10.663	0.382	0.418	0.436	0.454	0.458	0.496
10.887	0.388	0.448	0.460	0.468	0.458	0.501
11.108	0.412	0.460	0.472	0.468	0.449	0.496
11.330	0.454	0.454	0.454	0.477	0.468	0.534
11.553	0.454	0.478	0.460	0.496	0.473	0.524
11.775	0.478	0.478	0.490	0.515	0.482	0.534
11.997	0.478	0.508	0.502	0.482	0.487	0.562
12.218	0.484	0.526	0.502	0.477	0.491	0.553
12.442	0.508	0.514	0.514	0.505	0.534	0.553
12.663	0.502	0.532	0.538	0.505	0.505	0.543
12.885	0.508	0.520	0.550	0.534	0.520	0.553
13.108	0.538	0.538	0.562	0.524	0.538	0.590
13.330	0.526	0.562	0.568	0.524	0.538	0.581
13.552	0.562	0.550	0.550	0.553	0.534	0.586
13.775	0.562	0.598	0.562	0.534	0.553	0.600
13.997	0.562	0.598	0.580	0.553	0.562	0.604
14.218	0.586	0.586	0.574	0.562	0.567	0.590
14.442	0.574	0.622	0.604	0.562	0.562	0.623
14.663	0.592	0.616	0.622	0.562	0.567	0.633
14.885	0.622	0.610	0.616	0.581	0.600	0.628
15.107	0.622	0.628	0.640	0.586	0.595	0.619
15.330	0.634	0.640	0.634	0.586	0.604	0.628
15.552	0.610	0.622	0.622	0.600	0.614	0.619
15.773	0.634	0.646	0.628	0.600	0.604	0.628
15.997	0.646	0.646	0.646	0.600	0.604	0.647
16.218	0.616	0.676	0.658	0.604	0.614	0.666
16.440	0.622	0.652	0.670	0.609	0.628	0.647
16.663	0.652	0.670	0.676	0.633	0.614	0.656
16.885	0.676	0.670	0.676	0.609	0.637	0.670
17.107	0.670	0.682	0.676	0.637	0.647	0.637
17.328	0.640	0.682	0.676	0.619	0.656	0.656
17.552	0.670	0.694	0.694	0.623	0.656	0.675
17.773	0.664	0.682	0.688	0.647	0.637	0.684
17.995	0.694	0.700	0.694	0.647	0.642	0.675
18.218	0.682	0.682	0.712	0.642	0.670	0.684
18.440	0.652	0.718	0.718	0.661	0.680	0.661
18.662	0.712	0.706	0.700	0.637	0.670	0.699
18.883	0.688	0.706	0.706	0.647	0.670	0.684
19.107	0.700	0.712	0.718	0.670	0.675	0.694
19.328	0.700	0.718	0.730	0.661	0.689	0.694
19.550	0.694	0.736	0.718	0.670	0.684	0.722
19.773	0.700	0.730	0.742	0.651	0.684	0.680
19.995	0.736	0.730	0.724	0.670	0.694	0.703
20.217	0.694	0.724	0.724	0.661	0.713	0.703
20.440	0.712	0.742	0.748	0.670	0.689	0.703
20.662	0.718	0.736	0.748	0.689	0.694	0.713
20.883	0.700	0.742	0.766	0.694	0.703	0.732
21.105	0.694	0.778	0.760	0.675	0.713	0.722
21.328	0.712	0.718	0.736	0.666	0.732	0.727
21.550	0.724	0.748	0.760	0.680	0.703	0.732
21.772	0.718	0.766	0.760	0.694	0.703	0.732
21.995	0.742	0.778	0.760	0.694	0.732	0.722
22.217	0.718	0.766	0.754	0.694	0.727	0.741
22.438	0.736	0.754	0.754	0.708	0.722	0.741
22.662	0.742	0.766	0.802	0.699	0.750	0.760
22.883	0.742	0.760	0.778	0.708	0.741	0.741
23.105	0.760	0.778	0.754	0.699	0.727	0.736
23.328	0.748	0.790	0.772	0.727	0.746	0.746
23.550	0.742	0.778	0.778	0.713	0.741	0.741
23.772	0.730	0.778	0.754	0.717	0.736	0.760
23.993	0.754	0.778	0.784	0.717	0.760	0.755
24.217	0.718	0.796	0.808	0.722	0.736	0.736
24.438	0.742	0.796	0.766	0.722	0.755	0.769
24.660	0.730	0.778	0.802	0.708	0.741	0.760
24.883	0.760	0.802	0.790	0.713	0.750	0.750
25.105	0.742	0.778	0.790	0.717	0.760	0.769
25.327	0.766	0.790	0.802	0.722	0.750	0.774
25.550	0.778	0.796	0.808	0.727	0.765	0.769
25.772	0.754	0.826	0.796	0.713	0.765	0.755
25.993	0.772	0.808	0.814	0.741	0.797	0.769
26.215	0.754	0.820	0.796	0.741	0.797	0.760
26.438	0.784	0.814	0.790	0.741	0.788	0.765
26.660	0.778	0.814	0.808	0.727	0.774	0.793
26.882	0.778	0.796	0.832	0.732	0.779	0.779
27.105	0.766	0.790	0.796	0.741	0.802	0.788
27.327	0.748	0.808	0.826	0.760	0.755	0.760
27.548	0.784	0.814	0.802	0.760	0.788	0.769
27.770	0.766	0.790	0.814	0.746	0.788	0.783
27.993	0.736	0.796	0.820	0.760	0.774	0.788
28.215	0.766	0.820	0.796	0.755	0.779	0.797
28.437	0.772	0.802	0.832	0.746	0.797	0.788
28.660	0.796	0.808	0.772	0.769	0.793	0.779
28.882	0.790	0.820	0.802	0.755	0.807	0.774
29.103	0.778	0.826	0.808	0.746	0.802	0.788
29.327	0.778	0.826	0.844	0.765	0.812	0.807
29.548	0.778	0.826	0.844	0.765	0.788	0.788
29.770	0.790	0.826	0.838	0.746	0.783	0.807
29.992	0.766	0.820	0.826	0.760	0.816	0.807
30.215	0.814	0.808	0.832	0.783	0.788	0.807
30.437	0.808	0.826	0.826	0.769	0.821	0.816
30.658	0.784	0.802	0.838	0.774	0.807	0.826
30.882	0.790	0.850	0.850	0.788	0.826	0.807
31.103	0.784	0.838	0.808	0.783	0.835	0.797
31.325	0.772	0.844	0.838	0.769	0.816	0.807
31.548	0.796	0.856	0.826	0.783	0.816	0.812
31.770	0.802	0.826	0.844	0.788	0.816	0.821
31.992	0.808	0.862	0.862	0.769	0.830	0.816
32.213	0.802	0.814	0.874	0.797	0.812	0.797
32.437	0.802	0.838	0.850	0.783	0.826	0.812
32.658	0.796	0.862	0.850	0.793	0.826	0.849
32.880	0.802	0.850	0.856	0.788	0.807	0.826
33.103	0.808	0.850	0.850	0.779	0.835	0.826
33.325	0.820	0.850	0.838	0.797	0.835	0.826
33.547	0.778	0.838	0.862	0.774	0.821	0.845
33.770	0.790	0.844	0.838	0.793	0.826	0.826
33.992	0.838	0.874	0.874	0.797	0.835	0.826
34.213	0.814	0.850	0.844	0.821	0.840	0.845
34.437	0.814	0.856	0.844	0.788	0.854	0.845
34.658	0.790	0.838	0.838	0.779	0.840	0.812
34.880	0.808	0.826	0.886	0.816	0.840	0.849
35.102	0.808	0.862	0.868	0.797	0.821	0.845
35.325	0.802	0.838	0.862	0.802	0.859	0.849
35.547	0.802	0.862	0.850	0.783	0.835	0.854
35.768	0.850	0.862	0.874	0.807	0.854	0.840
35.992	0.826	0.850	0.862	0.797	0.849	0.845
36.213	0.838	0.856	0.868	0.821	0.830	0.854
36.435	0.838	0.886	0.880	0.807	0.845	0.849
36.657	0.802	0.850	0.868	0.807	0.845	0.854
36.880	0.802	0.874	0.874	0.816	0.835	0.868
37.102	0.814	0.874	0.856	0.797	0.868	0.854
37.323	0.820	0.874	0.886	0.816	0.863	0.854
37.547	0.814	0.862	0.874	0.826	0.849	0.873
37.768	0.838	0.844	0.850	0.816	0.873	0.835
37.990	0.814	0.844	0.868	0.821	0.882	0.854
38.213	0.832	0.874	0.856	0.812	0.854	0.868
38.435	0.826	0.856	0.898	0.840	0.868	0.873
38.657	0.838	0.850	0.898	0.816	0.882	0.840
38.880	0.850	0.874	0.874	0.807	0.873	0.873
39.102	0.832	0.874	0.892	0.802	0.863	0.882
39.323	0.838	0.880	0.892	0.816	0.873	0.873
39.545	0.820	0.874	0.874	0.835	0.882	0.854
39.768	0.814	0.880	0.892	0.826	0.863	0.849
39.990	0.832	0.928	0.856	0.830	0.868	0.873
40.212	0.850	0.874	0.868	0.830	0.873	0.859
40.435	0.838	0.886	0.886	0.826	0.868	0.868
40.657	0.856	0.874	0.910	0.840	0.863	0.868
40.878	0.838	0.886	0.880	0.835	0.882	0.878
41.102	0.826	0.880	0.886	0.826	0.863	0.873
41.323	0.850	0.886	0.874	0.845	0.887	0.854
41.545	0.850	0.898	0.910	0.845	0.878	0.859
41.767	0.850	0.868	0.898	0.849	0.859	0.873
41.990	0.856	0.898	0.892	0.849	0.882	0.873
42.212	0.856	0.886	0.892	0.840	0.882	0.887
42.433	0.838	0.886	0.922	0.830	0.892	0.873
42.657	0.874	0.898	0.898	0.835	0.878	0.882
42.878	0.838	0.904	0.922	0.854	0.892	0.887
43.100	0.832	0.880	0.880	0.845	0.882	0.882
43.322	0.832	0.910	0.916	0.830	0.882	0.854
43.545	0.850	0.880	0.916	0.859	0.887	0.887
43.767	0.820	0.910	0.898	0.849	0.901	0.901
43.988	0.844	0.886	0.910	0.830	0.887	0.896
44.212	0.850	0.898	0.892	0.840	0.892	0.878
44.433	0.844	0.910	0.910	0.849	0.901	0.873
44.655	0.856	0.886	0.898	0.840	0.915	0.887
44.878	0.850	0.886	0.916	0.840	0.892	0.878
45.100	0.868	0.880	0.904	0.863	0.892	0.906
45.322	0.850	0.856	0.904	0.873	0.873	0.911
45.545	0.856	0.910	0.916	0.835	0.911	0.901
45.767	0.838	0.916	0.910	0.873	0.906	0.906
45.988	0.880	0.904	0.910	0.854	0.901	0.901
46.210	0.844	0.904	0.910	0.859	0.920	0.882
46.433	0.880	0.886	0.904	0.878	0.915	0.901
46.655	0.862	0.892	0.868	0.863	0.887	0.887
46.877	0.844	0.928	0.904	0.863	0.915	0.911
47.100	0.862	0.886	0.922	0.854	0.906	0.911
47.322	0.904	0.904	0.916	0.849	0.911	0.892
47.543	0.868	0.892	0.922	0.882	0.906	0.901
47.765	0.874	0.922	0.904	0.859	0.901	0.901
47.988	0.856	0.910	0.916	0.868	0.911	0.901
48.210	0.874	0.916	0.922	0.873	0.911	0.906
48.432	0.868	0.928	0.934	0.896	0.901	0.911
48.655	0.850	0.898	0.916	0.868	0.915	0.911
48.877	0.874	0.904	0.922	0.878	0.915	0.906
49.098	0.886	0.922	0.910	0.882	0.920	0.906
49.322	0.880	0.916	0.940	0.887	0.901	0.925
49.543	0.880	0.928	0.928	0.882	0.915	0.920
49.765	0.874	0.904	0.916	0.882	0.911	0.911
49.987	0.862	0.910	0.934	0.868	0.911	0.920
50.210	0.880	0.922	0.904	0.868	0.929	0.929
50.432	0.874	0.898	0.916	0.873	0.911	0.906
50.653	0.880	0.910	0.934	0.878	0.911	0.915
50.877	0.874	0.934	0.922	0.887	0.915	0.920
51.098	0.862	0.946	0.934	0.887	0.915	0.911
51.320	0.844	0.934	0.934	0.892	0.920	0.939
51.543	0.862	0.946	0.922	0.868	0.906	0.920
51.765	0.862	0.916	0.922	0.863	0.925	0.911
51.987	0.886	0.928	0.910	0.887	0.939	0.892
52.210	0.868	0.910	0.928	0.868	0.934	0.920
52.432	0.892	0.946	0.934	0.873	0.929	0.920
52.653	0.880	0.916	0.946	0.878	0.929	0.920
52.875	0.898	0.916	0.946	0.892	0.943	0.915
53.098	0.886	0.934	0.940	0.878	0.939	0.948
53.320	0.880	0.934	0.910	0.863	0.943	0.934
53.542	0.880	0.928	0.946	0.896	0.939	0.929
53.765	0.880	0.934	0.940	0.868	0.934	0.920
53.987	0.886	0.916	0.928	0.878	0.929	0.920
54.208	0.898	0.910	0.934	0.887	0.934	0.911
54.430	0.904	0.928	0.946	0.901	0.939	0.929
54.653	0.886	0.952	0.946	0.911	0.929	0.925
54.875	0.892	0.922	0.940	0.892	0.939	0.934
55.097	0.874	0.928	0.958	0.863	0.929	0.934
55.320	0.886	0.934	0.952	0.887	0.925	0.934
55.542	0.910	0.928	0.934	0.901	0.934	0.943
55.763	0.874	0.934	0.952	0.882	0.939	0.939
55.987	0.898	0.940	0.928	0.901	0.948	0.934
56.208	0.910	0.958	0.934	0.892	0.958	0.948
56.430	0.904	0.934	0.946	0.920	0.953	0.939
56.653	0.916	0.940	0.952	0.915	0.943	0.939
56.875	0.898	0.910	0.964	0.873	0.948	0.943
57.097	0.898	0.934	0.940	0.920	0.958	0.958
57.318	0.910	0.910	0.952	0.911	0.948	0.934
57.542	0.892	0.946	0.940	0.915	0.943	0.939
57.763	0.898	0.958	0.952	0.911	0.929	0.934
57.985	0.886	0.946	0.982	0.911	0.934	0.934
58.208	0.880	0.946	0.946	0.901	0.943	0.929
58.430	0.916	0.940	0.964	0.892	0.948	0.948
58.652	0.910	0.952	0.946	0.896	0.934	0.948
58.873	0.898	0.940	0.940	0.896	0.943	0.948
59.097	0.892	0.940	0.928	0.901	0.953	0.939
59.318	0.874	0.976	0.934	0.901	0.943	0.939
59.540	0.898	0.898	0.928	0.911	0.962	0.958
59.763	0.892	0.922	0.946	0.901	0.948	0.943
59.985	0.904	0.946	0.946	0.911	0.962	0.953
60.207	0.898	0.940	0.958	0.906	0.962	0.948
60.430	0.880	0.934	0.946	0.925	0.953	0.934
60.652	0.922	0.946	0.958	0.911	0.953	0.962
60.873	0.886	0.946	0.964	0.911	0.972	0.972
61.097	0.898	0.970	0.964	0.911	0.948	0.953
61.318	0.916	0.940	0.964	0.901	0.967	0.948
61.540	0.880	0.946	0.952	0.901	0.958	0.967
61.762	0.904	0.952	0.946	0.915	0.962	0.948
61.985	0.892	0.958	0.958	0.929	0.967	0.976
62.207	0.886	0.946	0.958	0.906	0.958	0.962
62.428	0.904	0.952	0.964	0.915	0.953	0.925
62.652	0.910	0.976	0.970	0.920	0.958	0.958
62.873	0.928	0.934	0.964	0.906	0.972	0.981
63.095	0.874	0.934	0.970	0.920	0.953	0.958
63.318	0.880	0.958	0.952	0.911	0.967	0.962
63.540	0.886	0.934	0.982	0.911	0.972	0.948
63.762	0.904	0.958	0.952	0.929	0.958	0.967
63.983	0.910	0.976	0.958	0.939	0.958	0.981
64.207	0.904	0.976	0.958	0.920	0.958	0.967
64.428	0.928	0.982	0.970	0.925	0.981	0.958
64.650	0.898	0.946	0.952	0.929	0.962	0.962
64.873	0.922	0.958	0.964	0.929	0.967	0.962
65.095	0.922	0.976	0.982	0.929	0.958	0.981
65.317	0.898	0.964	0.964	0.943	0.981	0.981
65.538	0.910	0.976	0.982	0.934	0.958	0.958
65.762	0.892	0.964	0.970	0.929	0.967	0.958
65.983	0.916	0.952	0.970	0.920	0.967	0.967
66.205	0.904	0.970	0.958	0.943	0.962	0.958
66.428	0.916	0.946	0.946	0.929	0.958	0.986
66.650	0.928	0.958	0.964	0.925	0.972	0.976
66.872	0.910	0.958	0.970	0.915	0.976	0.972
67.095	0.934	0.994	0.958	0.915	0.976	0.981
67.317	0.934	0.958	0.970	0.929	0.976	0.976
67.538	0.904	0.970	0.964	0.925	0.976	0.986
67.762	0.916	0.946	0.964	0.929	0.976	0.995
67.983	0.922	0.952	0.982	0.920	0.976	0.962
68.205	0.934	0.970	0.964	0.939	0.972	0.981
68.427	0.952	0.982	0.982	0.934	0.991	0.967
68.650	0.916	0.976	0.982	0.948	0.991	0.976
68.872	0.934	0.976	0.970	0.929	0.981	0.981
69.093	0.934	0.970	0.994	0.915	1.000	0.981
69.317	0.922	0.958	0.970	0.943	0.991	0.981
69.538	0.916	0.964	0.970	0.920	0.991	0.962
69.760	0.922	0.970	0.970	0.929	0.967	0.972
69.982	0.922	0.958	0.940	0.958	0.962	0.981
70.205	0.922	0.964	0.970	0.929	0.976	0.986
70.427	0.910	0.940	0.976	0.925	0.995	0.967
70.648	0.898	0.970	0.958	0.929	0.958	0.991
70.872	0.940	0.976	0.970	0.929	0.981	0.976
71.093	0.934	0.970	0.982	0.939	0.967	0.976
71.315	0.928	0.964	0.958	0.943	0.986	0.995
71.538	0.934	0.982	0.988	0.943	1.000	0.995
71.760	0.910	0.946	0.982	0.929	0.981	1.000
71.982	0.946	0.994	0.988	0.939	0.976	0.981
72.203	0.940	0.958	0.970	0.929	0.981	0.995
72.427	0.940	0.988	1.006	0.939	0.986	0.986
72.648	0.952	0.976	0.982	0.920	0.981	0.972
72.870	0.910	0.976	0.994	0.948	0.976	0.972
73.093	0.934	0.982	0.970	0.939	0.986	0.981
73.315	0.928	0.982	0.994	0.943	0.995	0.981
73.537	0.916	0.958	0.982	0.948	0.995	0.986
73.760	0.922	0.964	0.958	0.943	0.976	0.986
73.982	0.946	1.000	0.988	0.939	0.976	1.000
74.203	0.910	0.982	0.994	0.953	0.986	0.995
74.427	0.940	0.964	1.000	0.962	0.986	0.986
74.648	0.922	0.988	0.976	0.962	0.995	0.995
74.870	0.952	0.970	1.000	0.958	1.005	0.986
75.092	0.910	0.964	0.976	0.939	0.995	1.005
75.315	0.940	0.958	0.994	0.929	1.000	0.972
75.537	0.952	0.976	0.958	0.934	0.991	0.995
75.758	0.946	0.964	0.970	0.948	1.000	0.986
75.982	0.916	0.958	0.982	0.953	0.981	1.005
76.203	0.934	0.982	0.964	0.948	0.986	0.991
76.425	0.928	0.970	0.982	0.948	0.967	0.986
76.648	0.934	0.988	0.970	0.939	0.995	0.986
76.870	0.970	0.994	0.976	0.962	0.991	1.000
77.092	0.946	0.982	0.982	0.948	0.986	0.976
77.313	0.952	0.970	1.012	0.939	1.000	0.976
77.537	0.958	0.976	0.994	0.948	1.019	1.000
77.758	0.934	0.982	0.988	0.929	0.995	0.995
77.980	0.964	0.976	0.994	0.948	1.000	0.986
78.203	0.904	0.982	0.964	0.953	0.981	0.991
78.425	0.940	0.970	0.982	0.943	1.005	0.995
78.647	0.928	0.994	0.982	0.943	0.986	0.995
78.868	0.934	0.982	0.982	0.948	0.976	1.019
79.092	0.940	0.976	0.982	0.958	1.005	0.995
79.313	0.934	0.958	0.970	0.939	0.986	0.995
79.535	0.916	0.970	1.000	0.943	0.995	0.995
79.758	0.922	0.970	1.012	0.972	0.991	0.995
79.980	0.946	1.000	0.970	0.958	0.995	0.967
80.202	0.958	0.982	0.994	0.953	0.995	0.991
80.425	0.952	0.994	1.018	0.948	0.981	1.000
80.647	0.946	0.982	0.982	0.943	0.986	0.986
80.868	0.946	0.982	0.970	0.967	0.995	0.986
81.090	0.928	0.970	1.000	0.958	0.995	0.995
81.313	0.952	0.994	1.000	0.934	1.005	0.991
81.535	0.958	0.988	0.976	0.967	0.995	0.986
81.757	0.946	0.964	0.964	0.953	0.991	1.014
81.980	0.946	0.970	1.006	0.939	1.005	0.976
82.202	0.946	0.964	1.012	0.948	1.000	1.014
82.423	0.934	0.982	0.982	0.948	1.009	0.995
82.647	0.940	1.000	0.988	0.958	1.005	0.986
82.868	0.958	0.994	0.994	0.953	0.991	1.000
83.090	0.958	0.976	0.970	0.948	1.005	0.995
83.313	0.904	0.982	0.988	0.943	0.981	0.991
83.535	0.952	0.982	1.006	0.911	1.005	0.986
83.757	0.946	0.976	0.976	0.948	1.000	1.000
83.978	0.952	0.982	0.976	0.948	1.019	0.972
84.202	0.916	1.000	0.994	0.948	0.976	1.009
84.423	0.922	0.982	0.970	0.939	1.000	0.967
84.645	0.964	0.958	0.982	0.948	0.995	0.986
84.868	0.946	1.000	0.994	0.948	1.009	0.995
85.090	0.916	0.970	0.982	0.962	1.019	1.000
85.312	0.946	0.994	1.000	0.948	0.986	0.986
85.535	0.928	0.988	0.994	0.967	0.995	1.019
85.757	0.946	0.988	0.994	0.967	1.005	0.995
85.978	0.934	0.970	1.012	0.976	0.991	1.028
86.200	0.928	0.988	0.988	0.939	1.005	1.005
86.423	0.934	0.970	1.012	0.958	1.014	1.000
86.645	0.934	0.970	0.994	0.948	0.995	0.995
86.867	0.934	0.988	1.030	0.981	1.019	0.991
87.090	0.922	0.982	0.988	0.953	1.000	1.009
87.312	0.940	0.982	0.994	0.958	1.005	1.009
87.533	0.952	0.988	0.982	0.943	1.009	0.995
87.757	0.958	0.994	0.976	0.948	0.995	1.009
87.978	0.922	0.970	0.994	0.958	1.005	1.000
88.200	0.922	0.976	1.012	0.972	1.005	1.009
88.422	0.928	0.994	0.994	0.939	1.000	1.024
88.645	0.946	0.982	0.994	0.958	1.014	1.019
88.867	0.970	1.006	1.006	0.948	1.005	0.995
89.088	0.976	0.982	0.994	0.939	0.995	1.005
89.312	0.964	1.000	0.982	0.981	1.014	1.005
89.533	0.958	0.988	0.994	0.958	0.986	1.028
89.755	0.958	1.012	0.994	0.958	1.014	1.014
89.977	0.946	0.982	1.018	0.948	1.005	0.991
90.200	0.952	0.982	1.012	0.953	1.005	1.005
90.422	0.946	0.970	0.994	0.958	1.014	1.014
90.643	0.970	1.012	1.018	0.981	1.000	1.005
90.867	0.952	1.000	0.994	0.967	1.009	1.005
91.088	0.934	0.982	0.988	0.958	1.024	1.000
91.310	0.952	1.006	1.018	0.976	1.024	0.995