"time (h)"	"Fluoresence intensity (a.u.) 1000 nM JB6"	"Fluoresence intensity (a.u.) 1000 nM JB6"	"Fluoresence intensity (a.u.) 1000 nM JB6"	"Fluoresence intensity (a.u.) 1000 nM JB6"	"Fluoresence intensity (a.u.) 1000 nM JB6"	"Fluoresence intensity (a.u.) 1000 nM JB6"	"Fluoresence intensity (a.u.) 1000 nM JB6"	"Fluoresence intensity (a.u.) 300 nM"	"Fluoresence intensity (a.u.) 300 nM"	"Fluoresence intensity (a.u.) 300 nM"	"Fluoresence intensity (a.u.) 300 nM"	"Fluoresence intensity (a.u.) 300 nM"	"Fluoresence intensity (a.u.) 300 nM"	"Fluoresence intensity (a.u.) 300 nM"	"Fluoresence intensity (a.u.) 150 nM"	"Fluoresence intensity (a.u.) 150 nM"	"Fluoresence intensity (a.u.) 150 nM"	"Fluoresence intensity (a.u.) 150 nM"	"Fluoresence intensity (a.u.) 150 nM"	"Fluoresence intensity (a.u.) 150 nM"	"Fluoresence intensity (a.u.) 150 nM"	"Fluoresence intensity (a.u.) 50 nM"	"Fluoresence intensity (a.u.) 50 nM"	"Fluoresence intensity (a.u.) 50 nM"	"Fluoresence intensity (a.u.) 50 nM"	"Fluoresence intensity (a.u.) 50 nM"	"Fluoresence intensity (a.u.) 50 nM"	"Fluoresence intensity (a.u.) 50 nM"	"Fluoresence intensity (a.u.) 0 nM"	"Fluoresence intensity (a.u.) 0 nM"	"Fluoresence intensity (a.u.) 0 nM"	"Fluoresence intensity (a.u.) 0 nM"	"Fluoresence intensity (a.u.) 0 nM"	"Fluoresence intensity (a.u.) 0 nM"	"Fluoresence intensity (a.u.) 0 nM"
0.00000000000000	0.3763	0.3875	0.3911	0.3917	0.3986			0.3618	0.3745	0.3750	0.3774	0.3760			0.403	0.410	0.416	0.423	0.425			0.4390	0.4594	0.4626	0.4622	0.4669			0.5912	0.6257	0.6188	0.6256	0.6357	0.6529	0.6613
0.22166666666667	0.3599	0.3737	0.3754	0.3746	0.3810			0.3466	0.3566	0.3540	0.3590	0.3570			0.386	0.393	0.397	0.405	0.404			0.4399	0.4596	0.4644	0.4618	0.4650			0.6203	0.6622	0.6563	0.6710	0.6821	0.7057	0.7134
0.44333333333333	0.3588	0.3682	0.3712	0.3704	0.3773			0.3430	0.3520	0.3532	0.3506	0.3535			0.386	0.391	0.397	0.404	0.403			0.4610	0.4648	0.4655	0.4694	0.4624			0.6685	0.7172	0.7100	0.7284	0.7397	0.7652	0.7786
0.66500000000000	0.3594	0.3691	0.3723	0.3729	0.3768			0.3396	0.3514	0.3510	0.3527	0.3543			0.392	0.395	0.400	0.409	0.410			0.4691	0.4774	0.4912	0.4802	0.4875			0.7176	0.7781	0.7685	0.7837	0.8010	0.8324	0.8463
0.88666666666667	0.3605	0.3712	0.3766	0.3756	0.3796			0.3452	0.3540	0.3508	0.3538	0.3568			0.398	0.395	0.411	0.414	0.416			0.4892	0.5035	0.5097	0.5051	0.5101			0.7649	0.8268	0.8208	0.8436	0.8546	0.8866	0.9049
1.10833333333333	0.3598	0.3740	0.3780	0.3773	0.3798			0.3480	0.3514	0.3552	0.3542	0.3574			0.402	0.400	0.417	0.422	0.424			0.5056	0.5195	0.5362	0.5243	0.5380			0.8035	0.8726	0.8690	0.8909	0.9008	0.9382	0.9602
1.33000000000000	0.3638	0.3750	0.3799	0.3758	0.3837			0.3509	0.3563	0.3548	0.3554	0.3601			0.407	0.405	0.419	0.434	0.431			0.5210	0.5421	0.5584	0.5457	0.5609			0.8451	0.9128	0.9108	0.9290	0.9488	0.9856	1.0123
1.55166666666667	0.3627	0.3773	0.3770	0.3772	0.3816			0.3466	0.3554	0.3578	0.3629	0.3618			0.412	0.410	0.418	0.442	0.433			0.5385	0.5626	0.5838	0.5565	0.5798			0.8825	0.9495	0.9533	0.9752	0.9946	1.0303	1.0603
1.77333333333333	0.3655	0.3775	0.3787	0.3789	0.3829			0.3472	0.3587	0.3596	0.3618	0.3600			0.413	0.409	0.423	0.449	0.427			0.5546	0.5771	0.6098	0.5825	0.6039			0.9171	0.9855	0.9913	1.0105	1.0217	1.0706	1.0955
1.99500000000000	0.3682	0.3783	0.3818	0.3788	0.3849			0.3457	0.3570	0.3595	0.3638	0.3682			0.422	0.411	0.432	0.451	0.425			0.5707	0.5958	0.6257	0.5993	0.6235			0.9438	1.0239	1.0237	1.0544	1.0678	1.1106	1.1394
2.21666666666667	0.3698	0.3818	0.3831	0.3826	0.3862			0.3461	0.3606	0.3582	0.3648	0.3688			0.424	0.417	0.436	0.453	0.431			0.5876	0.6127	0.6444	0.6195	0.6436			0.9795	1.0580	1.0688	1.0946	1.1038	1.1483	1.1805
2.43833333333333	0.3689	0.3815	0.3820	0.3803	0.3895			0.3473	0.3624	0.3608	0.3658	0.3688			0.425	0.422	0.436	0.456	0.443			0.5980	0.6349	0.6694	0.6376	0.6609			1.0070	1.0813	1.0939	1.1209	1.1385	1.1925	1.2270
2.66000000000000	0.3679	0.3853	0.3811	0.3860	0.3889			0.3514	0.3643	0.3646	0.3662	0.3711			0.430	0.426	0.440	0.461	0.450			0.6206	0.6469	0.6878	0.6528	0.6774			1.0440	1.1223	1.1234	1.1626	1.1762	1.2258	1.2808
2.88166666666667	0.3718	0.3855	0.3868	0.3864	0.3902			0.3542	0.3653	0.3669	0.3684	0.3738			0.435	0.423	0.438	0.465	0.459			0.6328	0.6650	0.7083	0.6664	0.7013			1.0708	1.1599	1.1656	1.1912	1.2174	1.2744	1.3255
3.10333333333333	0.3738	0.3843	0.3887	0.3906	0.3922			0.3523	0.3692	0.3668	0.3695	0.3773			0.440	0.428	0.447	0.473	0.467			0.6541	0.6831	0.7285	0.6850	0.7138			1.0899	1.1815	1.1956	1.2385	1.2662	1.3234	1.3808
3.32500000000000	0.3742	0.3860	0.3877	0.3898	0.3956			0.3564	0.3672	0.3696	0.3755	0.3787			0.443	0.433	0.450	0.479	0.474			0.6657	0.6991	0.7530	0.7029	0.7317			1.1246	1.2366	1.2462	1.2880	1.3154	1.3728	1.4408
3.54666666666667	0.3752	0.3879	0.3903	0.3915	0.3936			0.3557	0.3714	0.3727	0.3734	0.3820			0.449	0.434	0.454	0.481	0.485			0.6840	0.7190	0.7789	0.7247	0.7517			1.1608	1.2668	1.2801	1.3298	1.3592	1.4223	1.4829
3.76833333333333	0.3736	0.3879	0.3915	0.3915	0.3934			0.3606	0.3729	0.3724	0.3769	0.3828			0.454	0.440	0.459	0.488	0.499			0.6991	0.7314	0.8001	0.7420	0.7694			1.1903	1.3094	1.3293	1.3855	1.4251	1.4658	1.5533
3.99000000000000	0.3791	0.3903	0.3926	0.3966	0.3946			0.3615	0.3726	0.3724	0.3807	0.3865			0.463	0.442	0.467	0.500	0.509			0.7128	0.7545	0.8211	0.7608	0.7894			1.2258	1.3513	1.3810	1.4371	1.4898	1.5196	1.6098
4.21166666666667	0.3779	0.3916	0.3955	0.3969	0.3979			0.3661	0.3737	0.3774	0.3821	0.3863			0.465	0.450	0.471	0.503	0.522			0.7303	0.7701	0.8442	0.7852	0.8074			1.2738	1.4084	1.4148	1.4941	1.5384	1.5797	1.6726
4.43333333333333	0.3792	0.3963	0.3970	0.3990	0.3984			0.3647	0.3758	0.3764	0.3838	0.3881			0.469	0.452	0.477	0.508	0.534			0.7477	0.7797	0.8738	0.7862	0.8219			1.3156	1.4521	1.4522	1.5396	1.5916	1.6244	1.7126
4.65500000000000	0.3806	0.3962	0.3978	0.3984	0.4022			0.3687	0.3770	0.3762	0.3852	0.3901			0.478	0.458	0.487	0.521	0.548			0.7711	0.8065	0.9157	0.8158	0.8498			1.3752	1.5074	1.5048	1.5923	1.6494	1.6673	1.7928
4.87666666666667	0.3805	0.3993	0.4018	0.3962	0.4050			0.3680	0.3816	0.3822	0.3850	0.3906			0.484	0.468	0.494	0.535	0.566			0.7869	0.8245	0.9546	0.8335	0.8631			1.4105	1.5517	1.5636	1.6507	1.7087	1.7285	1.8527
5.09833333333333	0.3822	0.3974	0.3996	0.4000	0.4014			0.3712	0.3814	0.3834	0.3861	0.3924			0.489	0.475	0.496	0.543	0.583			0.8062	0.8460	0.9922	0.8565	0.8871			1.4729	1.6108	1.6219	1.7038	1.7798	1.7780	1.9202
5.32000000000000	0.3817	0.3980	0.4010	0.4020	0.4058			0.3708	0.3818	0.3814	0.3867	0.3940			0.505	0.485	0.503	0.557	0.602			0.8266	0.8743	1.0343	0.8794	0.9090			1.5256	1.6611	1.6682	1.7612	1.8326	1.8438	1.9745
5.54166666666667	0.3860	0.4004	0.4010	0.4012	0.4059			0.3715	0.3840	0.3856	0.3863	0.3947			0.515	0.497	0.515	0.572	0.632			0.8548	0.8916	1.0813	0.9025	0.9316			1.5743	1.7086	1.7196	1.8228	1.9022	1.8878	2.0358
5.76333333333333	0.3867	0.4035	0.4046	0.3999	0.4066			0.3718	0.3842	0.3855	0.3884	0.3955			0.524	0.508	0.525	0.584	0.661			0.8727	0.9237	1.1334	0.9304	0.9601			1.6373	1.7601	1.7714	1.8903	1.9559	1.9534	2.1018
5.98500000000000	0.3847	0.4003	0.4045	0.4082	0.4106			0.3728	0.3868	0.3888	0.3888	0.3964			0.534	0.518	0.533	0.597	0.692			0.9089	0.9580	1.1955	0.9615	0.9899			1.6884	1.8312	1.8224	1.9316	2.0236	1.9912	2.1514
6.20666666666667	0.3885	0.4034	0.4046	0.4064	0.4107			0.3750	0.3867	0.3871	0.3925	0.4017			0.549	0.529	0.549	0.615	0.728			0.9370	0.9852	1.2462	0.9955	1.0244			1.7464	1.8792	1.8790	1.9970	2.0644	2.0668	2.2111
6.42833333333333	0.3871	0.4031	0.4074	0.4046	0.4108			0.3767	0.3890	0.3909	0.3928	0.3994			0.557	0.540	0.556	0.637	0.768			0.9754	1.0217	1.2983	1.0335	1.0479			1.8110	1.9359	1.9366	2.0451	2.1222	2.1142	2.2686
6.65000000000000	0.3886	0.4078	0.4093	0.4052	0.4117			0.3799	0.3904	0.3898	0.3957	0.4019			0.575	0.564	0.571	0.671	0.821			1.0124	1.0721	1.3763	1.0693	1.0906			1.8736	1.9937	2.0019	2.1109	2.1676	2.1690	2.3121
6.87166666666667	0.3917	0.4106	0.4094	0.4093	0.4133			0.3802	0.3894	0.3928	0.3962	0.4036			0.597	0.579	0.588	0.697	0.861			1.0570	1.1181	1.4255	1.1185	1.1286			1.9184	2.0530	2.0489	2.1585	2.2201	2.2301	2.3656
7.09333333333333	0.3889	0.4090	0.4114	0.4075	0.4184			0.3823	0.3909	0.3930	0.3973	0.4048			0.617	0.599	0.601	0.737	0.922			1.0981	1.1646	1.4973	1.1653	1.1688			1.9786	2.1250	2.1114	2.2215	2.2634	2.2994	2.4026
7.31500000000000	0.3928	0.4141	0.4099	0.4090	0.4178			0.3823	0.3930	0.3904	0.4011	0.4061			0.642	0.629	0.623	0.777	0.971			1.1391	1.2170	1.5694	1.2150	1.2110			2.0368	2.1640	2.1560	2.2730	2.3071	2.3405	2.4585
7.53666666666667	0.3928	0.4115	0.4138	0.4103	0.4171			0.3819	0.3924	0.3938	0.3996	0.4106			0.674	0.653	0.647	0.815	1.032			1.2022	1.2629	1.6291	1.2670	1.2646			2.0797	2.2367	2.2034	2.3357	2.3632	2.3766	2.4798
7.75833333333333	0.3936	0.4128	0.4128	0.4118	0.4185			0.3851	0.3947	0.3935	0.3989	0.4094			0.703	0.686	0.674	0.854	1.096			1.2501	1.3242	1.7006	1.3144	1.3036			2.1287	2.2694	2.2567	2.3686	2.3992	2.4235	2.5226
7.98000000000000	0.3928	0.4141	0.4108	0.4146	0.4178			0.3852	0.3989	0.3971	0.3997	0.4096			0.741	0.722	0.701	0.903	1.164			1.2945	1.3836	1.7755	1.3685	1.3591			2.1902	2.3214	2.3060	2.4082	2.4289	2.4533	2.5638
8.20166666666667	0.3970	0.4137	0.4146	0.4139	0.4228			0.3867	0.3960	0.3972	0.4012	0.4141			0.784	0.759	0.741	0.950	1.243			1.3633	1.4507	1.8289	1.4261	1.4175			2.2366	2.3727	2.3446	2.4752	2.4614	2.4990	2.5904
8.42333333333333	0.3982	0.4134	0.4187	0.4180	0.4218			0.3858	0.3950	0.3984	0.4028	0.4177			0.826	0.800	0.776	1.005	1.312			1.4111	1.5118	1.8933	1.4856	1.4661			2.2912	2.4096	2.3766	2.5032	2.5128	2.5327	2.6118
8.64500000000000	0.3963	0.4160	0.4146	0.4177	0.4216			0.3881	0.3993	0.4010	0.4033	0.4205			0.874	0.843	0.818	1.060	1.394			1.4699	1.5734	1.9478	1.5605	1.5312			2.3258	2.4423	2.4148	2.5159	2.5456	2.5577	2.6559
8.86666666666667	0.3966	0.4157	0.4182	0.4180	0.4245			0.3904	0.3994	0.3988	0.4039	0.4214			0.924	0.878	0.864	1.135	1.465			1.5392	1.6473	2.0010	1.6040	1.5834			2.3805	2.4613	2.4660	2.5619	2.5684	2.6047	2.6758
9.08833333333334	0.3966	0.4190	0.4208	0.4168	0.4210			0.3881	0.4016	0.4011	0.4038	0.4282			0.980	0.927	0.912	1.186	1.538			1.5962	1.7054	2.0629	1.6815	1.6496			2.4149	2.5110	2.4891	2.5862	2.6071	2.6150	2.7091
9.31000000000000	0.3989	0.4155	0.4212	0.4201	0.4233			0.3924	0.4034	0.4006	0.4060	0.4322			1.041	0.975	0.969	1.264	1.605			1.6672	1.7636	2.1202	1.7337	1.7095			2.4806	2.5404	2.5404	2.6526	2.6371	2.6710	2.7395
9.53166666666667	0.4004	0.4188	0.4180	0.4196	0.4242			0.3928	0.4023	0.4014	0.4086	0.4387			1.107	1.041	1.024	1.334	1.698			1.7413	1.8232	2.1595	1.8149	1.7707			2.5226	2.5840	2.5672	2.6777	2.6660	2.7006	2.7645
9.75333333333333	0.4015	0.4212	0.4237	0.4219	0.4271			0.3970	0.4020	0.4028	0.4073	0.4444			1.171	1.087	1.085	1.397	1.781			1.7962	1.8847	2.2039	1.8661	1.8288			2.5439	2.6269	2.5894	2.6963	2.6711	2.7258	2.8014
9.97500000000000	0.4002	0.4197	0.4231	0.4192	0.4284			0.3952	0.4021	0.4042	0.4111	0.4496			1.238	1.151	1.148	1.461	1.870			1.8502	1.9476	2.2529	1.9256	1.8854			2.5978	2.6471	2.6108	2.7294	2.7180	2.7576	2.8131
10.19666666666670	0.4017	0.4229	0.4230	0.4221	0.4268			0.3978	0.4033	0.4094	0.4100	0.4623			1.299	1.212	1.216	1.531	1.912			1.9139	2.0136	2.2867	1.9835	1.9438			2.6386	2.6638	2.6664	2.7728	2.7358	2.7898	2.8477
10.41833333333330	0.4012	0.4234	0.4233	0.4259	0.4262			0.3972	0.4051	0.4080	0.4142	0.4698			1.373	1.270	1.272	1.592	1.986			1.9756	2.0535	2.3230	2.0513	2.0035			2.6684	2.6928	2.6963	2.8024	2.7594	2.7903	2.8600
10.64000000000000	0.4029	0.4248	0.4240	0.4227	0.4278			0.3986	0.4048	0.4042	0.4142	0.4830			1.445	1.336	1.338	1.663	2.062			2.0306	2.1275	2.3844	2.1055	2.0365			2.7150	2.7110	2.7189	2.8356	2.7852	2.8408	2.8855
10.86166666666670	0.4034	0.4262	0.4269	0.4246	0.4312			0.4008	0.4066	0.4106	0.4136	0.5020			1.499	1.392	1.411	1.709	2.128			2.0880	2.1746	2.4082	2.1688	2.0824			2.7539	2.7490	2.7530	2.8534	2.8110	2.8673	2.9124
11.08333333333330	0.4067	0.4267	0.4270	0.4262	0.4316			0.4018	0.4055	0.4096	0.4191	0.5188			1.573	1.454	1.467	1.758	2.205			2.1510	2.2280	2.4417	2.2251	2.1348			2.7755	2.7872	2.7772	2.8589	2.8352	2.8948	2.9454
11.30500000000000	0.4100	0.4300	0.4302	0.4287	0.4331			0.4042	0.4034	0.4134	0.4190	0.5364			1.644	1.512	1.528	1.825	2.266			2.2089	2.2708	2.4750	2.2875	2.1675			2.8063	2.8056	2.8067	2.9032	2.8498	2.8964	2.9474
11.52666666666670	0.4043	0.4277	0.4291	0.4271	0.4340			0.4044	0.4078	0.4114	0.4206	0.5669			1.699	1.579	1.601	1.871	2.320			2.2652	2.3236	2.4887	2.3439	2.2317			2.8355	2.8307	2.8274	2.9252	2.8708	2.9187	2.9862
11.74833333333330	0.4049	0.4288	0.4273	0.4277	0.4348			0.4080	0.4099	0.4118	0.4208	0.5967			1.757	1.635	1.666	1.912	2.371			2.3008	2.3704	2.5268	2.3899	2.2848			2.8622	2.8468	2.8506	2.9374	2.9073	2.9309	3.0026
11.97000000000000	0.4062	0.4275	0.4306	0.4299	0.4378			0.4102	0.4089	0.4112	0.4221	0.6338			1.824	1.705	1.717	1.962	2.412			2.3453	2.4064	2.5707	2.4288	2.3327			2.8980	2.8888	2.8695	2.9673	2.9196	2.9608	3.0006
12.19166666666670	0.4096	0.4321	0.4294	0.4295	0.4346			0.4133	0.4100	0.4165	0.4264	0.6756			1.876	1.741	1.774	2.014	2.467			2.3922	2.4449	2.5805	2.4767	2.3699			2.9229	2.8999	2.9090	2.9782	2.9160	2.9884	3.0394
12.41333333333330	0.4052	0.4322	0.4334	0.4267	0.4363			0.4148	0.4088	0.4164	0.4272	0.7189			1.929	1.799	1.816	2.059	2.508			2.4383	2.4734	2.6319	2.5423	2.4054			2.9446	2.8994	2.8988	3.0009	2.9538	3.0063	3.0531
12.63500000000000	0.4101	0.4335	0.4317	0.4314	0.4342			0.4149	0.4105	0.4195	0.4312	0.7624			1.987	1.849	1.854	2.101	2.550			2.4737	2.5212	2.6568	2.5910	2.4422			2.9791	2.9258	2.9585	3.0279	2.9758	3.0248	3.0731
12.85666666666670	0.4084	0.4320	0.4337	0.4315	0.4386			0.4182	0.4129	0.4207	0.4375	0.8070			2.029	1.933	1.907	2.127	2.613			2.5193	2.5548	2.6953	2.6090	2.4909			3.0235	2.9396	2.9934	3.0502	3.0052	3.0498	3.0993
13.07833333333330	0.4112	0.4348	0.4332	0.4324	0.4367			0.4226	0.4115	0.4243	0.4447	0.8704			2.070	1.967	1.948	2.174	2.635			2.5648	2.5792	2.7158	2.6496	2.5310			3.0329	2.9618	2.9929	3.0458	2.9985	3.0466	3.1102
13.30000000000000	0.4070	0.4340	0.4334	0.4369	0.4388			0.4228	0.4130	0.4271	0.4492	0.9355			2.108	2.030	2.002	2.214	2.676			2.6121	2.5999	2.7229	2.6882	2.5646			3.0601	2.9826	2.9996	3.0651	3.0122	3.0615	3.1229
13.52166666666670	0.4104	0.4363	0.4380	0.4326	0.4375			0.4269	0.4123	0.4322	0.4598	1.0002			2.157	2.067	2.045	2.262	2.728			2.6377	2.6518	2.7585	2.7512	2.6062			3.0572	3.0118	3.0175	3.1238	3.0362	3.0897	3.1334
13.74333333333330	0.4096	0.4363	0.4348	0.4361	0.4401			0.4337	0.4146	0.4410	0.4697	1.0724			2.199	2.113	2.075	2.320	2.736			2.6776	2.6797	2.8023	2.7771	2.6347			3.0924	3.0271	3.0466	3.1308	3.0558	3.1234	3.1644
13.96500000000000	0.4104	0.4365	0.4372	0.4367	0.4389			0.4386	0.4139	0.4454	0.4874	1.1457			2.237	2.139	2.097	2.343	2.781			2.7083	2.7112	2.8202	2.8116	2.6717			3.0897	3.0706	3.0816	3.1378	3.0685	3.1439	3.1578
14.18666666666670	0.4156	0.4364	0.4378	0.4374	0.4437			0.4418	0.4161	0.4476	0.5069	1.2234			2.263	2.169	2.112	2.372	2.793			2.7345	2.7265	2.8469	2.8286	2.7073			3.1473	3.0800	3.0933	3.1542	3.0912	3.1542	3.1880
14.40833333333330	0.4115	0.4359	0.4375	0.4372	0.4414			0.4472	0.4172	0.4600	0.5370	1.2997			2.310	2.213	2.145	2.407	2.820			2.7742	2.7650	2.8526	2.8709	2.7286			3.1358	3.0829	3.1016	3.1673	3.1023	3.1711	3.2010
14.63000000000000	0.4122	0.4383	0.4416	0.4373	0.4416			0.4610	0.4167	0.4752	0.5637	1.3842			2.353	2.249	2.191	2.430	2.836			2.7873	2.7787	2.8672	2.8932	2.7432			3.1572	3.0806	3.1074	3.1933	3.1275	3.1819	3.2168
14.85166666666670	0.4112	0.4348	0.4384	0.4371	0.4408			0.4703	0.4157	0.4896	0.5996	1.4524			2.378	2.276	2.211	2.468	2.872			2.8204	2.8059	2.9028	2.9296	2.7722			3.1771	3.0987	3.1180	3.1958	3.1171	3.2188	3.2209
15.07333333333330	0.4182	0.4390	0.4412	0.4410	0.4446			0.4822	0.4218	0.5103	0.6432	1.5408			2.420	2.302	2.262	2.505	2.919			2.8585	2.8512	2.9536	2.9641	2.8026			3.2003	3.1416	3.1668	3.2182	3.1474	3.2055	3.2444
15.29500000000000	0.4144	0.4395	0.4409	0.4427	0.4458			0.5030	0.4227	0.5487	0.7015	1.6168			2.461	2.345	2.280	2.529	2.957			2.8850	2.8773	2.9573	2.9961	2.8363			3.2270	3.1400	3.1784	3.2360	3.1569	3.2086	3.2619
15.51666666666670	0.4132	0.4376	0.4416	0.4402	0.4430			0.5241	0.4210	0.5811	0.7430	1.6737			2.473	2.375	2.306	2.549	2.970			2.9072	2.8710	2.9710	3.0099	2.8664			3.2322	3.1590	3.1634	3.2574	3.1546	3.2252	3.2766
15.73833333333330	0.4164	0.4386	0.4400	0.4422	0.4425			0.5508	0.4219	0.6211	0.8088	1.7607			2.513	2.405	2.347	2.589	3.003			2.9176	2.9027	2.9988	3.0314	2.8908			3.2474	3.1878	3.1914	3.2545	3.1664	3.2589	3.2744
15.96000000000000	0.4148	0.4398	0.4402	0.4427	0.4475			0.5846	0.4251	0.6724	0.8894	1.8180			2.524	2.422	2.377	2.602	3.020			2.9631	2.9363	3.0227	3.0546	2.9095			3.2501	3.1785	3.2014	3.2817	3.1922	3.2896	3.2841
16.18166666666670	0.4158	0.4423	0.4429	0.4407	0.4448			0.6185	0.4279	0.7132	0.9644	1.8757			2.572	2.461	2.400	2.645	3.054			2.9839	2.9572	3.0296	3.0960	2.9335			3.2824	3.2029	3.2150	3.2891	3.1951	3.2993	3.3098
16.40333333333330	0.4170	0.4413	0.4412	0.4430	0.4463			0.6618	0.4310	0.7675	1.0510	1.9368			2.591	2.476	2.422	2.690	3.072			3.0062	2.9723	3.0436	3.0923	2.9550			3.2912	3.2273	3.2246	3.3091	3.2308	3.2925	3.3244
16.62500000000000	0.4147	0.4408	0.4406	0.4412	0.4462			0.6840	0.4369	0.8351	1.1329	1.9780			2.585	2.500	2.442	2.678	3.086			3.0289	3.0024	3.0578	3.1240	2.9744			3.3016	3.2398	3.2470	3.3155	3.2132	3.3022	3.3076
16.84666666666670	0.4170	0.4440	0.4455	0.4473	0.4468			0.7341	0.4450	0.8992	1.2224	2.0176			2.622	2.529	2.478	2.726	3.122			3.0535	3.0044	3.0997	3.1660	2.9896			3.3282	3.2292	3.2623	3.3515	3.2400	3.3160	3.3270
17.06833333333330	0.4210	0.4440	0.4442	0.4457	0.4509			0.7881	0.4538	0.9728	1.2998	2.0784			2.658	2.557	2.500	2.750	3.150			3.0950	3.0416	3.1094	3.1879	3.0353			3.3344	3.2604	3.3029	3.3571	3.2591	3.3218	3.3602
17.29000000000000	0.4184	0.4444	0.4445	0.4461	0.4491			0.8482	0.4634	1.0552	1.3896	2.1118			2.681	2.594	2.538	2.779	3.164			3.0959	3.0854	3.1209	3.2132	3.0580			3.3640	3.2643	3.3030	3.3622	3.2660	3.3400	3.3597
17.51166666666670	0.4188	0.4454	0.4466	0.4445	0.4495			0.9083	0.4825	1.1348	1.4681	2.1585			2.700	2.618	2.553	2.793	3.178			3.1325	3.0840	3.1556	3.2275	3.0825			3.3748	3.2791	3.3165	3.3854	3.2909	3.3600	3.3808
17.73333333333330	0.4187	0.4447	0.4454	0.4467	0.4503			0.9680	0.5026	1.2206	1.5484	2.2138			2.723	2.650	2.582	2.826	3.210			3.1526	3.1248	3.1658	3.2509	3.0971			3.3820	3.2938	3.3332	3.3976	3.2954	3.3740	3.4038
17.95500000000000	0.4207	0.4466	0.4484	0.4475	0.4522			1.0425	0.5255	1.2914	1.6230	2.2622			2.746	2.686	2.588	2.836	3.239			3.1710	3.1349	3.1796	3.2572	3.1421			3.4015	3.3201	3.3528	3.4330	3.3109	3.3959	3.4294
18.17666666666670	0.4246	0.4473	0.4502	0.4455	0.4500			1.1149	0.5556	1.3781	1.6992	2.3039			2.771	2.680	2.600	2.874	3.265			3.1939	3.1498	3.2059	3.2873	3.1319			3.4278	3.3339	3.3523	3.4418	3.3267	3.4287	3.4141
18.39833333333330	0.4238	0.4464	0.4485	0.4466	0.4530			1.1885	0.5907	1.4456	1.7601	2.3562			2.797	2.721	2.651	2.878	3.257			3.2011	3.1877	3.2096	3.2976	3.1666			3.4272	3.3480	3.3535	3.4552	3.3501	3.4113	3.4055
18.62000000000000	0.4226	0.4464	0.4513	0.4471	0.4525			1.2497	0.6232	1.5298	1.8372	2.3807			2.813	2.725	2.658	2.910	3.298			3.2139	3.2021	3.2442	3.3171	3.1976			3.4472	3.3422	3.3806	3.4481	3.3519	3.4157	3.4305
18.84166666666670	0.4225	0.4493	0.4516	0.4482	0.4529			1.3167	0.6569	1.5891	1.8926	2.4141			2.830	2.753	2.704	2.926	3.327			3.2411	3.1930	3.2660	3.3796	3.2076			3.4609	3.3882	3.4057	3.4812	3.3679	3.4446	3.4536
19.06333333333330	0.4271	0.4483	0.4504	0.4494	0.4548			1.3861	0.7019	1.6508	1.9317	2.4494			2.875	2.796	2.712	2.943	3.337			3.2747	3.2551	3.2704	3.3757	3.2019			3.4638	3.4157	3.4076	3.4818	3.3933	3.4528	3.4468
19.28500000000000	0.4250	0.4500	0.4504	0.4506	0.4558			1.4582	0.7424	1.7106	1.9870	2.4912			2.863	2.823	2.725	2.978	3.351			3.2940	3.2752	3.2868	3.3941	3.2361			3.4801	3.3926	3.4200	3.5074	3.3698	3.4544	3.4787
19.50666666666670	0.4246	0.4535	0.4529	0.4522	0.4570			1.5277	0.7911	1.7682	2.0340	2.5198			2.899	2.836	2.737	2.988	3.360			3.3046	3.2588	3.3020	3.4014	3.2546			3.5081	3.4036	3.4277	3.5247	3.4216	3.4801	3.4778
19.72833333333330	0.4254	0.4501	0.4512	0.4498	0.4555			1.5962	0.8498	1.8199	2.0590	2.5423			2.912	2.845	2.759	3.018	3.396			3.3332	3.3105	3.3127	3.4230	3.2623			3.5065	3.4261	3.4352	3.5180	3.4018	3.4648	3.4769
19.95000000000000	0.4249	0.4505	0.4532	0.4525	0.4554			1.6552	0.9124	1.8632	2.1025	2.5660			2.918	2.873	2.777	3.029	3.380			3.3318	3.3265	3.3473	3.4362	3.2792			3.5382	3.4312	3.4520	3.5598	3.4248	3.5088	3.4928
20.17166666666670	0.4266	0.4517	0.4538	0.4495	0.4566			1.7039	0.9786	1.9034	2.1270	2.6018			2.948	2.883	2.787	3.044	3.417			3.3608	3.3138	3.3388	3.4569	3.2916			3.5201	3.4444	3.4514	3.5440	3.4360	3.5015	3.4956
20.39333333333330	0.4263	0.4526	0.4546	0.4530	0.4589			1.7456	1.0420	1.9375	2.1692	2.6238			2.971	2.884	2.814	3.058	3.418			3.3835	3.3520	3.3699	3.4704	3.2980			3.5622	3.4401	3.4516	3.5580	3.4362	3.5131	3.5178
20.61500000000000	0.4255	0.4550	0.4530	0.4532	0.4570			1.7911	1.1089	1.9690	2.1996	2.6387			2.986	2.907	2.813	3.095	3.459			3.4002	3.3469	3.4008	3.4866	3.3333			3.5372	3.4497	3.4722	3.5383	3.4694	3.5178	3.5365
20.83666666666670	0.4282	0.4575	0.4576	0.4525	0.4600			1.8316	1.1770	1.9974	2.2217	2.6643			2.986	2.914	2.834	3.095	3.451			3.3975	3.3652	3.3854	3.4928	3.3450			3.5432	3.4774	3.5060	3.5746	3.4744	3.5432	3.5294
21.05833333333330	0.4264	0.4513	0.4548	0.4552	0.4598			1.8712	1.2519	2.0106	2.2394	2.6935			3.009	2.932	2.858	3.107	3.469			3.4045	3.3785	3.4095	3.5121	3.3685			3.5570	3.4720	3.5142	3.6000	3.4807	3.5312	3.5492
21.28000000000000	0.4284	0.4544	0.4553	0.4527	0.4608			1.8946	1.3108	2.0520	2.2823	2.7312			3.017	2.967	2.875	3.131	3.494			3.4308	3.4202	3.4025	3.5342	3.3798			3.5580	3.4970	3.5119	3.6139	3.4683	3.5398	3.5324
21.50166666666670	0.4285	0.4506	0.4553	0.4572	0.4613			1.9382	1.3914	2.0806	2.3066	2.7406			3.056	2.988	2.885	3.147	3.498			3.4350	3.4019	3.4294	3.5560	3.3835			3.5820	3.5080	3.5214	3.5897	3.4781	3.5708	3.5842
21.72333333333330	0.4282	0.4567	0.4549	0.4565	0.4597			1.9589	1.4555	2.1024	2.3410	2.7670			3.063	2.967	2.911	3.153	3.513			3.4593	3.4326	3.4466	3.5668	3.3939			3.5968	3.5289	3.5134	3.5862	3.5040	3.5574	3.5788
21.94500000000000	0.4290	0.4590	0.4550	0.4549	0.4606			1.9902	1.5205	2.1288	2.3480	2.8135			3.071	3.023	2.939	3.170	3.523			3.4829	3.4564	3.4543	3.5872	3.4360			3.6042	3.5352	3.5393	3.6495	3.5188	3.5776	3.5887
22.16666666666670	0.4303	0.4599	0.4581	0.4576	0.4588			2.0288	1.5651	2.1328	2.3641	2.8089			3.106	3.026	2.946	3.224	3.537			3.4824	3.4896	3.4641	3.5984	3.4300			3.6393	3.5582	3.5203	3.6321	3.5248	3.5951	3.5858
22.38833333333330	0.4300	0.4616	0.4596	0.4581	0.4592			2.0347	1.6135	2.1701	2.4182	2.8222			3.133	3.043	2.959	3.229	3.576			3.5126	3.4771	3.4718	3.6142	3.4300			3.6121	3.5447	3.5501	3.6233	3.5345	3.5935	3.5883
22.61000000000000	0.4337	0.4607	0.4603	0.4604	0.4603			2.0538	1.6556	2.1808	2.4182	2.8476			3.136	3.066	2.954	3.253	3.573			3.5212	3.4783	3.4980	3.6246	3.4507			3.6430	3.5529	3.5632	3.6672	3.5476	3.6195	3.5874
22.83166666666670	0.4319	0.4577	0.4552	0.4563	0.4622			2.0888	1.6868	2.2038	2.4441	2.8574			3.119	3.063	2.980	3.253	3.623			3.5418	3.5095	3.5168	3.6119	3.4763			3.6508	3.5598	3.5822	3.6644	3.5514	3.6482	3.6180
23.05333333333330	0.4324	0.4610	0.4607	0.4589	0.4662			2.1080	1.7150	2.2250	2.4821	2.8934			3.150	3.084	2.990	3.264	3.615			3.5514	3.5283	3.5264	3.6437	3.4594			3.6586	3.5736	3.5854	3.6788	3.5686	3.6196	3.6013
23.27500000000000	0.4352	0.4574	0.4617	0.4610	0.4672			2.1281	1.7446	2.2348	2.4844	2.8943			3.162	3.096	3.007	3.255	3.606			3.5495	3.5283	3.5059	3.6438	3.4785			3.6672	3.5824	3.5957	3.6736	3.5499	3.6262	3.6396
23.49666666666670	0.4325	0.4592	0.4611	0.4617	0.4627			2.1480	1.7789	2.2692	2.5040	2.9208			3.187	3.118	3.034	3.284	3.635			3.5628	3.5472	3.5469	3.6610	3.5278			3.6458	3.5864	3.5791	3.6971	3.5558	3.6156	3.6513
23.71833333333330	0.4319	0.4620	0.4588	0.4642	0.4673			2.1704	1.8095	2.2775	2.5276	2.9377			3.203	3.113	3.041	3.298	3.643			3.5792	3.5532	3.5460	3.6762	3.5112			3.6548	3.6099	3.5827	3.7116	3.5869	3.6510	3.6710
23.94000000000000	0.4315	0.4628	0.4623	0.4638	0.4642			2.1813	1.8346	2.3052	2.5635	2.9454			3.210	3.102	3.035	3.312	3.642			3.6045	3.5484	3.5733	3.6840	3.5182			3.6726	3.6196	3.6079	3.6889	3.5777	3.6618	3.6299
24.16166666666670	0.4356	0.4612	0.4610	0.4598	0.4648			2.1956	1.8465	2.3149	2.5722	2.9599			3.218	3.143	3.059	3.322	3.662			3.5950	3.5901	3.5798	3.6964	3.5607			3.6858	3.6211	3.6158	3.7098	3.5912	3.6521	3.6608
24.38333333333330	0.4360	0.4582	0.4654	0.4618	0.4643			2.2269	1.8733	2.3394	2.5690	2.9783			3.226	3.175	3.063	3.335	3.667			3.6308	3.5928	3.5915	3.7190	3.5558			3.7031	3.6176	3.6262	3.7254	3.6183	3.6748	3.6770
24.60500000000000	0.4349	0.4615	0.4621	0.4609	0.4675			2.2486	1.8985	2.3628	2.6083	3.0086			3.242	3.152	3.085	3.359	3.704			3.6278	3.5912	3.5854	3.7062	3.5818			3.7023	3.6256	3.6291	3.7341	3.6210	3.6753	3.6737
24.82666666666670	0.4351	0.4615	0.4648	0.4633	0.4691			2.2588	1.9113	2.3734	2.6232	3.0217			3.265	3.160	3.090	3.363	3.688			3.6212	3.5986	3.5976	3.7174	3.5762			3.7115	3.6356	3.6471	3.7674	3.6192	3.6794	3.6794
25.04833333333330	0.4378	0.4617	0.4674	0.4616	0.4703			2.2777	1.9403	2.4037	2.6359	3.0576			3.288	3.198	3.118	3.373	3.711			3.6361	3.6286	3.6264	3.7292	3.5928			3.7316	3.6557	3.6603	3.7450	3.5909	3.6864	3.7042
25.27000000000000	0.4353	0.4612	0.4657	0.4620	0.4695			2.2851	1.9551	2.4041	2.6651	3.0782			3.302	3.232	3.128	3.392	3.728			3.6580	3.6413	3.6260	3.7694	3.6188			3.7141	3.6587	3.6540	3.7906	3.6589	3.6922	3.6969
25.49166666666670	0.4357	0.4600	0.4683	0.4673	0.4733			2.3140	1.9812	2.4097	2.6892	3.0884			3.301	3.237	3.138	3.430	3.752			3.6726	3.6416	3.6555	3.7862	3.6016			3.7356	3.6736	3.6682	3.7698	3.6643	3.7218	3.7182
25.71333333333330	0.4385	0.4631	0.4657	0.4636	0.4700			2.3419	2.0042	2.4426	2.6869	3.0897			3.312	3.247	3.122	3.426	3.756			3.6920	3.6736	3.6683	3.7913	3.6467			3.7464	3.6765	3.6959	3.7866	3.6618	3.7095	3.7426
25.93500000000000	0.4368	0.4654	0.4673	0.4676	0.4683			2.3491	2.0328	2.4410	2.7298	3.1300			3.331	3.251	3.180	3.429	3.783			3.6912	3.6718	3.6769	3.7765	3.6346			3.7771	3.7086	3.6798	3.7761	3.6959	3.7590	3.7387
26.15666666666670	0.4386	0.4674	0.4685	0.4686	0.4726			2.3610	2.0290	2.4730	2.7569	3.1310			3.347	3.268	3.187	3.448	3.763			3.7332	3.7021	3.6600	3.8163	3.6586			3.7774	3.6999	3.7047	3.8048	3.6951	3.7396	3.7422
26.37833333333330	0.4420	0.4675	0.4705	0.4670	0.4683			2.3657	2.0530	2.4968	2.7582	3.1370			3.354	3.278	3.185	3.445	3.805			3.7203	3.7296	3.6739	3.8124	3.6532			3.7821	3.6862	3.6996	3.8386	3.6804	3.7438	3.7650
26.60000000000000	0.4396	0.4680	0.4698	0.4692	0.4704			2.3833	2.0700	2.5070	2.7656	3.1677			3.367	3.287	3.201	3.466	3.823			3.7277	3.6961	3.6888	3.8413	3.6545			3.7584	3.7040	3.7280	3.8011	3.6974	3.7722	3.7670
26.82166666666670	0.4404	0.4653	0.4678	0.4664	0.4725			2.4083	2.0786	2.5147	2.7905	3.1867			3.370	3.308	3.221	3.488	3.814			3.7525	3.7430	3.7132	3.8431	3.6711			3.8012	3.7202	3.7240	3.8532	3.6843	3.7732	3.7628
27.04333333333330	0.4388	0.4708	0.4698	0.4659	0.4751			2.4115	2.0984	2.5215	2.8001	3.1934			3.408	3.306	3.218	3.497	3.837			3.7670	3.7557	3.7347	3.8486	3.7021			3.7779	3.7304	3.7148	3.8294	3.7200	3.7642	3.7736
27.26500000000000	0.4410	0.4675	0.4691	0.4680	0.4743			2.4261	2.1180	2.5381	2.8197	3.2068			3.410	3.330	3.241	3.509	3.842			3.7680	3.7422	3.7086	3.8377	3.6847			3.7969	3.7485	3.7244	3.8342	3.7241	3.7826	3.7880
27.48666666666670	0.4419	0.4670	0.4734	0.4725	0.4767			2.4551	2.1260	2.5240	2.8386	3.2367			3.402	3.339	3.259	3.500	3.858			3.7977	3.7831	3.7368	3.8756	3.7096			3.8122	3.7533	3.7273	3.8603	3.7544	3.7981	3.7886
27.70833333333330	0.4421	0.4732	0.4722	0.4712	0.4745			2.4639	2.1515	2.5644	2.8504	3.2359			3.440	3.333	3.255	3.514	3.853			3.7697	3.7560	3.7599	3.8905	3.7119			3.8028	3.7544	3.7520	3.8665	3.7501	3.8100	3.8044
27.93000000000000	0.4419	0.4720	0.4728	0.4709	0.4784			2.4829	2.1593	2.5603	2.8530	3.2439			3.454	3.353	3.276	3.544	3.860			3.7895	3.7634	3.7579	3.8840	3.7316			3.8330	3.7713	3.7608	3.8616	3.7363	3.8122	3.7828
28.15166666666670	0.4433	0.4720	0.4708	0.4714	0.4768			2.4967	2.1736	2.5893	2.8678	3.2667			3.464	3.357	3.294	3.543	3.854			3.8074	3.7681	3.7792	3.9054	3.7598			3.8503	3.7769	3.7509	3.8566	3.7528	3.7862	3.8188
28.37333333333330	0.4423	0.4734	0.4734	0.4744	0.4777			2.5015	2.1890	2.5974	2.8852	3.2820			3.470	3.363	3.307	3.564	3.916			3.7952	3.8121	3.7966	3.9228	3.7512			3.8483	3.7862	3.7827	3.8785	3.7534	3.8092	3.8061
28.59500000000000	0.4423	0.4694	0.4721	0.4717	0.4798			2.5045	2.2015	2.6079	2.8854	3.2806			3.472	3.385	3.309	3.563	3.873			3.8285	3.7965	3.7905	3.8865	3.7530			3.8318	3.7652	3.7710	3.8707	3.7515	3.8203	3.8090
28.81666666666670	0.4414	0.4689	0.4734	0.4722	0.4771			2.5344	2.2302	2.6088	2.9103	3.2998			3.458	3.399	3.317	3.574	3.901			3.8386	3.8159	3.7938	3.9208	3.7468			3.8683	3.7709	3.7720	3.8882	3.7652	3.8315	3.8237
29.03833333333330	0.4410	0.4680	0.4750	0.4732	0.4805			2.5435	2.2384	2.6378	2.9242	3.3127			3.496	3.416	3.318	3.589	3.920			3.8364	3.8126	3.8166	3.9183	3.7675			3.8477	3.7794	3.7969	3.8994	3.7907	3.8252	3.7990
29.26000000000000	0.4434	0.4706	0.4745	0.4761	0.4795			2.5480	2.2358	2.6496	2.9448	3.3491			3.511	3.404	3.334	3.598	3.901			3.8327	3.8434	3.8312	3.9447	3.7780			3.8342	3.8030	3.7814	3.8935	3.7956	3.8329	3.8369
29.48166666666670	0.4447	0.4705	0.4729	0.4727	0.4799			2.5416	2.2535	2.6584	2.9653	3.3265			3.520	3.424	3.350	3.615	3.937			3.8558	3.8283	3.8252	3.9418	3.7863			3.8615	3.7881	3.7981	3.8986	3.7905	3.8156	3.8334
29.70333333333330	0.4417	0.4734	0.4726	0.4740	0.4765			2.5558	2.2658	2.6566	2.9578	3.3532			3.532	3.420	3.356	3.613	3.956			3.8746	3.8322	3.8307	3.9493	3.7815			3.8590	3.7869	3.8029	3.9156	3.7808	3.8241	3.8420
29.92500000000000	0.4431	0.4714	0.4721	0.4747	0.4794			2.5839	2.2673	2.6687	2.9497	3.3649			3.523	3.419	3.354	3.628	3.934			3.8502	3.8356	3.8228	3.9386	3.8008			3.8617	3.7665	3.7815	3.8890	3.7710	3.8278	3.8509
30.14666666666670	0.4405	0.4716	0.4740	0.4744	0.4772			2.5969	2.2765	2.6738	2.9745	3.3856			3.533	3.446	3.353	3.626	3.973			3.8618	3.8490	3.8322	3.9330	3.7935			3.8702	3.7912	3.8304	3.9044	3.7730	3.8539	3.8472
30.36833333333330	0.4430	0.4706	0.4727	0.4745	0.4796			2.5942	2.2958	2.6914	2.9840	3.3742			3.554	3.423	3.385	3.636	3.955			3.8609	3.8562	3.8441	3.9584	3.8505			3.8713	3.8236	3.8147	3.8856	3.7945	3.8506	3.8434
30.59000000000000	0.4433	0.4721	0.4742	0.4758	0.4807			2.6022	2.2950	2.6947	2.9856	3.3887			3.535	3.460	3.370	3.650	3.962			3.8643	3.8604	3.8542	3.9574	3.8079			3.8817	3.7914	3.8100	3.8887	3.7992	3.8278	3.8607
30.81166666666670	0.4435	0.4717	0.4756	0.4744	0.4818			2.6100	2.2989	2.7014	3.0190	3.3899			3.550	3.459	3.401	3.656	3.969			3.9108	3.8592	3.8439	3.9626	3.8028			3.8898	3.7904	3.7738	3.9383	3.7952	3.8544	3.8601
31.03333333333330	0.4428	0.4750	0.4732	0.4782	0.4775			2.6058	2.3043	2.7045	3.0159	3.4015			3.569	3.451	3.399	3.673	3.964			3.8651	3.8789	3.8453	3.9864	3.8062			3.8816	3.8083	3.8160	3.9373	3.8125	3.8426	3.8538
31.25500000000000	0.4467	0.4724	0.4751	0.4764	0.4795			2.6299	2.3198	2.7283	3.0478	3.4085			3.585	3.475	3.388	3.662	3.972			3.8833	3.8712	3.8584	3.9599	3.8156			3.8646	3.8301	3.8130	3.9483	3.8063	3.8403	3.8420
31.47666666666670	0.4451	0.4748	0.4756	0.4783	0.4774			2.6492	2.3403	2.7466	3.0462	3.4452			3.588	3.506	3.422	3.658	3.960			3.8771	3.8886	3.8750	3.9981	3.8446			3.8860	3.8242	3.7841	3.9374	3.8132	3.8711	3.8607
31.69833333333330	0.4453	0.4740	0.4797	0.4724	0.4789			2.6514	2.3587	2.7575	3.0458	3.4568			3.582	3.479	3.403	3.694	3.989			3.9039	3.9058	3.8736	3.9839	3.8737			3.8840	3.8228	3.8027	3.9450	3.8386	3.8598	3.8630
31.92000000000000	0.4418	0.4746	0.4776	0.4792	0.4800			2.6687	2.3472	2.7387	3.0547	3.4482			3.585	3.509	3.424	3.682	3.973			3.9027	3.9111	3.8762	3.9879	3.8347			3.8999	3.8322	3.8163	3.9235	3.8198	3.8668	3.8708
32.14166666666670	0.4461	0.4786	0.4780	0.4770	0.4815			2.6689	2.3606	2.7596	3.0895	3.4584			3.602	3.519	3.446	3.691	3.991			3.9277	3.9062	3.8814	4.0034	3.8685			3.9070	3.8348	3.8138	3.9322	3.8140	3.8701	3.8591
32.36333333333330	0.4467	0.4767	0.4801	0.4794	0.4806			2.6717	2.3924	2.7740	3.0860	3.4810			3.607	3.523	3.444	3.711	3.999			3.9336	3.9274	3.8901	4.0370	3.8645			3.9189	3.8439	3.8220	3.9454	3.8076	3.8706	3.8880
32.58500000000000	0.4472	0.4768	0.4762	0.4792	0.4811			2.6836	2.3879	2.7850	3.1007	3.4687			3.611	3.531	3.437	3.722	4.040			3.9222	3.9241	3.9110	4.0306	3.8824			3.9266	3.8500	3.8361	3.9502	3.8354	3.8605	3.8750
32.80666666666670	0.4452	0.4735	0.4776	0.4791	0.4799			2.7019	2.4104	2.7844	3.1024	3.4860			3.615	3.544	3.454	3.693	4.046			3.9546	3.9218	3.8866	4.0308	3.8869			3.9060	3.8419	3.8504	3.9592	3.8507	3.8873	3.9050
33.02833333333330	0.4469	0.4756	0.4810	0.4804	0.4820			2.7135	2.4102	2.8017	3.1177	3.5093			3.618	3.527	3.452	3.730	4.045			3.9692	3.9445	3.9212	4.0426	3.8869			3.9157	3.8620	3.8615	3.9540	3.8540	3.8610	3.8896
33.25000000000000	0.4490	0.4780	0.4772	0.4834	0.4867			2.7202	2.4069	2.7982	3.1364	3.5266			3.649	3.556	3.472	3.735	4.030			3.9526	3.9669	3.9129	4.0531	3.8881			3.9191	3.8416	3.8707	3.9553	3.8592	3.9014	3.8966
33.47166666666670	0.4476	0.4788	0.4764	0.4768	0.4845			2.7274	2.4384	2.8144	3.1319	3.5256			3.647	3.576	3.497	3.737	4.052			3.9536	3.9522	3.9357	4.0606	3.9033			3.9363	3.8676	3.8678	3.9907	3.8758	3.9087	3.9161
33.69333333333330	0.4461	0.4766	0.4812	0.4816	0.4822			2.7394	2.4448	2.8269	3.1273	3.5333			3.650	3.573	3.478	3.745	4.059			3.9776	3.9679	3.9135	4.0692	3.9072			3.9192	3.8623	3.8584	3.9954	3.8746	3.9068	3.9284
33.91500000000000	0.4459	0.4795	0.4779	0.4765	0.4879			2.7246	2.4464	2.8206	3.1469	3.5396			3.675	3.561	3.487	3.775	4.074			3.9982	3.9850	3.9259	4.0959	3.9211			3.9385	3.8823	3.8818	3.9782	3.8753	3.9252	3.9414
34.13666666666670	0.4466	0.4777	0.4803	0.4820	0.4833			2.7358	2.4520	2.8518	3.1608	3.5482			3.679	3.576	3.498	3.761	4.084			4.0073	3.9579	3.9566	4.0707	3.9194			3.9508	3.8749	3.8648	3.9828	3.8618	3.9011	3.9120
34.35833333333330	0.4475	0.4778	0.4830	0.4815	0.4851			2.7516	2.4564	2.8495	3.1815	3.5695			3.677	3.588	3.521	3.765	4.081			3.9951	3.9731	3.9544	4.1071	3.9099			3.9536	3.8873	3.8684	3.9794	3.8879	3.9115	3.9016
34.58000000000000	0.4472	0.4786	0.4760	0.4784	0.4859			2.7646	2.4780	2.8627	3.1864	3.5871			3.689	3.597	3.520	3.771	4.077			3.9734	3.9928	3.9752	4.1076	3.9406			3.9347	3.8937	3.8688	3.9868	3.8940	3.9070	3.9190
34.80166666666670	0.4493	0.4798	0.4802	0.4833	0.4846			2.7809	2.4864	2.8651	3.2099	3.5869			3.703	3.598	3.530	3.796	4.086			4.0034	4.0067	3.9883	4.1164	3.9495			3.9812	3.9076	3.8874	4.0077	3.8796	3.9404	3.9398
35.02333333333330	0.4515	0.4798	0.4813	0.4830	0.4851			2.7770	2.5015	2.8659	3.2131	3.6020			3.721	3.627	3.542	3.824	4.082			4.0104	3.9958	3.9812	4.1031	3.9536			3.9599	3.8892	3.8909	3.9845	3.8758	3.9288	3.9276
35.24500000000000	0.4486	0.4750	0.4825	0.4831	0.4883			2.7978	2.5069	2.8793	3.2167	3.6114			3.706	3.596	3.555	3.811	4.089			4.0132	3.9854	3.9714	4.1374	3.9423			3.9489	3.8998	3.8824	3.9974	3.8833	3.9394	3.9355
35.46666666666670	0.4506	0.4820	0.4856	0.4806	0.4870			2.8030	2.5208	2.8750	3.2306	3.6236			3.712	3.628	3.535	3.798	4.096			3.9974	4.0113	3.9686	4.1267	3.9496			3.9654	3.9195	3.8911	4.0088	3.8934	3.9497	3.9504
35.68833333333330	0.4512	0.4826	0.4841	0.4856	0.4871			2.8024	2.5286	2.8900	3.2480	3.6076			3.754	3.635	3.572	3.854	4.128			4.0454	4.0465	4.0089	4.1223	3.9999			3.9966	3.9318	3.8745	4.0292	3.9006	3.9660	3.9692
35.91000000000000	0.4539	0.4829	0.4823	0.4843	0.4913			2.8040	2.5312	2.9184	3.2701	3.6420			3.730	3.641	3.601	3.824	4.162			4.0498	4.0443	3.9968	4.1488	3.9837			3.9770	3.8976	3.9176	4.0376	3.9200	3.9433	3.9612
36.13166666666670	0.4532	0.4794	0.4853	0.4856	0.4898			2.8120	2.5367	2.9226	3.2498	3.6217			3.759	3.652	3.582	3.845	4.156			4.0392	4.0603	3.9936	4.1483	3.9846			4.0215	3.9057	3.9197	4.0324	3.9296	3.9757	3.9587
36.35333333333330	0.4509	0.4809	0.4844	0.4829	0.4887			2.8238	2.5390	2.9117	3.2798	3.6563			3.769	3.671	3.591	3.832	4.146			4.0526	4.0353	4.0495	4.1616	3.9860			3.9986	3.9281	3.9038	4.0194	3.9071	3.9494	3.9660
36.57500000000000	0.4506	0.4795	0.4852	0.4867	0.4888			2.8396	2.5413	2.9360	3.2574	3.6372			3.770	3.646	3.597	3.841	4.153			4.0435	4.0487	4.0333	4.1414	3.9790			3.9922	3.9166	3.8988	4.0445	3.9290	3.9398	3.9765
36.79666666666670	0.4512	0.4827	0.4867	0.4854	0.4889			2.8393	2.5543	2.9320	3.2839	3.6672			3.744	3.670	3.591	3.846	4.168			4.0385	4.0490	4.0336	4.1479	3.9951			3.9880	3.9237	3.9183	4.0512	3.9394	3.9787	4.0042
37.01833333333330	0.4519	0.4829	0.4819	0.4879	0.4881			2.8662	2.5743	2.9310	3.2865	3.6723			3.754	3.690	3.616	3.836	4.148			4.0771	4.0753	4.0361	4.1650	3.9962			3.9957	3.9262	3.9176	4.0218	3.9443	3.9698	3.9812
37.24000000000000	0.4512	0.4838	0.4876	0.4890	0.4892			2.8730	2.5625	2.9514	3.3014	3.6738			3.788	3.681	3.617	3.860	4.175			4.0700	4.0759	4.0474	4.1915	3.9905			3.9913	3.9433	3.9272	4.0092	3.9335	3.9714	3.9924
37.46166666666670	0.4528	0.4852	0.4872	0.4864	0.4948			2.8733	2.5772	2.9524	3.2993	3.6832			3.783	3.705	3.620	3.905	4.205			4.0886	4.0806	4.0705	4.1960	3.9956			4.0298	3.9515	3.9438	4.0639	3.9542	3.9970	4.0077
37.68333333333330	0.4521	0.4867	0.4878	0.4891	0.4881			2.8722	2.5887	2.9753	3.3082	3.6894			3.805	3.705	3.633	3.894	4.204			4.1002	4.1089	4.0761	4.2001	4.0444			4.0520	3.9546	3.9662	4.0739	3.9545	4.0199	3.9958
37.90500000000000	0.4524	0.4833	0.4846	0.4857	0.4927			2.8862	2.6045	2.9620	3.3331	3.7299			3.804	3.700	3.640	3.895	4.204			4.0828	4.0892	4.0454	4.1792	4.0613			4.0199	3.9466	3.9231	4.0549	3.9390	3.9889	3.9855
38.12666666666670	0.4508	0.4862	0.4875	0.4872	0.4907			2.9085	2.6048	2.9716	3.3232	3.7270			3.815	3.696	3.634	3.912	4.190			4.0811	4.0711	4.0587	4.1767	4.0605			4.0250	3.9278	3.9283	4.0532	3.9596	3.9878	4.0080
38.34833333333330	0.4518	0.4810	0.4865	0.4900	0.4960			2.9008	2.6047	2.9750	3.3467	3.7187			3.830	3.697	3.637	3.913	4.199			4.0789	4.0717	4.0531	4.1866	4.0420			4.0231	3.9465	3.9214	4.0362	3.9646	3.9701	3.9978
38.57000000000000	0.4520	0.4832	0.4854	0.4886	0.4908			2.9012	2.6131	2.9838	3.3426	3.7216			3.841	3.721	3.650	3.922	4.210			4.0848	4.1055	4.0768	4.2068	4.0410			4.0399	3.9203	3.9317	4.0670	3.9610	3.9650	4.0037
38.79166666666670	0.4565	0.4816	0.4831	0.4866	0.4910			2.8924	2.6152	2.9906	3.3410	3.7373			3.810	3.713	3.627	3.900	4.187			4.0858	4.0842	4.0606	4.2020	4.0336			4.0038	3.9477	3.8996	4.0380	3.9410	3.9627	3.9992
39.01333333333330	0.4550	0.4838	0.4883	0.4868	0.4900			2.9361	2.6298	3.0001	3.3564	3.7278			3.822	3.728	3.670	3.900	4.234			4.1121	4.0940	4.0725	4.2179	4.0544			4.0365	3.9691	3.9460	4.0793	3.9902	3.9950	3.9985
39.23500000000000	0.4530	0.4868	0.4897	0.4918	0.4942			2.9320	2.6454	3.0245	3.3815	3.7664			3.867	3.730	3.684	3.909	4.218			4.1108	4.1214	4.0777	4.2273	4.0134			4.0646	3.9740	3.9641	4.0931	3.9938	3.9971	4.0275
39.45666666666670	0.4529	0.4860	0.4850	0.4870	0.4946			2.9220	2.6267	3.0182	3.3923	3.7632			3.839	3.727	3.651	3.922	4.214			4.1059	4.1302	4.0695	4.1888	4.0468			4.0294	3.9473	3.9138	4.0458	3.9734	3.9814	4.0197
39.67833333333330	0.4534	0.4859	0.4870	0.4882	0.4959			2.9255	2.6280	3.0074	3.3800	3.7608			3.841	3.723	3.640	3.914	4.216			4.0994	4.1082	4.0716	4.2015	4.0380			4.0254	3.9577	3.9306	4.0397	3.9493	3.9959	4.0034
39.90000000000000	0.4512	0.4814	0.4872	0.4898	0.4919			2.9372	2.6388	3.0228	3.3955	3.7660			3.861	3.759	3.678	3.918	4.203			4.1222	4.1104	4.0854	4.1925	4.0629			4.0326	3.9437	3.9375	4.0632	3.9707	4.0019	4.0126
40.12166666666670	0.4518	0.4839	0.4858	0.4881	0.4922			2.9459	2.6497	3.0324	3.3894	3.7975			3.843	3.743	3.676	3.936	4.232			4.1200	4.1030	4.0847	4.2203	4.0398			4.0276	3.9736	3.9447	4.0964	3.9726	3.9844	4.0109
40.34333333333330	0.4511	0.4842	0.4899	0.4911	0.4930			2.9558	2.6548	3.0311	3.4001	3.8054			3.874	3.759	3.683	3.938	4.251			4.1704	4.1432	4.1271	4.2580	4.0784			4.0459	3.9538	3.9688	4.0766	4.0079	4.0099	4.0337
40.56500000000000	0.4559	0.4878	0.4907	0.4914	0.4919			2.9606	2.6623	3.0370	3.3893	3.8102			3.879	3.742	3.675	3.954	4.240			4.1405	4.1323	4.0996	4.2340	4.0712			4.0476	3.9579	3.9463	4.0652	3.9819	3.9960	4.0391
40.78666666666670	0.4500	0.4905	0.4910	0.4867	0.4958			2.9755	2.6622	3.0561	3.4182	3.7952			3.898	3.785	3.713	3.976	4.265			4.1426	4.1530	4.1347	4.2708	4.0846			4.0722	3.9996	3.9499	4.0905	3.9956	4.0442	4.0214
41.00833333333330	0.4588	0.4895	0.4918	0.4901	0.4949			2.9730	2.6847	3.0464	3.4397	3.8234			3.899	3.780	3.726	3.974	4.292			4.1616	4.1896	4.1378	4.2698	4.1007			4.0602	3.9754	3.9551	4.0896	3.9855	4.0400	4.0451
41.23000000000000	0.4562	0.4904	0.4898	0.4895	0.4956			2.9926	2.6883	3.0618	3.4296	3.8131			3.916	3.788	3.719	3.978	4.281			4.1295	4.1510	4.1386	4.2717	4.0738			4.0679	4.0038	3.9982	4.1103	4.0176	4.0352	4.0454
41.45166666666670	0.4532	0.4923	0.4955	0.4935	0.5008			3.0176	2.6878	3.0726	3.4657	3.8652			3.901	3.787	3.724	3.988	4.264			4.1806	4.1812	4.1310	4.2862	4.1042			4.0544	4.0000	3.9842	4.1001	4.0237	4.0460	4.0399
41.67333333333330	0.4557	0.4868	0.4930	0.4935	0.4965			2.9804	2.6926	3.0682	3.4402	3.8406			3.910	3.786	3.741	4.005	4.294			4.1740	4.1758	4.1333	4.2777	4.1161			4.0654	4.0118	3.9732	4.1213	3.9916	4.0197	4.0432
41.89500000000000	0.4553	0.4887	0.4974	0.4933	0.4954			3.0168	2.7156	3.1032	3.4649	3.8535			3.917	3.810	3.745	4.005	4.292			4.1899	4.1842	4.1400	4.2858	4.1262			4.0790	4.0138	3.9862	4.0997	4.0190	4.0694	4.0636
42.11666666666670	0.4552	0.4931	0.4955	0.4930	0.4994			3.0116	2.7050	3.1079	3.4684	3.8925			3.927	3.822	3.721	3.994	4.311			4.1828	4.1894	4.1694	4.2552	4.1041			4.0884	4.0110	3.9838	4.1395	4.0165	4.0415	4.0832
42.33833333333330	0.4550	0.4906	0.4957	0.4932	0.4994			3.0193	2.7046	3.1008	3.4752	3.8648			3.916	3.823	3.748	4.012	4.322			4.1704	4.1918	4.1458	4.2765	4.1457			4.0611	4.0028	3.9764	4.1116	4.0038	4.0546	4.0516
42.56000000000000	0.4540	0.4878	0.4911	0.4926	0.4973			3.0051	2.7036	3.1102	3.4550	3.8772			3.905	3.803	3.728	3.996	4.289			4.1698	4.1717	4.1520	4.2670	4.1215			4.0510	4.0130	3.9631	4.1085	4.0153	4.0206	4.0655
42.78166666666670	0.4566	0.4890	0.4909	0.4948	0.5005			3.0414	2.7344	3.1274	3.5130	3.8982			3.947	3.831	3.759	4.015	4.326			4.1809	4.2092	4.1727	4.3159	4.1079			4.0941	4.0033	3.9900	4.1164	4.0319	4.0721	4.0626
43.00333333333330	0.4558	0.4908	0.4911	0.4964	0.5006			3.0515	2.7538	3.1193	3.4996	3.8929			3.947	3.845	3.744	4.017	4.308			4.1951	4.1755	4.1803	4.2993	4.1450			4.1153	4.0310	4.0025	4.1429	4.0670	4.0332	4.0916
43.22500000000000	0.4566	0.4921	0.4933	0.4975	0.4997			3.0398	2.7390	3.1340	3.4976	3.9034			3.986	3.843	3.766	4.030	4.343			4.2066	4.2153	4.1865	4.3056	4.1453			4.1063	4.0198	4.0033	4.1273	4.0167	4.0480	4.0820
43.44666666666670	0.4546	0.4907	0.4925	0.4937	0.4993			3.0456	2.7543	3.1250	3.4916	3.9166			3.950	3.850	3.756	4.014	4.315			4.1956	4.2213	4.1822	4.3102	4.1334			4.0763	4.0275	3.9751	4.1255	4.0227	4.0722	4.0923
43.66833333333330	0.4602	0.4940	0.4942	0.4974	0.5009			3.0531	2.7572	3.1055	3.5220	3.9322			3.958	3.864	3.777	4.054	4.363			4.2158	4.2453	4.1903	4.3216	4.1526			4.1064	4.0109	4.0184	4.1280	4.0304	4.0530	4.1040
43.89000000000000	0.4604	0.4922	0.5002	0.4982	0.5039			3.0536	2.7607	3.1313	3.5182	3.9217			3.967	3.821	3.786	4.059	4.349			4.2002	4.2095	4.2131	4.2973	4.1530			4.1063	4.0578	4.0228	4.1494	4.0487	4.0631	4.0863
44.11166666666670	0.4585	0.4907	0.4936	0.4953	0.4996			3.0596	2.7642	3.1514	3.5332	3.9218			3.972	3.848	3.772	4.053	4.366			4.2074	4.2235	4.1831	4.3108	4.1436			4.1124	4.0256	4.0036	4.1378	4.0170	4.0637	4.0668
44.33333333333330	0.4574	0.4932	0.4964	0.4947	0.5001			3.0494	2.7695	3.1388	3.5358	3.9235			3.993	3.837	3.792	4.044	4.335			4.1959	4.2202	4.1870	4.3243	4.1568			4.1028	4.0248	3.9886	4.1306	4.0490	4.0458	4.0766
44.55500000000000	0.4612	0.4944	0.5001	0.4957	0.5028			3.0872	2.7776	3.1804	3.5425	3.9244			3.976	3.896	3.792	4.073	4.387			4.2230	4.2536	4.2042	4.3340	4.1926			4.1070	4.0090	4.0215	4.1496	4.0769	4.0860	4.0829
44.77666666666670	0.4577	0.4943	0.4963	0.4994	0.5038			3.0604	2.7866	3.1661	3.5365	3.9609			3.991	3.869	3.846	4.084	4.380			4.2545	4.2464	4.2144	4.3338	4.1801			4.0936	4.0400	4.0199	4.1323	4.0508	4.0748	4.1088
44.99833333333330	0.4562	0.4947	0.5006	0.5030	0.5084			3.0957	2.7752	3.1832	3.5694	3.9531			3.998	3.881	3.825	4.088	4.388			4.2598	4.2567	4.2295	4.3497	4.1848			4.1169	4.0570	4.0306	4.1474	4.0915	4.0802	4.1150
45.22000000000000	0.4603	0.4954	0.4986	0.5005	0.5042			3.0886	2.7930	3.1890	3.5487	3.9832			4.009	3.899	3.820	4.075	4.359			4.2396	4.2444	4.2194	4.3834	4.1929			4.1138	4.0778	4.0125	4.1758	4.0790	4.1011	4.0802
45.44166666666670	0.4587	0.4965	0.5021	0.5005	0.5007			3.1023	2.8243	3.1885	3.5871	3.9800			4.013	3.916	3.839	4.107	4.386			4.2775	4.2649	4.2340	4.3578	4.1989			4.1101	4.0748	4.0578	4.1647	4.0779	4.1252	4.1000
45.66333333333330	0.4622	0.4963	0.5007	0.4989	0.5054			3.1123	2.8042	3.1759	3.5794	3.9814			4.015	3.869	3.829	4.106	4.412			4.2810	4.2694	4.2450	4.3584	4.2115			4.1229	4.0588	4.0522	4.1579	4.0639	4.1047	4.1171
45.88500000000000	0.4578	0.4971	0.5010	0.5006	0.5090			3.1078	2.8085	3.1829	3.6098	3.9944			4.052	3.919	3.853	4.124	4.415			4.2650	4.2855	4.2210	4.3936	4.1966			4.1216	4.0970	4.0423	4.1792	4.0594	4.1072	4.1246
46.10666666666670	0.4595	0.4936	0.5010	0.5011	0.5071			3.1202	2.8231	3.2031	3.6210	4.0034			4.058	3.919	3.841	4.087	4.422			4.2652	4.3014	4.2238	4.3710	4.2042			4.1058	4.0771	4.0359	4.1655	4.0660	4.0756	4.1268
46.32833333333330	0.4624	0.4992	0.5045	0.5027	0.5068			3.1299	2.8410	3.2094	3.6217	4.0005			4.054	3.906	3.855	4.125	4.431			4.2869	4.2772	4.2441	4.3843	4.2333			4.1605	4.0793	4.0560	4.1757	4.0898	4.1314	4.1376
46.55000000000000	0.4620	0.4960	0.5040	0.4997	0.5078			3.1379	2.8389	3.2253	3.6396	3.9966			4.058	3.925	3.859	4.132	4.434			4.2666	4.2881	4.2814	4.4087	4.2326			4.1500	4.0683	4.0532	4.1976	4.1255	4.1279	4.1153
46.77166666666670	0.4631	0.4992	0.5008	0.5018	0.5074			3.1329	2.8469	3.2117	3.6271	4.0094			4.068	3.957	3.881	4.140	4.425			4.2672	4.3202	4.2620	4.4049	4.2245			4.1792	4.0797	4.0492	4.2217	4.0929	4.1207	4.1295
46.99333333333330	0.4632	0.5008	0.5044	0.5008	0.5124			3.1294	2.8606	3.2126	3.6354	4.0319			4.045	3.945	3.883	4.127	4.428			4.2813	4.2799	4.2689	4.4124	4.2110			4.1476	4.0758	4.0385	4.2032	4.1026	4.1239	4.1447
47.21500000000000	0.4620	0.5003	0.5000	0.5052	0.5077			3.1518	2.8496	3.2424	3.6402	4.0584			4.063	3.932	3.900	4.129	4.441			4.3069	4.2960	4.2858	4.3931	4.2308			4.1540	4.0989	4.0377	4.2089	4.1115	4.1192	4.1306
47.43666666666670	0.4614	0.4998	0.5014	0.5049	0.5072			3.1522	2.8702	3.2444	3.6397	4.0668			4.065	3.942	3.893	4.156	4.433			4.3109	4.3311	4.2665	4.4145	4.2268			4.1642	4.0795	4.0518	4.2182	4.1021	4.1223	4.1681
47.65833333333330	0.4632	0.4973	0.5041	0.5024	0.5053			3.1694	2.8659	3.2294	3.6468	4.0677			4.074	3.929	3.898	4.134	4.421			4.2753	4.3158	4.2560	4.3920	4.2095			4.1265	4.0700	4.0425	4.1753	4.0950	4.1078	4.1387
47.88000000000000	0.4594	0.5032	0.5069	0.5042	0.5079			3.1563	2.8863	3.2451	3.6680	4.0784			4.081	3.957	3.911	4.156	4.470			4.3067	4.3225	4.3098	4.4332	4.2522			4.1808	4.1000	4.0902	4.2276	4.0816	4.1423	4.1624
48.10166666666670	0.4652	0.4988	0.5046	0.5028	0.5101			3.1746	2.8752	3.2381	3.6408	4.0637			4.083	3.978	3.895	4.134	4.465			4.2989	4.3340	4.2535	4.4149	4.2391			4.1450	4.1033	4.0663	4.2015	4.0937	4.1366	4.1761
48.32333333333330	0.4620	0.5012	0.5046	0.5050	0.5118			3.1909	2.8663	3.2682	3.6483	4.1099			4.077	3.957	3.917	4.147	4.469			4.3346	4.3127	4.3150	4.4441	4.2522			4.1810	4.0958	4.0735	4.2162	4.1169	4.1402	4.1736
48.54500000000000	0.4594	0.4974	0.5072	0.5061	0.5097			3.1906	2.8854	3.2806	3.6682	4.0912			4.085	3.982	3.938	4.199	4.462			4.3211	4.3421	4.3143	4.4415	4.2613			4.1690	4.1221	4.0815	4.2299	4.1326	4.1383	4.1762
48.76666666666670	0.4650	0.5012	0.5062	0.5047	0.5102			3.1764	2.8894	3.2761	3.6591	4.0784			4.133	4.008	3.941	4.156	4.487			4.3246	4.3094	4.3012	4.4290	4.2740			4.1767	4.1216	4.0692	4.2234	4.1345	4.1552	4.1713
48.98833333333330	0.4655	0.5038	0.5040	0.5079	0.5110			3.1905	2.8797	3.2691	3.6852	4.1034			4.096	3.980	3.937	4.186	4.472			4.3383	4.3534	4.3148	4.4371	4.2902			4.1692	4.1196	4.0838	4.2228	4.1393	4.1573	4.1940
49.21000000000000	0.4629	0.5009	0.5031	0.5016	0.5089			3.1838	2.8848	3.2582	3.6672	4.0855			4.102	3.994	3.932	4.169	4.452			4.3291	4.3311	4.2964	4.4251	4.2723			4.1515	4.0902	4.0696	4.2243	4.0994	4.1248	4.1430
49.43166666666670	0.4618	0.4975	0.5038	0.5049	0.5080			3.1859	2.8793	3.2704	3.6681	4.1122			4.115	3.993	3.928	4.180	4.456			4.3279	4.3562	4.3047	4.4507	4.2645			4.2004	4.0993	4.0698	4.2177	4.1130	4.1566	4.1769
49.65333333333330	0.4649	0.4994	0.5066	0.5058	0.5128			3.2064	2.9040	3.3010	3.6897	4.1101			4.133	3.998	3.941	4.205	4.488			4.3184	4.3514	4.2939	4.4488	4.2872			4.1818	4.1110	4.0668	4.2411	4.1218	4.1564	4.1957
49.87500000000000	0.4672	0.5011	0.5072	0.5083	0.5116			3.2238	2.9037	3.2834	3.7265	4.1617			4.130	4.026	3.952	4.212	4.481			4.3646	4.3622	4.3471	4.4526	4.2688			4.1976	4.1007	4.0959	4.2189	4.1422	4.1521	4.1782
50.09666666666670	0.4653	0.4984	0.5064	0.5108	0.5120			3.2137	2.9242	3.3116	3.7071	4.1272			4.151	4.019	3.953	4.239	4.482			4.3442	4.3578	4.3234	4.4734	4.2740			4.1752	4.1352	4.0922	4.2240	4.1401	4.1540	4.1982
50.31833333333330	0.4656	0.5005	0.5066	0.5053	0.5106			3.2396	2.9255	3.2993	3.7132	4.1324			4.142	4.003	3.966	4.208	4.509			4.3628	4.3730	4.3360	4.4379	4.2894			4.1765	4.1392	4.0971	4.2446	4.1366	4.1750	4.1682
50.54000000000000	0.4646	0.5033	0.5109	0.5062	0.5095			3.2310	2.9442	3.3112	3.7155	4.1373			4.142	4.026	3.985	4.235	4.523			4.3520	4.3828	4.3423	4.4646	4.3058			4.2134	4.1254	4.1020	4.2436	4.1638	4.1493	4.1876
50.76166666666670	0.4664	0.5017	0.5104	0.5100	0.5136			3.2277	2.9250	3.2974	3.6980	4.1234			4.134	4.022	3.973	4.201	4.519			4.3437	4.3673	4.3629	4.4724	4.3192			4.2146	4.1064	4.0905	4.2382	4.1386	4.1657	4.2007
50.98333333333330	0.4659	0.5029	0.5078	0.5090	0.5108			3.2303	2.9339	3.3130	3.7366	4.1586			4.149	4.024	3.976	4.213	4.506			4.3516	4.3742	4.3341	4.4682	4.3172			4.2029	4.1569	4.1084	4.2220	4.1538	4.1558	4.1899
51.20500000000000	0.4645	0.5043	0.5066	0.5091	0.5135			3.2327	2.9405	3.3040	3.7441	4.1645			4.152	4.022	3.961	4.231	4.525			4.3648	4.3738	4.3417	4.4519	4.3014			4.1843	4.1382	4.1113	4.2743	4.1358	4.1547	4.2049
51.42666666666670	0.4665	0.5006	0.5089	0.5092	0.5135			3.2405	2.9440	3.3429	3.7486	4.1970			4.158	4.024	3.984	4.262	4.522			4.3735	4.3909	4.3288	4.4841	4.3046			4.1891	4.1147	4.1117	4.2576	4.1634	4.1605	4.2150
51.64833333333330	0.4687	0.5047	0.5087	0.5078	0.5131			3.2497	2.9433	3.3444	3.7638	4.1961			4.147	4.015	3.979	4.218	4.528			4.3804	4.3872	4.3602	4.4964	4.2955			4.1780	4.1537	4.0975	4.2428	4.1586	4.1665	4.1988
51.87000000000000	0.4653	0.5035	0.5092	0.5092	0.5167			3.2456	2.9561	3.3105	3.7468	4.1641			4.174	4.028	3.998	4.243	4.528			4.3972	4.4047	4.3686	4.4969	4.2938			4.2140	4.1458	4.0837	4.2658	4.1734	4.1430	4.2021
52.09166666666670	0.4666	0.5028	0.5085	0.5104	0.5174			3.2557	2.9580	3.3520	3.7357	4.1754			4.183	4.062	4.016	4.279	4.548			4.3826	4.4086	4.3780	4.5151	4.3402			4.2122	4.1756	4.0872	4.2776	4.1817	4.1811	4.2042
52.31333333333330	0.4658	0.5063	0.5104	0.5116	0.5152			3.2846	2.9709	3.3541	3.7588	4.2050			4.178	4.051	4.004	4.235	4.542			4.3701	4.4110	4.3625	4.5081	4.3288			4.2121	4.1426	4.1081	4.2476	4.1851	4.1644	4.2089
52.53500000000000	0.4659	0.5084	0.5132	0.5123	0.5160			3.2856	2.9717	3.3746	3.7864	4.1991			4.199	4.071	4.027	4.252	4.566			4.4070	4.4028	4.3489	4.5040	4.3421			4.2206	4.1598	4.1268	4.2666	4.1788	4.1830	4.2142
52.75666666666670	0.4711	0.5075	0.5086	0.5104	0.5150			3.2986	2.9694	3.3346	3.7770	4.2026			4.176	4.045	4.006	4.255	4.546			4.3776	4.4172	4.3792	4.5026	4.3380			4.2057	4.1573	4.1454	4.2574	4.1705	4.1980	4.2228
52.97833333333330	0.4687	0.5063	0.5112	0.5112	0.5152			3.2948	2.9762	3.3245	3.7971	4.2347			4.201	4.063	4.017	4.289	4.569			4.4105	4.4177	4.3890	4.5085	4.3569			4.2427	4.1751	4.1269	4.2627	4.1881	4.1765	4.2263
53.20000000000000	0.4698	0.5070	0.5147	0.5148	0.5151			3.3038	2.9848	3.3632	3.7975	4.2108			4.218	4.099	4.018	4.256	4.571			4.4225	4.4426	4.3681	4.5494	4.3349			4.2190	4.1715	4.1396	4.2786	4.2080	4.1786	4.2130
53.42166666666670	0.4694	0.5062	0.5115	0.5113	0.5172			3.3079	2.9972	3.3635	3.7758	4.2316			4.189	4.083	4.044	4.275	4.588			4.4154	4.4440	4.3960	4.5452	4.3810			4.2525	4.1833	4.1469	4.2633	4.1800	4.2189	4.2188
53.64333333333330	0.4696	0.5091	0.5107	0.5164	0.5148			3.3132	2.9941	3.3528	3.8198	4.2548			4.193	4.074	4.038	4.293	4.566			4.4226	4.4457	4.4212	4.5195	4.3730			4.2391	4.1729	4.1428	4.2762	4.2031	4.1717	4.2507
53.86500000000000	0.4693	0.5067	0.5138	0.5126	0.5195			3.3027	3.0044	3.3710	3.8134	4.2170			4.196	4.104	4.022	4.292	4.564			4.4030	4.4551	4.3860	4.5211	4.3559			4.2576	4.1770	4.1324	4.2724	4.1792	4.1791	4.2347
54.08666666666670	0.4674	0.5089	0.5161	0.5148	0.5162			3.2976	2.9894	3.3766	3.8203	4.2530			4.205	4.099	4.047	4.273	4.594			4.4150	4.4519	4.4064	4.5608	4.3615			4.2322	4.1909	4.1258	4.3000	4.1867	4.1944	4.2485
54.30833333333330	0.4691	0.5101	0.5164	0.5123	0.5169			3.3158	3.0044	3.3968	3.8074	4.2339			4.202	4.100	4.029	4.294	4.578			4.4223	4.4264	4.3879	4.5228	4.3809			4.2367	4.1767	4.1297	4.2680	4.1674	4.2040	4.2275
54.53000000000000	0.4688	0.5072	0.5123	0.5128	0.5181			3.3245	3.0055	3.3890	3.8211	4.2586			4.223	4.093	4.033	4.273	4.608			4.3925	4.4474	4.4035	4.5242	4.3509			4.2463	4.1667	4.1311	4.2547	4.1945	4.2151	4.2344
54.75166666666670	0.4724	0.5076	0.5137	0.5155	0.5149			3.3320	3.0182	3.3856	3.8265	4.2308			4.202	4.083	4.056	4.279	4.592			4.4284	4.4114	4.4202	4.5550	4.3630			4.2168	4.1591	4.1332	4.2764	4.1832	4.2050	4.2365
54.97333333333330	0.4684	0.5092	0.5161	0.5123	0.5188			3.3276	3.0157	3.3937	3.8282	4.2496			4.220	4.094	4.052	4.282	4.571			4.4104	4.4296	4.3846	4.5399	4.3623			4.2531	4.1404	4.1312	4.2712	4.2011	4.2130	4.2142
55.19500000000000	0.4672	0.5104	0.5120	0.5154	0.5199			3.3200	3.0344	3.3786	3.8495	4.2368			4.219	4.107	4.060	4.308	4.566			4.3808	4.4678	4.3961	4.5207	4.3492			4.2373	4.1560	4.1161	4.2796	4.1880	4.2018	4.2587
55.41666666666670	0.4674	0.5066	0.5140	0.5137	0.5199			3.3395	3.0297	3.3997	3.8375	4.2338			4.206	4.094	4.035	4.272	4.591			4.4145	4.4566	4.3777	4.5123	4.3589			4.2334	4.1691	4.1278	4.2623	4.1824	4.1767	4.2092
55.63833333333330	0.4665	0.5044	0.5117	0.5128	0.5167			3.3184	3.0190	3.3800	3.8125	4.2683			4.222	4.083	4.042	4.301	4.561			4.4097	4.4575	4.3864	4.5128	4.3530			4.2228	4.1471	4.1154	4.2528	4.1534	4.1889	4.2511
55.86000000000000	0.4691	0.5091	0.5108	0.5152	0.5162			3.3338	3.0119	3.4029	3.8264	4.2524			4.208	4.096	4.073	4.286	4.608			4.4162	4.4406	4.3940	4.5126	4.3689			4.1938	4.1651	4.1188	4.2612	4.1748	4.1920	4.2273
56.08166666666670	0.4679	0.5102	0.5148	0.5175	0.5157			3.3489	3.0177	3.4011	3.8435	4.2702			4.218	4.094	4.057	4.302	4.623			4.4138	4.4249	4.3734	4.5166	4.3652			4.2176	4.1720	4.1233	4.2575	4.1812	4.2183	4.2070
56.30333333333330	0.4703	0.5082	0.5128	0.5151	0.5214			3.3342	3.0303	3.3866	3.8613	4.2473			4.247	4.094	4.053	4.310	4.591			4.4374	4.4473	4.4194	4.5370	4.3532			4.2043	4.1586	4.1041	4.2770	4.1760	4.1914	4.2198
56.52500000000000	0.4702	0.5048	0.5094	0.5135	0.5188			3.3420	3.0385	3.3852	3.8373	4.2741			4.248	4.101	4.070	4.314	4.590			4.4161	4.4346	4.3940	4.5253	4.3770			4.1902	4.1726	4.1250	4.2594	4.1880	4.2118	4.2327
56.74666666666670	0.4683	0.5120	0.5133	0.5120	0.5159			3.3493	3.0240	3.4099	3.8680	4.2713			4.223	4.101	4.050	4.281	4.594			4.4065	4.4604	4.4075	4.5251	4.3755			4.2291	4.1655	4.1041	4.2690	4.1904	4.1757	4.1995
56.96833333333330	0.4664	0.5076	0.5169	0.5134	0.5209			3.3390	3.0223	3.4064	3.8414	4.2612			4.230	4.109	4.074	4.310	4.612			4.4154	4.4526	4.3926	4.5660	4.3711			4.2320	4.1603	4.0946	4.2438	4.1671	4.1804	4.2257
57.19000000000000	0.4713	0.5064	0.5166	0.5143	0.5159			3.3351	3.0372	3.3948	3.8510	4.2600			4.236	4.091	4.083	4.295	4.601			4.4398	4.4760	4.3893	4.5374	4.3578			4.2181	4.1696	4.1263	4.2590	4.1884	4.2163	4.2365
57.41166666666670	0.4683	0.5091	0.5134	0.5130	0.5205			3.3509	3.0510	3.4268	3.8861	4.2601			4.240	4.105	4.059	4.310	4.612			4.4143	4.4418	4.4028	4.5522	4.3620			4.2492	4.1528	4.1311	4.2806	4.1886	4.2062	4.2017
57.63333333333330	0.4698	0.5108	0.5111	0.5144	0.5190			3.3676	3.0370	3.4253	3.8579	4.2844			4.211	4.136	4.056	4.309	4.624			4.4358	4.4710	4.4078	4.5612	4.3558			4.2300	4.1684	4.1252	4.3022	4.1681	4.1702	4.2253
57.85500000000000	0.4708	0.5112	0.5128	0.5120	0.5184			3.3414	3.0614	3.4253	3.8634	4.2843			4.239	4.115	4.074	4.345	4.590			4.4584	4.4682	4.4065	4.5429	4.3828			4.2492	4.1766	4.1470	4.2637	4.1942	4.1895	4.2398
58.07666666666670	0.4714	0.5132	0.5142	0.5179	0.5172			3.3647	3.0573	3.4373	3.8668	4.2853			4.257	4.120	4.076	4.307	4.599			4.4155	4.4586	4.4522	4.5515	4.3822			4.2268	4.1552	4.1583	4.2926	4.1919	4.1932	4.2352
58.29833333333330	0.4677	0.5123	0.5162	0.5170	0.5182			3.3696	3.0597	3.4203	3.8846	4.2954			4.278	4.146	4.085	4.297	4.618			4.4704	4.4695	4.4362	4.5888	4.4080			4.2626	4.1833	4.1446	4.2878	4.1830	4.2072	4.2094
58.52000000000000	0.4715	0.5115	0.5137	0.5157	0.5204			3.3858	3.0610	3.4510	3.8884	4.3047			4.280	4.134	4.108	4.325	4.626			4.4634	4.4857	4.4267	4.5626	4.4125			4.2376	4.1956	4.1354	4.2873	4.2164	4.2015	4.2477
58.74166666666670	0.4712	0.5097	0.5184	0.5178	0.5206			3.3852	3.0809	3.4390	3.9008	4.3325			4.275	4.151	4.111	4.338	4.628			4.4494	4.4617	4.4355	4.5685	4.3941			4.2512	4.1917	4.1220	4.2991	4.1990	4.2009	4.2353
58.96333333333330	0.4717	0.5122	0.5136	0.5169	0.5204			3.3876	3.0771	3.4545	3.9095	4.3038			4.263	4.155	4.100	4.361	4.639			4.4720	4.4662	4.4339	4.5727	4.3988			4.2387	4.1746	4.1548	4.2873	4.1941	4.2050	4.2428
59.18500000000000	0.4698	0.5109	0.5174	0.5177	0.5241			3.3720	3.0872	3.4429	3.9035	4.3187			4.288	4.169	4.096	4.372	4.638			4.4540	4.5096	4.4452	4.5564	4.3987			4.2445	4.1962	4.1509	4.2674	4.2255	4.2056	4.2422
59.40666666666670	0.4728	0.5104	0.5152	0.5231	0.5230			3.3926	3.0716	3.4639	3.9107	4.3201			4.272	4.105	4.119	4.341	4.630			4.4514	4.5169	4.4574	4.6150	4.4118			4.2580	4.2056	4.1576	4.3020	4.2388	4.2366	4.2561
59.62833333333330	0.4778	0.5112	0.5173	0.5204	0.5215			3.4122	3.0894	3.4830	3.9246	4.3156			4.329	4.187	4.114	4.341	4.632			4.4687	4.4753	4.4648	4.6091	4.4234			4.2701	4.1763	4.1591	4.2914	4.2271	4.2266	4.2472
59.85000000000000	0.4715	0.5123	0.5144	0.5192	0.5239			3.4005	3.0890	3.4616	3.9230	4.3194			4.306	4.187	4.116	4.360	4.653			4.4699	4.5049	4.4546	4.6028	4.4296			4.2686	4.1780	4.1565	4.2995	4.2353	4.2244	4.2527
60.07166666666670	0.4723	0.5116	0.5159	0.5148	0.5236			3.3934	3.0777	3.4638	3.9234	4.3341			4.297	4.161	4.125	4.359	4.679			4.4681	4.5022	4.4598	4.6019	4.4424			4.2465	4.2129	4.1415	4.3042	4.2141	4.2355	4.2406
60.29333333333330	0.4726	0.5161	0.5207	0.5199	0.5204			3.4122	3.0954	3.4790	3.9468	4.3657			4.315	4.182	4.112	4.350	4.657			4.4670	4.4972	4.4768	4.5960	4.4275			4.2520	4.1721	4.1661	4.3124	4.2388	4.2300	4.2703