"Time (h)"	"Relative fluorescence intensity (50 uM seeds)"	"Relative fluorescence intensity (50 uM seeds)"	"Relative fluorescence intensity (50 uM seeds)"	"Relative fluorescence intensity (12.5 uM seeds)"	"Relative fluorescence intensity (12.5 uM seeds)"	"Relative fluorescence intensity (12.5 uM seeds)"	"Relative fluorescence intensity (2.5 uM seeds)"	"Relative fluorescence intensity (2.5 uM seeds)"	"Relative fluorescence intensity (2.5 uM seeds)"	"Relative fluorescence intensity (0.5 uM seeds)"	"Relative fluorescence intensity (0.5 uM seeds)"	"Relative fluorescence intensity (0.5 uM seeds)"	"Relative fluorescence intensity (0 nM JB6)"	"Relative fluorescence intensity (0 nM JB6)"	"Relative fluorescence intensity (0 nM JB6)"
0.000	0.000	0.000	0.000	0.000	0.000	0.000	0.000	0.0003	0.000	0.001	0.000	0.0007	0.002	0.003	0.003
0.222	0.032	0.032	0.038	0.011	0.009	0.011	0.001	0.0000	0.001	0.001	0.001	0.0000	0.002	0.003	0.003
0.445	0.064	0.066	0.069	0.020	0.022	0.023	0.004	0.0017	0.002	0.001	0.001	0.0010	0.002	0.004	0.006
0.667	0.091	0.099	0.097	0.027	0.030	0.029	0.003	0.0010	0.002	0.002	0.001	0.0003	0.003	0.001	0.006
0.888	0.121	0.125	0.123	0.037	0.038	0.036	0.003	0.0035	0.003	0.000	0.001	0.0016	0.003	0.002	0.008
1.112	0.147	0.144	0.148	0.045	0.044	0.043	0.003	0.0038	0.001	0.004	0.002	0.0016	0.001	0.004	0.004
1.333	0.167	0.172	0.167	0.047	0.049	0.049	0.004	0.0042	0.002	0.002	0.001	0.0016	0.003	0.003	0.003
1.555	0.181	0.191	0.195	0.055	0.059	0.053	0.004	0.0073	0.009	0.002	0.002	0.0020	0.003	0.004	0.003
1.778	0.202	0.214	0.208	0.063	0.067	0.058	0.009	0.0076	0.010	0.002	0.002	0.0016	0.002	0.002	0.006
2.000	0.227	0.242	0.230	0.069	0.074	0.065	0.016	0.0090	0.014	0.003	0.003	0.0043	0.005	0.003	0.004
2.222	0.248	0.256	0.250	0.075	0.082	0.070	0.015	0.0153	0.016	0.001	0.005	0.0026	0.003	0.003	0.004
2.445	0.271	0.277	0.266	0.083	0.091	0.079	0.018	0.0184	0.019	0.002	0.004	0.0023	0.003	0.002	0.004
2.667	0.282	0.297	0.285	0.092	0.098	0.085	0.022	0.0208	0.023	0.001	0.003	0.0033	0.001	0.003	0.005
2.888	0.306	0.316	0.300	0.101	0.109	0.093	0.026	0.0215	0.024	0.002	0.007	0.0040	0.003	0.004	0.004
3.112	0.323	0.335	0.323	0.110	0.116	0.097	0.027	0.0247	0.026	0.005	0.005	0.0043	0.001	0.004	0.004
3.333	0.338	0.360	0.335	0.118	0.124	0.105	0.030	0.0260	0.030	0.005	0.003	0.0056	0.005	0.004	0.002
3.555	0.361	0.372	0.361	0.130	0.135	0.113	0.033	0.0295	0.034	0.006	0.006	0.0086	0.004	0.004	0.004
3.778	0.382	0.400	0.383	0.140	0.146	0.123	0.038	0.0319	0.038	0.004	0.006	0.0082	0.002	0.001	0.005
4.000	0.401	0.416	0.389	0.153	0.157	0.133	0.043	0.0351	0.044	0.006	0.006	0.0096	0.007	0.002	0.003
4.222	0.418	0.432	0.414	0.164	0.167	0.143	0.047	0.0399	0.045	0.006	0.007	0.0122	0.005	0.003	0.004
4.445	0.439	0.452	0.421	0.172	0.180	0.149	0.051	0.0438	0.050	0.005	0.008	0.0115	0.002	0.003	0.005
4.667	0.448	0.474	0.443	0.185	0.194	0.157	0.057	0.0458	0.059	0.009	0.008	0.0165	0.003	0.002	0.004
4.888	0.465	0.487	0.462	0.200	0.204	0.172	0.062	0.0517	0.062	0.009	0.011	0.0171	0.005	0.002	0.004
5.112	0.487	0.504	0.471	0.209	0.214	0.183	0.067	0.0583	0.068	0.012	0.010	0.0217	0.003	0.003	0.004
5.333	0.505	0.522	0.490	0.220	0.226	0.193	0.071	0.0594	0.076	0.014	0.017	0.0241	0.003	0.002	0.003
5.555	0.515	0.532	0.502	0.231	0.245	0.205	0.073	0.0691	0.084	0.016	0.017	0.0273	0.003	0.003	0.005
5.778	0.533	0.547	0.525	0.244	0.256	0.220	0.081	0.0726	0.088	0.017	0.019	0.0320	0.005	0.002	0.004
6.000	0.542	0.562	0.535	0.256	0.274	0.231	0.089	0.0781	0.096	0.022	0.022	0.0366	0.003	0.003	0.006
6.222	0.557	0.579	0.549	0.269	0.290	0.247	0.094	0.0868	0.109	0.025	0.022	0.0432	0.005	0.002	0.002
6.445	0.568	0.594	0.561	0.282	0.307	0.257	0.107	0.0951	0.126	0.027	0.024	0.0517	0.003	0.002	0.003
6.667	0.575	0.606	0.578	0.295	0.326	0.274	0.123	0.1045	0.141	0.032	0.028	0.0583	0.004	0.002	0.004
6.888	0.594	0.616	0.580	0.316	0.345	0.288	0.139	0.1215	0.157	0.036	0.031	0.0689	0.005	0.003	0.004
7.112	0.602	0.618	0.597	0.332	0.365	0.301	0.148	0.1358	0.175	0.042	0.036	0.0820	0.001	0.003	0.004
7.333	0.609	0.628	0.601	0.354	0.381	0.324	0.165	0.1507	0.190	0.047	0.039	0.0975	0.002	0.001	0.004
7.555	0.626	0.650	0.610	0.367	0.402	0.339	0.179	0.1663	0.208	0.053	0.047	0.1124	0.005	0.003	0.003
7.778	0.634	0.645	0.622	0.383	0.415	0.354	0.191	0.1851	0.224	0.060	0.054	0.1272	0.004	0.002	0.004
8.000	0.646	0.657	0.630	0.397	0.436	0.373	0.202	0.1962	0.238	0.071	0.060	0.1430	0.003	0.001	0.003
8.222	0.655	0.663	0.640	0.413	0.443	0.393	0.218	0.2073	0.251	0.081	0.072	0.1624	0.001	0.003	0.004
8.445	0.658	0.674	0.660	0.428	0.465	0.409	0.230	0.2212	0.264	0.097	0.081	0.1756	0.003	0.003	0.003
8.667	0.668	0.680	0.656	0.450	0.480	0.427	0.249	0.2365	0.284	0.112	0.095	0.1954	0.002	0.002	0.003
8.888	0.683	0.691	0.666	0.460	0.491	0.438	0.261	0.2507	0.298	0.131	0.104	0.2092	0.005	0.004	0.002
9.112	0.692	0.697	0.674	0.477	0.502	0.456	0.281	0.2660	0.317	0.142	0.117	0.2234	0.003	0.001	0.005
9.333	0.698	0.702	0.678	0.488	0.519	0.468	0.294	0.2806	0.329	0.177	0.130	0.2376	0.002	0.002	0.002
9.555	0.694	0.707	0.684	0.505	0.524	0.488	0.315	0.2979	0.348	0.193	0.142	0.2547	0.005	0.002	0.003
9.778	0.707	0.716	0.687	0.513	0.539	0.501	0.337	0.3135	0.366	0.207	0.154	0.2669	0.004	0.002	0.003
10.000	0.716	0.716	0.698	0.524	0.560	0.517	0.356	0.3260	0.384	0.220	0.166	0.2850	0.006	0.001	0.005
10.222	0.708	0.727	0.700	0.540	0.563	0.531	0.369	0.3479	0.400	0.234	0.178	0.3008	0.003	0.003	0.006
10.445	0.721	0.728	0.716	0.551	0.568	0.543	0.389	0.3611	0.419	0.246	0.195	0.3213	0.005	0.003	0.004
10.667	0.725	0.732	0.717	0.558	0.588	0.552	0.403	0.3781	0.431	0.260	0.209	0.3334	0.002	0.001	0.004
10.888	0.732	0.734	0.724	0.567	0.591	0.565	0.429	0.3986	0.452	0.272	0.228	0.3489	0.001	0.003	0.005
11.112	0.750	0.736	0.726	0.580	0.605	0.579	0.439	0.4181	0.468	0.289	0.249	0.3703	0.001	0.005	0.007
11.333	0.746	0.746	0.729	0.597	0.615	0.588	0.460	0.4292	0.476	0.306	0.267	0.3862	0.004	4.380e-004	0.006
11.555	0.741	0.750	0.737	0.600	0.615	0.597	0.472	0.4483	0.494	0.323	0.289	0.3997	0.005	0.004	0.003
11.778	0.754	0.764	0.744	0.609	0.631	0.611	0.486	0.4608	0.509	0.338	0.303	0.4175	0.006	0.003	0.003
12.000	0.762	0.762	0.738	0.623	0.639	0.618	0.498	0.4806	0.522	0.359	0.326	0.4273	0.005	0.001	0.006
12.222	0.767	0.762	0.746	0.629	0.640	0.625	0.512	0.4917	0.537	0.374	0.337	0.4418	0.003	0.002	0.006
12.445	0.772	0.757	0.749	0.635	0.650	0.632	0.525	0.5073	0.546	0.385	0.356	0.4596	0.005	0.003	0.001
12.667	0.766	0.766	0.752	0.650	0.655	0.648	0.540	0.5191	0.556	0.401	0.375	0.4741	0.003	0.002	0.000
12.888	0.773	0.774	0.763	0.650	0.660	0.652	0.550	0.5333	0.570	0.418	0.391	0.4811	0.005	0.004	0.003
13.112	0.787	0.784	0.772	0.658	0.670	0.667	0.563	0.5427	0.580	0.432	0.399	0.4923	0.005	0.001	0.006
13.333	0.783	0.790	0.769	0.670	0.679	0.679	0.571	0.5587	0.589	0.441	0.416	0.5044	0.002	0.003	0.005
13.555	0.785	0.789	0.772	0.672	0.686	0.676	0.577	0.5691	0.601	0.457	0.435	0.5137	0.005	0.001	0.004
13.778	0.790	0.787	0.770	0.688	0.689	0.682	0.583	0.5729	0.605	0.475	0.450	0.5245	0.002	0.004	0.001
14.000	0.784	0.793	0.780	0.691	0.693	0.688	0.595	0.5840	0.616	0.487	0.453	0.5328	0.002	0.003	0.004
14.222	0.797	0.792	0.785	0.698	0.698	0.694	0.603	0.6052	0.623	0.496	0.469	0.5516	0.003	0.003	0.003
14.445	0.812	0.804	0.788	0.699	0.698	0.699	0.608	0.6118	0.636	0.509	0.480	0.5588	0.003	0.002	0.004
14.667	0.802	0.812	0.792	0.706	0.710	0.708	0.616	0.6198	0.642	0.513	0.493	0.5641	0.001	0.002	0.002
14.888	0.805	0.808	0.795	0.714	0.712	0.719	0.625	0.6309	0.645	0.530	0.508	0.5796	0.002	0.003	0.003
15.112	0.805	0.806	0.797	0.718	0.724	0.722	0.641	0.6358	0.666	0.546	0.518	0.5792	0.003	0.002	0.005
15.333	0.809	0.824	0.800	0.725	0.716	0.725	0.638	0.6483	0.668	0.549	0.529	0.5914	0.003	0.001	0.004
15.555	0.815	0.820	0.809	0.733	0.722	0.725	0.646	0.6524	0.677	0.560	0.540	0.6026	0.003	0.002	0.005
15.778	0.822	0.819	0.806	0.738	0.732	0.734	0.659	0.6632	0.684	0.565	0.553	0.6155	0.003	0.003	0.004
16.000	0.819	0.821	0.816	0.742	0.732	0.742	0.663	0.6670	0.686	0.575	0.563	0.6237	0.004	0.002	0.003
16.222	0.838	0.835	0.818	0.749	0.743	0.744	0.667	0.6708	0.700	0.588	0.566	0.6264	0.006	0.002	0.003
16.445	0.831	0.833	0.814	0.750	0.738	0.747	0.675	0.6774	0.700	0.593	0.575	0.6362	0.005	0.004	0.004
16.667	0.829	0.835	0.813	0.760	0.743	0.754	0.675	0.6899	0.713	0.606	0.585	0.6448	0.003	0.003	0.001
16.888	0.836	0.834	0.817	0.761	0.755	0.757	0.687	0.6951	0.710	0.611	0.594	0.6471	0.005	0.002	0.003
17.112	0.837	0.830	0.815	0.760	0.762	0.758	0.694	0.7052	0.714	0.613	0.596	0.6563	0.001	0.003	0.005
17.333	0.847	0.843	0.829	0.771	0.760	0.768	0.698	0.7094	0.720	0.624	0.608	0.6633	0.002	0.003	0.004
17.555	0.841	0.835	0.831	0.779	0.765	0.768	0.703	0.7111	0.731	0.631	0.621	0.6712	0.003	0.002	0.007
17.778	0.848	0.841	0.834	0.777	0.768	0.772	0.710	0.7191	0.735	0.637	0.627	0.6843	0.001	0.002	0.004
18.000	0.844	0.846	0.834	0.782	0.770	0.777	0.714	0.7194	0.739	0.643	0.636	0.6843	0.005	0.001	0.003
18.222	0.856	0.846	0.836	0.786	0.772	0.784	0.718	0.7306	0.739	0.652	0.642	0.6900	0.003	0.004	0.004
18.445	0.855	0.852	0.846	0.787	0.773	0.787	0.727	0.7372	0.741	0.656	0.649	0.7015	0.006	0.004	0.003
18.667	0.847	0.854	0.849	0.787	0.782	0.788	0.730	0.7438	0.745	0.664	0.656	0.7018	0.003	0.002	0.004
18.888	0.858	0.855	0.846	0.796	0.783	0.790	0.734	0.7465	0.754	0.667	0.661	0.7061	0.005	0.006	0.006
19.112	0.858	0.855	0.850	0.796	0.790	0.797	0.735	0.7458	0.751	0.681	0.670	0.7203	0.004	0.003	0.004
19.333	0.863	0.858	0.842	0.803	0.790	0.797	0.744	0.7497	0.769	0.687	0.676	0.7173	0.003	0.002	0.006
19.555	0.868	0.865	0.843	0.805	0.796	0.799	0.746	0.7604	0.771	0.687	0.683	0.7285	0.002	0.003	0.003
19.778	0.865	0.879	0.849	0.807	0.797	0.803	0.753	0.7642	0.772	0.694	0.685	0.7249	0.000	0.003	0.003
20.000	0.875	0.870	0.857	0.811	0.800	0.812	0.754	0.7642	0.777	0.702	0.688	0.7328	0.003	0.004	0.003
20.222	0.862	0.867	0.853	0.810	0.806	0.812	0.755	0.7719	0.775	0.708	0.701	0.7410	0.006	0.001	0.006
20.445	0.875	0.870	0.849	0.818	0.809	0.813	0.762	0.7694	0.788	0.709	0.705	0.7433	0.005	0.003	0.006
20.667	0.869	0.872	0.869	0.808	0.810	0.821	0.769	0.7792	0.786	0.713	0.720	0.7476	0.004	0.002	0.004
20.888	0.881	0.872	0.859	0.823	0.811	0.823	0.769	0.7753	0.792	0.719	0.716	0.7496	0.003	0.002	0.003
21.112	0.874	0.877	0.863	0.822	0.810	0.819	0.773	0.7854	0.795	0.728	0.722	0.7562	0.002	0.001	0.002
21.333	0.874	0.884	0.867	0.828	0.818	0.825	0.781	0.7920	0.796	0.737	0.720	0.7644	0.001	0.004	0.002
21.555	0.879	0.877	0.864	0.829	0.822	0.828	0.783	0.7938	0.797	0.740	0.733	0.7631	0.002	0.004	0.003
21.778	0.889	0.872	0.869	0.837	0.819	0.826	0.789	0.8007	0.803	0.740	0.735	0.7601	0.001	0.002	0.006
22.000	0.884	0.874	0.868	0.840	0.829	0.826	0.792	0.7972	0.812	0.739	0.743	0.7720	0.002	0.003	0.004
22.222	0.895	0.879	0.872	0.837	0.828	0.832	0.796	0.8038	0.806	0.743	0.743	0.7727	0.005	0.002	0.003
22.445	0.885	0.886	0.874	0.844	0.830	0.841	0.792	0.8042	0.811	0.752	0.749	0.7809	0.003	0.004	0.003
22.667	0.891	0.879	0.869	0.838	0.839	0.837	0.792	0.8108	0.823	0.761	0.756	0.7848	0.006	0.003	0.006
22.888	0.898	0.886	0.875	0.851	0.834	0.852	0.801	0.8090	0.820	0.764	0.764	0.7862	0.003	0.005	0.005
23.112	0.900	0.894	0.883	0.847	0.841	0.839	0.807	0.8101	0.819	0.769	0.766	0.7881	0.003	0.004	0.003
23.333	0.903	0.891	0.879	0.850	0.844	0.855	0.805	0.8188	0.825	0.769	0.766	0.7924	0.005	0.003	0.006
23.555	0.902	0.897	0.888	0.855	0.850	0.854	0.813	0.8184	0.828	0.775	0.773	0.7931	0.002	0.003	0.005
23.778	0.904	0.898	0.879	0.856	0.841	0.859	0.810	0.8281	0.832	0.779	0.778	0.7984	0.002	0.002	0.002
24.000	0.896	0.900	0.887	0.859	0.845	0.853	0.814	0.8229	0.829	0.781	0.776	0.8089	0.005	0.004	0.003
24.222	0.905	0.910	0.892	0.869	0.855	0.852	0.822	0.8337	0.832	0.787	0.779	0.8089	0.005	0.005	0.003
24.445	0.906	0.902	0.897	0.857	0.854	0.862	0.823	0.8316	0.845	0.788	0.786	0.8129	0.001	0.002	0.004
24.667	0.910	0.911	0.893	0.868	0.864	0.860	0.830	0.8358	0.839	0.793	0.784	0.8188	0.006	0.005	0.004
24.888	0.914	0.913	0.900	0.866	0.860	0.872	0.831	0.8372	0.842	0.801	0.788	0.8208	0.003	0.004	0.003
25.112	0.907	0.903	0.898	0.873	0.858	0.865	0.836	0.8389	0.846	0.805	0.795	0.8208	0.005	0.002	0.003
25.333	0.912	0.910	0.894	0.869	0.858	0.870	0.836	0.8420	0.845	0.806	0.792	0.8214	0.002	0.003	0.004
25.555	0.907	0.901	0.898	0.870	0.861	0.873	0.832	0.8368	0.851	0.806	0.797	0.8250	0.006	0.003	0.006
25.778	0.913	0.915	0.905	0.883	0.869	0.869	0.842	0.8424	0.858	0.814	0.803	0.8316	0.002	4.380e-004	0.003
26.000	0.912	0.904	0.901	0.877	0.869	0.872	0.849	0.8580	0.857	0.816	0.809	0.8280	0.003	0.004	0.004
26.222	0.920	0.905	0.915	0.878	0.875	0.883	0.851	0.8455	0.858	0.821	0.818	0.8445	0.005	0.003	0.003
26.445	0.919	0.919	0.903	0.879	0.870	0.890	0.845	0.8524	0.855	0.820	0.814	0.8382	0.005	0.004	0.003
26.667	0.925	0.919	0.903	0.876	0.868	0.881	0.845	0.8573	0.862	0.836	0.829	0.8412	0.003	0.004	0.004
26.888	0.915	0.916	0.903	0.879	0.877	0.883	0.856	0.8528	0.865	0.830	0.824	0.8451	0.005	0.004	0.005
27.112	0.925	0.919	0.914	0.884	0.884	0.894	0.861	0.8677	0.863	0.836	0.831	0.8478	0.005	0.003	0.004
27.333	0.929	0.919	0.914	0.888	0.883	0.890	0.855	0.8653	0.871	0.837	0.838	0.8540	0.002	0.004	0.005
27.555	0.929	0.919	0.911	0.888	0.881	0.882	0.856	0.8726	0.866	0.843	0.837	0.8517	0.005	0.002	0.005
27.778	0.927	0.921	0.915	0.885	0.882	0.893	0.854	0.8694	0.874	0.841	0.842	0.8563	0.003	0.002	0.005
28.000	0.926	0.923	0.916	0.889	0.888	0.891	0.864	0.8670	0.876	0.838	0.846	0.8583	0.001	0.005	0.002
28.222	0.930	0.928	0.919	0.891	0.887	0.899	0.866	0.8747	0.874	0.849	0.855	0.8682	0.004	0.004	0.006
28.445	0.936	0.937	0.914	0.900	0.890	0.897	0.864	0.8767	0.880	0.860	0.857	0.8623	0.004	0.002	0.003
28.667	0.933	0.922	0.917	0.899	0.888	0.895	0.868	0.8851	0.879	0.855	0.849	0.8616	0.003	4.380e-004	0.007
28.888	0.927	0.935	0.916	0.892	0.891	0.899	0.874	0.8733	0.884	0.854	0.855	0.8692	0.005	0.004	0.004
29.112	0.942	0.937	0.922	0.889	0.892	0.902	0.872	0.8816	0.884	0.862	0.856	0.8656	0.001	0.002	0.004
29.333	0.931	0.935	0.928	0.896	0.893	0.907	0.880	0.8799	0.889	0.857	0.866	0.8755	0.003	0.004	0.004
29.555	0.929	0.935	0.923	0.905	0.894	0.902	0.881	0.8774	0.894	0.857	0.871	0.8738	0.002	0.002	0.004
29.778	0.937	0.931	0.926	0.909	0.901	0.911	0.884	0.8854	0.893	0.863	0.870	0.8768	0.002	0.004	0.002
30.000	0.935	0.938	0.921	0.900	0.903	0.913	0.886	0.8896	0.892	0.861	0.872	0.8774	0.003	0.003	0.002
30.222	0.932	0.940	0.931	0.900	0.891	0.909	0.890	0.8830	0.898	0.872	0.871	0.8847	0.006	0.002	0.006
30.445	0.939	0.948	0.934	0.902	0.908	0.916	0.891	0.9003	0.899	0.877	0.878	0.8870	0.003	0.003	0.003
30.667	0.941	0.944	0.931	0.909	0.907	0.918	0.898	0.8931	0.894	0.883	0.879	0.8867	0.002	0.003	0.004
30.888	0.942	0.928	0.934	0.908	0.912	0.912	0.891	0.9014	0.897	0.881	0.879	0.8843	0.003	0.001	0.006
31.112	0.942	0.938	0.947	0.919	0.910	0.920	0.891	0.9066	0.910	0.879	0.883	0.8946	0.004	0.003	0.001
31.333	0.939	0.950	0.941	0.919	0.905	0.916	0.891	0.9031	0.903	0.886	0.889	0.8979	0.004	0.003	0.004
31.555	0.939	0.939	0.931	0.916	0.918	0.912	0.897	0.8993	0.908	0.882	0.890	0.8929	0.002	0.003	0.003
31.778	0.945	0.947	0.943	0.913	0.913	0.922	0.901	0.9031	0.906	0.891	0.895	0.8979	0.005	0.004	0.003
32.000	0.950	0.942	0.935	0.921	0.918	0.920	0.902	0.9010	0.913	0.888	0.889	0.8946	0.001	0.004	0.004
32.222	0.951	0.949	0.936	0.923	0.923	0.923	0.906	0.9056	0.912	0.887	0.897	0.9018	0.002	0.004	0.004
32.445	0.949	0.945	0.940	0.921	0.921	0.924	0.899	0.9045	0.922	0.900	0.895	0.9048	0.003	0.002	0.004
32.667	0.950	0.941	0.941	0.928	0.913	0.924	0.912	0.9073	0.922	0.894	0.903	0.9008	0.005	0.004	0.002
32.888	0.953	0.946	0.935	0.920	0.923	0.927	0.904	0.9056	0.913	0.887	0.907	0.9015	0.004	0.004	0.003
33.112	0.957	0.951	0.937	0.922	0.938	0.938	0.908	0.9170	0.923	0.889	0.910	0.9183	0.003	0.002	0.004
33.333	0.954	0.943	0.938	0.926	0.932	0.925	0.914	0.9122	0.919	0.897	0.917	0.9157	0.006	0.002	0.003
33.555	0.950	0.958	0.943	0.919	0.939	0.927	0.914	0.9160	0.924	0.896	0.906	0.9068	0.003	0.002	0.004
33.778	0.960	0.953	0.945	0.935	0.930	0.936	0.920	0.9250	0.934	0.903	0.914	0.9219	0.003	0.004	0.003
34.000	0.960	0.952	0.941	0.926	0.934	0.942	0.911	0.9149	0.926	0.897	0.919	0.9186	0.003	0.004	0.004
34.222	0.953	0.958	0.939	0.943	0.932	0.946	0.921	0.9174	0.928	0.906	0.918	0.9245	0.003	0.003	0.005
34.445	0.961	0.949	0.949	0.935	0.935	0.943	0.922	0.9257	0.930	0.907	0.922	0.9239	0.005	4.380e-004	0.003
34.667	0.952	0.963	0.947	0.938	0.931	0.951	0.921	0.9351	0.939	0.914	0.931	0.9288	0.003	0.001	0.006
34.888	0.966	0.967	0.949	0.939	0.942	0.944	0.933	0.9326	0.937	0.913	0.925	0.9272	0.005	0.003	0.006
35.112	0.960	0.960	0.957	0.936	0.939	0.948	0.933	0.9358	0.942	0.911	0.924	0.9315	0.003	0.004	0.004
35.333	0.960	0.965	0.955	0.941	0.942	0.950	0.935	0.9351	0.943	0.912	0.931	0.9255	0.003	0.003	0.002
35.555	0.967	0.966	0.950	0.941	0.941	0.948	0.928	0.9285	0.938	0.924	0.936	0.9245	0.003	0.004	0.004
35.778	0.967	0.968	0.959	0.939	0.939	0.947	0.938	0.9361	0.946	0.921	0.938	0.9397	0.003	0.003	0.002
36.000	0.972	0.970	0.954	0.949	0.947	0.952	0.940	0.9424	0.937	0.926	0.937	0.9311	0.003	0.002	0.003
36.222	0.966	0.960	0.954	0.944	0.950	0.947	0.935	0.9413	0.947	0.926	0.943	0.9328	0.002	0.003	0.001
36.445	0.974	0.975	0.958	0.946	0.956	0.953	0.937	0.9413	0.945	0.931	0.940	0.9430	0.004	0.003	0.005
36.667	0.963	0.966	0.954	0.949	0.961	0.954	0.933	0.9389	0.939	0.925	0.942	0.9400	0.003	0.001	0.003
36.888	0.966	0.969	0.958	0.949	0.951	0.954	0.940	0.9483	0.947	0.930	0.942	0.9526	0.004	0.002	0.003
37.112	0.979	0.968	0.965	0.945	0.947	0.951	0.950	0.9483	0.946	0.936	0.947	0.9493	0.002	0.002	0.005
37.333	0.974	0.971	0.964	0.957	0.951	0.947	0.945	0.9507	0.947	0.940	0.950	0.9479	0.006	0.003	0.002
37.555	0.971	0.963	0.954	0.953	0.956	0.956	0.945	0.9500	0.954	0.943	0.956	0.9486	0.005	0.003	0.003
37.778	0.972	0.974	0.965	0.947	0.958	0.965	0.942	0.9493	0.949	0.936	0.956	0.9539	0.004	0.002	0.004
38.000	0.974	0.972	0.960	0.958	0.962	0.959	0.950	0.9497	0.959	0.942	0.958	0.9506	0.003	0.004	0.005
38.222	0.974	0.984	0.961	0.959	0.959	0.957	0.950	0.9542	0.958	0.944	0.952	0.9578	0.005	0.002	0.005
38.445	0.977	0.968	0.966	0.959	0.961	0.964	0.950	0.9576	0.965	0.938	0.946	0.9575	0.004	0.003	0.003
38.667	0.970	0.978	0.961	0.956	0.957	0.967	0.959	0.9590	0.961	0.942	0.953	0.9565	0.004	0.003	0.004
38.888	0.981	0.980	0.962	0.965	0.964	0.964	0.956	0.9590	0.962	0.945	0.969	0.9730	0.003	0.002	0.002
39.112	0.986	0.972	0.971	0.957	0.959	0.962	0.954	0.9628	0.965	0.953	0.956	0.9608	0.005	0.003	0.006
39.333	0.988	0.978	0.958	0.955	0.962	0.963	0.964	0.9590	0.964	0.955	0.971	0.9638	0.005	0.002	0.004
39.555	0.979	0.981	0.968	0.966	0.972	0.974	0.960	0.9583	0.972	0.960	0.960	0.9611	0.005	0.002	0.005
39.778	0.983	0.978	0.974	0.968	0.980	0.970	0.960	0.9628	0.970	0.957	0.969	0.9730	0.005	0.004	0.002
40.000	0.977	0.976	0.976	0.966	0.966	0.959	0.958	0.9628	0.973	0.960	0.966	0.9753	0.004	0.001	0.002
40.222	0.984	0.992	0.975	0.976	0.973	0.966	0.960	0.9646	0.968	0.966	0.967	0.9687	0.004	0.002	0.001
40.445	0.988	0.972	0.973	0.970	0.981	0.972	0.970	0.9712	0.988	0.954	0.971	0.9694	0.002	0.004	0.004
40.667	0.990	0.981	0.968	0.967	0.975	0.975	0.967	0.9757	0.980	0.965	0.970	0.9690	0.005	0.004	0.003
40.888	0.990	0.981	0.979	0.970	0.974	0.971	0.968	0.9736	0.970	0.963	0.970	0.9723	0.003	0.002	0.004
41.112	0.991	0.982	0.984	0.976	0.971	0.974	0.976	0.9719	0.973	0.963	0.976	0.9806	0.003	0.002	0.003
41.333	0.988	0.980	0.981	0.974	0.974	0.980	0.970	0.9760	0.981	0.974	0.974	0.9779	0.004	0.003	0.006
41.555	0.991	0.985	0.971	0.978	0.983	0.974	0.969	0.9795	0.983	0.977	0.971	0.9756	0.005	0.004	0.005
41.778	0.991	0.989	0.972	0.980	0.973	0.982	0.975	0.9774	0.982	0.972	0.977	0.9796	0.005	0.004	0.002
42.000	0.995	0.990	0.985	0.969	0.973	0.978	0.990	0.9872	0.991	0.977	0.985	0.9796	0.005	0.002	0.002
42.222	0.997	0.986	0.971	0.978	0.980	0.978	0.984	0.9851	0.985	0.974	0.973	0.9918	0.001	0.001	0.003
42.445	0.997	0.991	0.968	0.974	0.979	0.983	0.980	0.9788	0.987	0.982	0.977	0.9888	0.001	0.003	0.005
42.667	0.996	0.981	0.980	0.985	0.974	0.990	0.983	0.9851	0.987	0.985	0.980	0.9789	0.003	0.002	0.003
42.888	0.989	0.982	0.978	0.972	0.992	0.993	0.979	0.9872	0.992	0.986	0.993	0.9895	0.003	0.003	0.007
43.112	0.983	0.985	0.980	0.980	0.986	0.989	0.975	0.9837	0.991	0.976	0.984	0.9904	0.005	0.002	0.003
43.333	0.997	0.989	0.978	0.980	0.983	0.993	0.978	0.9854	0.996	0.981	0.992	0.9895	0.003	0.002	0.002
43.555	0.993	0.995	0.982	0.974	0.991	0.997	0.988	0.9892	0.994	0.991	0.993	0.9941	0.004	0.003	0.003
43.778	0.999	0.988	0.985	0.988	0.995	0.987	0.989	0.9854	0.998	0.994	0.990	0.9934	0.003	0.002	0.002
44.000	0.999	0.991	0.979	0.989	0.992	0.989	0.989	0.9951	1.000	0.988	0.993	0.9835	0.003	0.002	0.003
44.222	0.997	0.997	0.978	0.980	1.000	0.996	0.984	0.9927	0.986	0.996	0.998	0.9898	0.003	0.004	0.005
44.445	1.000	0.999	0.988	0.981	0.998	0.994	1.000	1.0000	1.000	0.988	0.997	0.9990	0.003	0.002	0.004
44.667	0.996	0.998	0.993	0.988	0.992	0.988	0.990	0.9958	0.999	0.995	1.000	0.9993	0.004	0.004	0.003
44.888	0.994	0.998	0.988	1.000	0.995	1.000	0.990	0.9955	1.000	1.000	0.999	0.9980	0.007	0.004	0.005
45.112	0.998	1.000	1.000	0.989	0.998	0.999	0.992	0.9931	1.000	0.996	0.992	1.0000	0.005	0.004	0.003
45.333													0.009	0.002	0.004
45.555													0.006	0.002	0.004
45.778													0.005	0.003	0.002
46.000													0.007	0.005	0.004
46.222													0.006	0.002	0.002
46.445													0.006	0.002	0.004
46.667													0.008	0.005	0.004
46.888													0.007	0.003	0.004
47.112													0.009	0.003	0.005
47.333													0.012	0.004	0.002
47.555													0.011	0.003	0.003
47.778													0.013	0.002	0.006
48.000													0.015	0.002	0.002
48.222													0.020	0.003	0.006
48.445													0.021	0.003	0.006
48.667													0.024	0.003	0.005
48.888													0.033	0.005	0.003
49.112													0.038	0.003	0.004
49.333													0.042	0.003	0.004
49.555													0.047	0.001	0.003
49.778													0.052	0.001	0.005
50.000													0.057	0.003	0.003
50.222													0.060	4.380e-004	0.003
50.445													0.066	0.001	0.004
50.667													0.072	0.002	0.007
50.888													0.074	0.001	0.003
51.112													0.080	0.004	0.003
51.333													0.091	0.004	0.004
51.555													0.103	0.001	0.006
51.778													0.116	0.003	0.007
52.000													0.139	0.004	0.003
52.222													0.157	0.002	0.005
52.445													0.177	0.002	0.007
52.667													0.203	0.004	0.006
52.888													0.228	0.002	0.006
53.112													0.258	0.002	0.007
53.333													0.278	0.002	0.007
53.555													0.304	0.004	0.007
53.778													0.333	0.001	0.013
54.000													0.354	0.002	0.011
54.222													0.377	0.000	0.014
54.445													0.398	0.002	0.017
54.667													0.413	0.001	0.022
54.888													0.429	0.004	0.031
55.112													0.444	0.003	0.039
55.333													0.449	0.003	0.050
55.555													0.470	0.002	0.068
55.778													0.479	0.004	0.082
56.000													0.493	0.003	0.100
56.222													0.502	0.003	0.116
56.445													0.515	0.002	0.130
56.667													0.521	0.002	0.142
56.888													0.527	0.003	0.163
57.112													0.540	0.004	0.176
57.333													0.547	0.003	0.199
57.555													0.559	0.001	0.219
57.778													0.563	0.001	0.239
58.000													0.570	0.002	0.265
58.222													0.582	0.004	0.283
58.445													0.584	0.002	0.309
58.667													0.594	0.004	0.330
58.888													0.603	0.004	0.345
59.112													0.605	0.003	0.367
59.333													0.613	0.002	0.389
59.555													0.614	0.002	0.403
59.778													0.618	0.002	0.426
60.000													0.626	0.004	0.430
60.222													0.628	0.001	0.444
60.445													0.635	0.002	0.458
60.667													0.644	0.001	0.467
60.888													0.650	0.001	0.474
61.112													0.649	0.002	0.488
61.333													0.656	0.002	0.494
61.555													0.660	0.003	0.509
61.778													0.666	0.002	0.517
62.000													0.670	0.003	0.520
62.222													0.678	0.004	0.528
62.445													0.677	0.002	0.534
62.667													0.692	0.003	0.547
62.888													0.685	0.004	0.545
63.112													0.696	0.001	0.564
63.333													0.692	0.002	0.564
63.555													0.703	0.003	0.570
63.778													0.705	0.003	0.575
64.000													0.706	0.003	0.580
64.222													0.712	0.004	0.593
64.445													0.717	0.004	0.595
64.667													0.711	0.004	0.600
64.888													0.718	0.002	0.607
65.112													0.722	0.004	0.612
65.333													0.729	0.004	0.617
65.555													0.728	0.003	0.616
65.778													0.731	0.004	0.626
66.000													0.739	0.002	0.629
66.222													0.735	0.004	0.630
66.445													0.739	0.004	0.638
66.667													0.744	0.002	0.642
66.888													0.744	0.004	0.646
67.112													0.743	0.005	0.657
67.333													0.745	0.004	0.653
67.555													0.753	0.005	0.660
67.778													0.757	0.004	0.668
68.000													0.761	0.005	0.667
68.222													0.757	0.005	0.673
68.445													0.768	0.006	0.679
68.667													0.760	0.007	0.684
68.888													0.768	0.007	0.683
69.112													0.775	0.007	0.689
69.333													0.771	0.009	0.692
69.555													0.776	0.010	0.705
69.778													0.774	0.011	0.697
70.000													0.780	0.011	0.697
70.222													0.780	0.012	0.698
70.445													0.790	0.014	0.706
70.667													0.782	0.015	0.711
70.888													0.780	0.016	0.708
71.112													0.785	0.018	0.715
71.333													0.798	0.018	0.725
71.555													0.790	0.019	0.723
71.778													0.797	0.024	0.721
72.000													0.799	0.023	0.727
72.222													0.801	0.027	0.730
72.445													0.805	0.028	0.739
72.667													0.807	0.031	0.734
72.888													0.804	0.032	0.737
73.112													0.810	0.034	0.734
73.333													0.803	0.039	0.741
73.555													0.811	0.037	0.749
73.778													0.812	0.041	0.753
74.000													0.808	0.046	0.748
74.222													0.819	0.048	0.758
74.445													0.818	0.054	0.761
74.667													0.815	0.060	0.766
74.888													0.820	0.069	0.763
75.112													0.823	0.071	0.767
75.333													0.816	0.078	0.764
75.555													0.833	0.086	0.771
75.778													0.823	0.099	0.766
76.000													0.826	0.104	0.768
76.222													0.821	0.113	0.769
76.445													0.839	0.123	0.779
76.667													0.846	0.134	0.780
76.888													0.839	0.148	0.781
77.112													0.828	0.162	0.784
77.333													0.836	0.179	0.789
77.555													0.836	0.186	0.796
77.778													0.845	0.208	0.785
78.000													0.851	0.216	0.796
78.222													0.841	0.232	0.801
78.445													0.851	0.251	0.798
78.667													0.850	0.272	0.800
78.888													0.851	0.292	0.795
79.112													0.850	0.311	0.804
79.333													0.850	0.335	0.807
79.555													0.853	0.357	0.808
79.778													0.855	0.375	0.805
80.000													0.855	0.396	0.806
80.222													0.858	0.420	0.814
80.445													0.858	0.439	0.815
80.667													0.862	0.468	0.817
80.888													0.864	0.484	0.822
81.112													0.869	0.502	0.819
81.333													0.862	0.525	0.823
81.555													0.863	0.536	0.824
81.778													0.866	0.556	0.826
82.000													0.875	0.568	0.827
82.222													0.865	0.581	0.835
82.445													0.864	0.591	0.831
82.667													0.859	0.614	0.833
82.888													0.868	0.615	0.835
83.112													0.868	0.635	0.827
83.333													0.866	0.634	0.842
83.555													0.877	0.653	0.838
83.778													0.882	0.660	0.844
84.000													0.879	0.669	0.844
84.222													0.876	0.680	0.846
84.445													0.882	0.683	0.852
84.667													0.877	0.687	0.848
84.888													0.884	0.699	0.852
85.112													0.884	0.714	0.858
85.333													0.887	0.718	0.853
85.555													0.894	0.719	0.855
85.778													0.887	0.726	0.856
86.000													0.887	0.738	0.853
86.222													0.889	0.739	0.858
86.445													0.894	0.750	0.855
86.667													0.891	0.761	0.859
86.888													0.894	0.763	0.864
87.112													0.887	0.762	0.862
87.333													0.905	0.770	0.868
87.555													0.895	0.777	0.861
87.778													0.903	0.780	0.873
88.000													0.903	0.782	0.872
88.222													0.901	0.795	0.868
88.445													0.904	0.786	0.880
88.667													0.905	0.804	0.870
88.888													0.902	0.803	0.878
89.112													0.895	0.808	0.884
89.333													0.908	0.804	0.880
89.555													0.908	0.822	0.886
89.778													0.913	0.824	0.887
90.000													0.908	0.824	0.886
90.222													0.909	0.832	0.886
90.445													0.908	0.828	0.891
90.667													0.905	0.843	0.889
90.888													0.917	0.846	0.890
91.112													0.917	0.848	0.890
91.333													0.908	0.848	0.905
91.555													0.918	0.852	0.893
91.778													0.918	0.852	0.897
92.000													0.915	0.861	0.906
92.222													0.919	0.863	0.901
92.445													0.913	0.864	0.904
92.667													0.918	0.864	0.899
92.888													0.925	0.859	0.900
93.112													0.926	0.871	0.906
93.333													0.927	0.868	0.910
93.555													0.927	0.869	0.909
93.778													0.920	0.879	0.910
94.000													0.923	0.880	0.909
94.222													0.925	0.880	0.907
94.445													0.930	0.878	0.909
94.667													0.925	0.881	0.911
94.888													0.933	0.887	0.920
95.112													0.937	0.885	0.910
95.333													0.940	0.887	0.916
95.555													0.937	0.889	0.921
95.778													0.926	0.893	0.929
96.000													0.934	0.888	0.924
96.222													0.936	0.897	0.918
96.445													0.938	0.896	0.924
96.667													0.943	0.894	0.926
96.888													0.947	0.910	0.928
97.112													0.954	0.904	0.938
97.333													0.947	0.919	0.933
97.555													0.946	0.905	0.925
97.778													0.945	0.907	0.936
98.000													0.945	0.915	0.932
98.222													0.958	0.916	0.937
98.445													0.952	0.914	0.928
98.667													0.953	0.925	0.943
98.888													0.953	0.920	0.937
99.112													0.950	0.913	0.944
99.333													0.943	0.923	0.944
99.555													0.949	0.919	0.941
99.778													0.950	0.925	0.944
100.000													0.954	0.922	0.933
100.222													0.953	0.925	0.946
100.445													0.961	0.932	0.952
100.667													0.959	0.929	0.953
100.888													0.955	0.933	0.948
101.112													0.960	0.934	0.952
101.333													0.963	0.932	0.958
101.555													0.957	0.940	0.957
101.778													0.955	0.939	0.953
102.000													0.962	0.940	0.958
102.222													0.959	0.936	0.964
102.445													0.972	0.943	0.960
102.667													0.968	0.944	0.960
102.888													0.959	0.947	0.961
103.112													0.970	0.941	0.961
103.333													0.969	0.948	0.969
103.555													0.964	0.950	0.964
103.778													0.964	0.949	0.976
104.000													0.969	0.951	0.974
104.222													0.966	0.951	0.966
104.445													0.979	0.943	0.975
104.667													0.971	0.953	0.977
104.888													0.966	0.955	0.969
105.112													0.968	0.967	0.972
105.333													0.962	0.953	0.976
105.555													0.970	0.966	0.975
105.778													0.969	0.964	0.976
106.000													0.972	0.965	0.984
106.222													0.971	0.955	0.987
106.445													0.978	0.964	0.981
106.667													0.974	0.965	0.983
106.888													0.976	0.963	0.979
107.112													0.974	0.956	0.989
107.333													0.973	0.963	0.980
107.555													0.976	0.970	0.993
107.778													0.972	0.971	0.990
108.000													0.982	0.972	0.992
108.222													0.980	0.975	0.989
108.445													0.977	0.976	0.992
108.667													0.986	0.974	0.988
108.888													0.980	0.975	0.992
109.112													0.974	0.978	0.992
109.333													0.985	0.979	0.992
109.555													0.983	0.977	1.000
109.778													0.986	0.986	0.997
110.000													0.985	0.979	0.973
110.222													0.994	0.979	0.971
110.445													0.985	0.976	0.972
110.667													0.994	0.981	0.967
110.888													0.987	0.983	0.962
111.110													0.993	0.989	0.971
111.333													0.979	0.988	0.975
111.555													0.990	0.989	0.983
111.777													0.987	0.992	0.972
112.000													0.990	0.994	0.975
112.222													0.991	0.996	0.978
112.443													0.995	0.993	0.978
112.667													0.997	0.986	0.976
112.888													0.990	0.991	0.976
113.110													0.988	0.989	0.974
113.333													0.994	0.993	0.981
113.555													0.997	0.991	0.983
113.777													1.000	0.995	0.989
114.000													0.998	1.000	0.976