"q (Å^-1)"	"Intensity (cm-1) 1000 nM JB6"	"Intensity (cm-1) 300 nM JB6"	"Intensity (cm-1) 0 nM JB6"
2.8790790000	0.02003817000000	0.01466901000000	0.03256587000000
2.8718360000	0.01205282000000	0.00701947000000	0.01067379000000
2.8645930000	0.00627595000000	0.00599435000000	0.00995673000000
2.8573510000	0.00500511000000	0.00154800000000	0.00353596000000
2.8501080000	-0.00656017000000	-0.00179924000000	-0.00875602000000
2.8428660000	0.00551897000000	0.00547311000000	0.00387610000000
2.8356230000	-0.00080842000000	0.00482998000000	0.00054106000000
2.8283800000	0.00090682000000	0.00325860000000	-0.00042824000000
2.8211380000	0.00396929000000	0.00012776000000	0.00193106000000
2.8138950000	0.00455827000000	0.00527007000000	0.00450239000000
2.8066530000	-0.00346363000000	-0.00147704000000	-0.00186961000000
2.7994100000	-0.00075289000000	-0.00223288000000	0.00202347000000
2.7921670000	0.00221966000000	0.00046850000000	-0.00033028000000
2.7849250000	0.00139303000000	0.00395444000000	0.00130743000000
2.7776820000	0.00136906000000	-0.00006903000000	0.00130230000000
2.7704400000	-0.00148335000000	0.00071540000000	-0.00212636000000
2.7631970000	0.00108346000000	0.00235437000000	0.00386363000000
2.7559540000	-0.00039715000000	0.00054781000000	0.00112623000000
2.7487120000	0.00064085000000	0.00173725000000	0.00109834000000
2.7414690000	0.00165820000000	0.00181174000000	0.00341175000000
2.7342270000	0.00226669000000	0.00188093000000	0.00293897000000
2.7269840000	0.00193839000000	0.00331401000000	-0.00013417000000
2.7197410000	0.00698237000000	0.00590634000000	0.00650664000000
2.7124990000	0.00161616000000	0.00229036000000	0.00205396000000
2.7052560000	0.00393288000000	0.00443605000000	0.00509880000000
2.6980140000	0.00076149000000	-0.00038339000000	-0.00002961000000
2.6907710000	0.00148704000000	0.00304059000000	0.00305426000000
2.6835280000	0.00288242000000	0.00393891000000	0.00595405000000
2.6762860000	0.00379405000000	0.00246616000000	0.00241267000000
2.6690430000	-0.00141190000000	-0.00057283000000	-0.00032152000000
2.6618010000	0.00281262000000	0.00310680000000	0.00203262000000
2.6545580000	0.00370522000000	0.00572636000000	0.00379940000000
2.6473150000	0.00386041000000	0.00305034000000	0.00330073000000
2.6400730000	0.00087778000000	0.00110979000000	0.00089775000000
2.6328300000	0.00404241000000	0.00369367000000	0.00465407000000
2.6255880000	0.00120226000000	0.00196070000000	-0.00025081000000
2.6183450000	0.00264271000000	0.00380799000000	0.00275374000000
2.6111020000	0.00276806000000	0.00329788000000	0.00279921000000
2.6038600000	0.00406900000000	0.00390380000000	0.00272091000000
2.5966170000	0.00155580000000	0.00250057000000	0.00158468000000
2.5893750000	0.00400670000000	0.00465915000000	0.00346034000000
2.5821320000	0.00499579000000	0.00458342000000	0.00387663000000
2.5748890000	0.00279129000000	0.00326462000000	0.00384525000000
2.5676470000	0.00416357000000	0.00554975000000	0.00467559000000
2.5604040000	0.00236773000000	0.00339513000000	0.00307987000000
2.5531620000	0.00369581000000	0.00273308000000	0.00353057000000
2.5459190000	0.00389410000000	0.00329703000000	0.00304602000000
2.5386760000	0.00385255000000	0.00418211000000	0.00429045000000
2.5314340000	0.00237966000000	0.00317235000000	0.00232743000000
2.5241910000	0.00405862000000	0.00462351000000	0.00422278000000
2.5169490000	0.00222084000000	0.00415241000000	0.00259774000000
2.5097060000	0.00227686000000	0.00175674000000	0.00145487000000
2.5024630000	0.00336183000000	0.00339383000000	0.00240135000000
2.4952210000	0.00259485000000	0.00242465000000	0.00314715000000
2.4879780000	0.00183040000000	0.00257700000000	0.00202380000000
2.4807360000	0.00139818000000	0.00372003000000	0.00241663000000
2.4734930000	0.00355704000000	0.00348504000000	0.00336384000000
2.4662500000	0.00338317000000	0.00375317000000	0.00457777000000
2.4590080000	0.00366027000000	0.00348827000000	0.00271357000000
2.4517650000	0.00549140000000	0.00592420000000	0.00626510000000
2.4445230000	0.00438160000000	0.00454250000000	0.00391920000000
2.4372800000	0.00313300000000	0.00419440000000	0.00273310000000
2.4300370000	0.00325850000000	0.00436170000000	0.00410050000000
2.4227950000	0.00384340000000	0.00426880000000	0.00434100000000
2.4155520000	0.00348210000000	0.00403850000000	0.00362770000000
2.4083100000	0.00454080000000	0.00508780000000	0.00430660000000
2.4010670000	0.00373350000000	0.00513090000000	0.00401520000000
2.3938240000	0.00377680000000	0.00380460000000	0.00390480000000
2.3865820000	0.00479300000000	0.00503800000000	0.00490950000000
2.3793390000	0.00363780000000	0.00456020000000	0.00380940000000
2.3720970000	0.00339850000000	0.00377530000000	0.00359950000000
2.3648540000	0.00525480000000	0.00552000000000	0.00456050000000
2.3576110000	0.00403070000000	0.00392570000000	0.00343120000000
2.3503690000	0.00383530000000	0.00386150000000	0.00362400000000
2.3431260000	0.00346330000000	0.00419620000000	0.00406280000000
2.3358830000	0.00500960000000	0.00669630000000	0.00638530000000
2.3286410000	0.00515970000000	0.00453480000000	0.00475120000000
2.3213980000	0.00469050000000	0.00503090000000	0.00543080000000
2.3141560000	0.00584100000000	0.00607260000000	0.00579410000000
2.3069130000	0.00397980000000	0.00444770000000	0.00327110000000
2.2996700000	0.00545690000000	0.00639780000000	0.00650330000000
2.2924280000	0.00381200000000	0.00447450000000	0.00378420000000
2.2851850000	0.00438390000000	0.00561420000000	0.00419010000000
2.2779430000	0.00398650000000	0.00538290000000	0.00376950000000
2.2707000000	0.00429250000000	0.00561480000000	0.00558570000000
2.2634570000	0.00407690000000	0.00525470000000	0.00407300000000
2.2562150000	0.00424470000000	0.00428600000000	0.00431700000000
2.2489720000	0.00574620000000	0.00609340000000	0.00566640000000
2.2417300000	0.00581710000000	0.00612750000000	0.00491820000000
2.2344870000	0.00453300000000	0.00508070000000	0.00539530000000
2.2272440000	0.00458410000000	0.00617160000000	0.00491060000000
2.2200020000	0.00440170000000	0.00575380000000	0.00506070000000
2.2127590000	0.00707320000000	0.00673920000000	0.00721410000000
2.2055170000	0.00470720000000	0.00466990000000	0.00412420000000
2.1982740000	0.00639050000000	0.00606110000000	0.00657760000000
2.1910310000	0.00659290000000	0.00633830000000	0.00584370000000
2.1837890000	0.00573490000000	0.00649800000000	0.00550810000000
2.1765460000	0.00463580000000	0.00566150000000	0.00505180000000
2.1693040000	0.00652110000000	0.00700460000000	0.00656520000000
2.1620610000	0.00495980000000	0.00510100000000	0.00444310000000
2.1548180000	0.00505800000000	0.00644200000000	0.00511810000000
2.1475760000	0.00534180000000	0.00670220000000	0.00629800000000
2.1403330000	0.00491610000000	0.00501890000000	0.00521300000000
2.1330910000	0.00582950000000	0.00602580000000	0.00442090000000
2.1258480000	0.00495690000000	0.00604390000000	0.00526880000000
2.1186050000	0.00456290000000	0.00604200000000	0.00499610000000
2.1113630000	0.00566310000000	0.00575830000000	0.00563910000000
2.1041200000	0.00547130000000	0.00626860000000	0.00587130000000
2.0968780000	0.00550240000000	0.00539500000000	0.00587170000000
2.0896350000	0.00520150000000	0.00602780000000	0.00533750000000
2.0823920000	0.00502160000000	0.00579300000000	0.00514130000000
2.0751500000	0.00594820000000	0.00609910000000	0.00532450000000
2.0679070000	0.00472930000000	0.00501100000000	0.00481180000000
2.0606650000	0.00524100000000	0.00567430000000	0.00485480000000
2.0534220000	0.00426410000000	0.00458390000000	0.00471900000000
2.0461790000	0.00479740000000	0.00568100000000	0.00515270000000
2.0389370000	0.00393640000000	0.00557940000000	0.00452700000000
2.0316940000	0.00409010000000	0.00501370000000	0.00519470000000
2.0244520000	0.00395260000000	0.00484670000000	0.00397460000000
2.0172090000	0.00363520000000	0.00350960000000	0.00351940000000
2.0099660000	0.00357940000000	0.00435120000000	0.00398420000000
2.0027240000	0.00382980000000	0.00401660000000	0.00380890000000
1.9954810000	0.00287700000000	0.00387600000000	0.00417660000000
1.9882390000	0.00233590000000	0.00277000000000	0.00287690000000
1.9809960000	0.00229010000000	0.00323270000000	0.00239090000000
1.9737530000	0.00292300000000	0.00232000000000	0.00253930000000
1.9665110000	0.00237580000000	0.00383780000000	0.00323780000000
1.9592680000	0.00103320000000	0.00176630000000	0.00115030000000
1.9520260000	0.00186650000000	0.00237690000000	0.00258730000000
1.9447830000	0.00217850000000	0.00229070000000	0.00192010000000
1.9375400000	0.00064950000000	0.00082790000000	0.00193980000000
1.9302980000	-0.00041290000000	0.00110910000000	-0.00000230000000
1.9230550000	0.00088250000000	0.00114920000000	0.00113540000000
1.9158130000	0.00038730000000	0.00163600000000	0.00030320000000
1.9085700000	0.00081560000000	0.00034700000000	0.00077810000000
1.9013270000	-0.00077000000000	0.00117650000000	0.00005870000000
1.8940850000	-0.00089550000000	-0.00053730000000	-0.00055320000000
1.8868420000	-0.00122780000000	0.00004890000000	-0.00056090000000
1.8796000000	-0.00070690000000	0.00027000000000	0.00024540000000
1.8723570000	-0.00119880000000	0.00019820000000	-0.00030670000000
1.8651140000	-0.00284770000000	-0.00174830000000	-0.00222810000000
1.8578720000	-0.00089130000000	-0.00111770000000	-0.00136820000000
1.8506290000	-0.00318710000000	-0.00151540000000	-0.00120640000000
1.8433870000	-0.00188240000000	-0.00128510000000	-0.00140780000000
1.8361440000	-0.00260420000000	-0.00227250000000	-0.00249350000000
1.8289010000	-0.00394940000000	-0.00249600000000	-0.00316230000000
1.8216590000	-0.00247620000000	-0.00277130000000	-0.00288450000000
1.8144160000	-0.00320820000000	-0.00240660000000	-0.00268980000000
1.8071740000	-0.00306040000000	-0.00202410000000	-0.00218820000000
1.7999310000	-0.00474510000000	-0.00289190000000	-0.00341980000000
1.7926880000	-0.00417720000000	-0.00457860000000	-0.00343400000000
1.7854460000	-0.00508030000000	-0.00454170000000	-0.00413730000000
1.7782030000	-0.00549070000000	-0.00491380000000	-0.00543600000000
1.7709600000	-0.00490030000000	-0.00446390000000	-0.00425340000000
1.7637180000	-0.00392520000000	-0.00306750000000	-0.00346010000000
1.7564750000	-0.00513790000000	-0.00492860000000	-0.00450990000000
1.7492330000	-0.00439070000000	-0.00361110000000	-0.00415190000000
1.7419900000	-0.00536960000000	-0.00462220000000	-0.00438420000000
1.7347470000	-0.00559160000000	-0.00444610000000	-0.00456640000000
1.7275050000	-0.00613130000000	-0.00585380000000	-0.00621020000000
1.7202620000	-0.00604440000000	-0.00564870000000	-0.00564370000000
1.7130200000	-0.00585520000000	-0.00466410000000	-0.00514510000000
1.7057770000	-0.00705400000000	-0.00606510000000	-0.00651800000000
1.6985340000	-0.00671170000000	-0.00607710000000	-0.00626400000000
1.6912920000	-0.00546040000000	-0.00491510000000	-0.00455270000000
1.6840490000	-0.00588240000000	-0.00556210000000	-0.00584030000000
1.6768070000	-0.00563490000000	-0.00501640000000	-0.00503820000000
1.6695640000	-0.00584890000000	-0.00600640000000	-0.00542520000000
1.6623210000	-0.00528030000000	-0.00516440000000	-0.00485220000000
1.6550790000	-0.00588660000000	-0.00547970000000	-0.00497070000000
1.6478360000	-0.00599050000000	-0.00526810000000	-0.00499800000000
1.6405940000	-0.00542740000000	-0.00487480000000	-0.00570380000000
1.6333510000	-0.00656780000000	-0.00604040000000	-0.00616980000000
1.6261080000	-0.00660750000000	-0.00632430000000	-0.00597770000000
1.6188660000	-0.00660600000000	-0.00596860000000	-0.00622780000000
1.6116230000	-0.00578280000000	-0.00602730000000	-0.00564490000000
1.6043810000	-0.00657590000000	-0.00582440000000	-0.00530310000000
1.5971380000	-0.00684040000000	-0.00603190000000	-0.00633380000000
1.5898950000	-0.00627224000000	-0.00636277000000	-0.00522430000000
1.5826530000	-0.00646948000000	-0.00616970000000	-0.00635235000000
1.5754100000	-0.00480776000000	-0.00427889000000	-0.00459189000000
1.5681680000	-0.00529440000000	-0.00532136000000	-0.00438014000000
1.5609250000	-0.00514504000000	-0.00501959000000	-0.00473934000000
1.5536820000	-0.00650861000000	-0.00560616000000	-0.00554641000000
1.5464400000	-0.00561258000000	-0.00486318000000	-0.00487953000000
1.5391970000	-0.00521513000000	-0.00471503000000	-0.00496335000000
1.5319550000	-0.00503382000000	-0.00485094000000	-0.00492069000000
1.5247120000	-0.00488993000000	-0.00476705000000	-0.00424425000000
1.5174690000	-0.00533307000000	-0.00511608000000	-0.00573264000000
1.5102270000	-0.00568474000000	-0.00466173000000	-0.00451945000000
1.5029840000	-0.00430184000000	-0.00388889000000	-0.00354140000000
1.4957420000	-0.00479149000000	-0.00393770000000	-0.00337796000000
1.4884990000	-0.00525064000000	-0.00401067000000	-0.00470925000000
1.4812560000	-0.00420399000000	-0.00374574000000	-0.00420144000000
1.4740140000	-0.00524158000000	-0.00424853000000	-0.00446900000000
1.4667710000	-0.00493713000000	-0.00447249000000	-0.00421021000000
1.4595290000	-0.00461944000000	-0.00422841000000	-0.00490498000000
1.4522860000	-0.00420766000000	-0.00398603000000	-0.00397382000000
1.4450430000	-0.00416004000000	-0.00413826000000	-0.00356557000000
1.4378010000	-0.00436384000000	-0.00351295000000	-0.00424324000000
1.4305580000	-0.00395760000000	-0.00361332000000	-0.00372603000000
1.4233160000	-0.00325589000000	-0.00290653000000	-0.00306870000000
1.4160730000	-0.00378855000000	-0.00340312000000	-0.00371219000000
1.4088300000	-0.00302584000000	-0.00279364000000	-0.00242619000000
1.4015880000	-0.00347475000000	-0.00355425000000	-0.00322608000000
1.3943450000	-0.00441264000000	-0.00406574000000	-0.00378810000000
1.3871030000	-0.00368181000000	-0.00359451000000	-0.00315463000000
1.3798600000	-0.00360386000000	-0.00318342000000	-0.00317997000000
1.3726170000	-0.00366123000000	-0.00314977000000	-0.00350969000000
1.3653750000	-0.00356473000000	-0.00312316000000	-0.00320825000000
1.3581320000	-0.00270452000000	-0.00266734000000	-0.00228196000000
1.3508900000	-0.00366779000000	-0.00292373000000	-0.00304653000000
1.3436470000	-0.00364708000000	-0.00286984000000	-0.00291457000000
1.3364040000	-0.00257691000000	-0.00235575000000	-0.00270384000000
1.3291620000	-0.00322898000000	-0.00261157000000	-0.00254107000000
1.3219190000	-0.00220311000000	-0.00238652000000	-0.00218041000000
1.3146770000	-0.00312916000000	-0.00226335000000	-0.00200338000000
1.3074340000	-0.00276302000000	-0.00193425000000	-0.00274223000000
1.3001910000	-0.00260749000000	-0.00185204000000	-0.00175039000000
1.2929490000	-0.00334506000000	-0.00313056000000	-0.00239924000000
1.2857060000	-0.00238827000000	-0.00151856000000	-0.00172354000000
1.2784640000	-0.00205592000000	-0.00171977000000	-0.00190741000000
1.2712210000	-0.00251255000000	-0.00253104000000	-0.00231473000000
1.2639780000	-0.00194667000000	-0.00143789000000	-0.00214313000000
1.2567360000	-0.00262473000000	-0.00232852000000	-0.00239778000000
1.2494930000	-0.00280229000000	-0.00214013000000	-0.00237985000000
1.2422500000	-0.00255977000000	-0.00268118000000	-0.00210001000000
1.2350080000	-0.00195828000000	-0.00235746000000	-0.00232774000000
1.2277650000	-0.00271634000000	-0.00222013000000	-0.00234338000000
1.2205230000	-0.00186160000000	-0.00149921000000	-0.00202208000000
1.2132800000	-0.00292223000000	-0.00265737000000	-0.00251029000000
1.2060370000	-0.00177078000000	-0.00164765000000	-0.00161490000000
1.1987950000	-0.00212153000000	-0.00207630000000	-0.00219531000000
1.1915520000	-0.00221715000000	-0.00186653000000	-0.00195349000000
1.1843100000	-0.00223087000000	-0.00223708000000	-0.00170821000000
1.1770670000	-0.00235419000000	-0.00169117000000	-0.00215980000000
1.1698240000	-0.00215289000000	-0.00142247000000	-0.00140689000000
1.1625820000	-0.00214987000000	-0.00175197000000	-0.00174694000000
1.1553390000	-0.00221411000000	-0.00185693000000	-0.00178434000000
1.1480970000	-0.00128269000000	-0.00133847000000	-0.00154947000000
1.1408540000	-0.00158607000000	-0.00119310000000	-0.00115386000000
1.1336110000	-0.00246245000000	-0.00264727000000	-0.00215741000000
1.1263690000	-0.00162372000000	-0.00124267000000	-0.00127710000000
1.1191260000	-0.00176594000000	-0.00190983000000	-0.00154877000000
1.1118840000	-0.00206029000000	-0.00147244000000	-0.00188186000000
1.1046410000	-0.00112823000000	-0.00125223000000	-0.00134038000000
1.0973980000	-0.00149223000000	-0.00122505000000	-0.00136163000000
1.0901560000	-0.00190036000000	-0.00129626000000	-0.00170553000000
1.0829130000	-0.00142804000000	-0.00162008000000	-0.00130760000000
1.0756710000	-0.00136849000000	-0.00099581000000	-0.00112549000000
1.0684280000	-0.00122855000000	-0.00139777000000	-0.00110989000000
1.0611850000	-0.00156905000000	-0.00148700000000	-0.00139375000000
1.0539430000	-0.00108244000000	-0.00099105000000	-0.00075748000000
1.0467000000	-0.00137003000000	-0.00165862000000	-0.00093241000000
1.0394580000	-0.00181535000000	-0.00193709000000	-0.00190868000000
1.0322150000	-0.00125582000000	-0.00123877000000	-0.00131722000000
1.0249720000	-0.00151844000000	-0.00137943000000	-0.00098647000000
1.0177300000	-0.00136615000000	-0.00107562000000	-0.00109578000000
1.0104870000	-0.00146807000000	-0.00134107000000	-0.00103693000000
1.0032450000	-0.00141068000000	-0.00147168000000	-0.00144545000000
0.9960020000	-0.00082700000000	-0.00079338000000	-0.00089408000000
0.9887594000	-0.00167505000000	-0.00105460000000	-0.00140655000000
0.9815168000	-0.00145019000000	-0.00124383000000	-0.00167152000000
0.9742742000	-0.00173084000000	-0.00174810000000	-0.00122658000000
0.9670316000	-0.00096198000000	-0.00152652000000	-0.00146651000000
0.9597890000	-0.00050793000000	-0.00081936000000	-0.00042769000000
0.9525464000	-0.00102838000000	-0.00142671000000	-0.00110513000000
0.9453038000	-0.00217575000000	-0.00189957000000	-0.00192107000000
0.9380612000	-0.00082548000000	-0.00050328000000	-0.00056838000000
0.9308186000	-0.00053589000000	-0.00071316000000	-0.00115578000000
0.9235760000	-0.00122785000000	-0.00117180000000	-0.00073822000000
0.9163334000	-0.00089737000000	-0.00059844000000	-0.00073684000000
0.9090908000	-0.00137627000000	-0.00126911000000	-0.00121616000000
0.9018482000	-0.00127426000000	-0.00121216000000	-0.00127841000000
0.8946056000	-0.00006921000000	-0.00012791000000	-0.00008894000000
0.8873630000	-0.00011521000000	-0.00046984000000	-0.00009354000000
0.8801204000	-0.00039574000000	-0.00047135000000	-0.00029015000000
0.8728778000	-0.00111106000000	-0.00086859000000	-0.00089147000000
0.8656352000	-0.00071665000000	-0.00083180000000	-0.00092054000000
0.8583925000	-0.00089661000000	-0.00098301000000	-0.00093920000000
0.8511499000	-0.00035397000000	-0.00052781000000	-0.00018902000000
0.8439073000	-0.00042916000000	-0.00013429000000	-0.00033803000000
0.8366647000	-0.00006154000000	0.00016769000000	0.00010863000000
0.8294221000	-0.00066439000000	-0.00071600000000	-0.00003351000000
0.8221795000	0.00011556000000	0.00031906000000	0.00033036000000
0.8149369000	-0.00057045000000	-0.00089402000000	-0.00067258000000
0.8076943000	-0.00083266000000	-0.00079842000000	-0.00101545000000
0.8004517000	-0.00061093000000	-0.00099075000000	-0.00089406000000
0.7932091000	-0.00031491000000	-0.00076539000000	-0.00048405000000
0.7859665000	-0.00016608000000	-0.00017022000000	0.00020129000000
0.7787239000	0.00056284000000	0.00012717000000	0.00058905000000
0.7714813000	-0.00011822000000	0.00006693000000	-0.00029690000000
0.7642387000	-0.00001344000000	-0.00039549000000	0.00012447000000
0.7569961000	-0.00027458000000	0.00002559000000	-0.00008084000000
0.7497535000	0.00020727000000	-0.00031180000000	0.00018982000000
0.7425109000	-0.00057646000000	-0.00042921000000	-0.00011870000000
0.7352683000	0.00008906000000	0.00022844000000	-0.00032985000000
0.7280257000	-0.00095400000000	-0.00117265000000	-0.00080666000000
0.7207831000	0.00019572000000	-0.00052501000000	-0.00047371000000
0.7135405000	-0.00017739000000	-0.00024142000000	-0.00073353000000
0.7062979000	-0.00038344000000	-0.00057987000000	-0.00002525000000
0.6990553000	-0.00026543000000	0.00026133000000	0.00029370000000
0.6918127000	-0.00077314000000	-0.00036830000000	-0.00078745000000
0.6845701000	-0.00013537000000	0.00002890000000	-0.00016131000000
0.6773275000	0.00044724000000	0.00062375000000	0.00046652000000
0.6700849000	-0.00018057000000	-0.00043296000000	-0.00013658000000
0.6628423000	0.00066988000000	0.00039709000000	0.00040859000000
0.6555997000	-0.00025904000000	-0.00031501000000	-0.00013327000000
0.6483571000	0.00079194000000	0.00055590000000	0.00065955000000
0.6411145000	-0.00045480000000	-0.00015714000000	-0.00008141000000
0.6338719000	0.00016285000000	0.00027554000000	0.00066558000000
0.6266293000	-0.00026403000000	0.00023512000000	0.00014833000000
0.6193867000	0.00066829000000	0.00059020000000	0.00072966000000
0.6121441000	0.00005382000000	0.00049603000000	0.00076363000000
0.6049015000	0.00059398000000	0.00066073000000	0.00051241000000
0.5976589000	0.00022108000000	0.00013092000000	0.00039351000000
0.5904162000	0.00097720000000	0.00049166000000	0.00052118000000
0.5831736000	0.00021283000000	0.00007427000000	-0.00036018000000
0.5759310000	0.00079934000000	0.00051918000000	0.00090987000000
0.5686884000	0.00108275000000	0.00012936000000	0.00103140000000
0.5614458000	-0.00023772000000	0.00034019000000	0.00030138000000
0.5579689000	0.00061346000000	0.00021728000000	0.00047149000000
0.5560744000	-0.00081571000000	-0.00156013000000	-0.00064100000000
0.5541799000	0.00049674000000	0.00013107000000	-0.00029322000000
0.5522854000	-0.00075141000000	-0.00179791000000	-0.00153182000000
0.5503909000	0.00068566000000	-0.00000288000000	0.00011352000000
0.5484964000	0.00009660000000	-0.00118058000000	-0.00035390000000
0.5466019000	0.00050351000000	0.00043220000000	0.00034401000000
0.5447074000	0.00027807000000	-0.00041590000000	0.00004431000000
0.5428129000	0.00030972000000	-0.00099089000000	-0.00037295000000
0.5409184000	0.00165446000000	0.00081780000000	0.00007110000000
0.5390239000	0.00094088000000	0.00052173000000	0.00129671000000
0.5371294000	0.00074498000000	0.00055917000000	-0.00017547000000
0.5352349000	0.00120384000000	0.00037154000000	0.00047675000000
0.5333404000	0.00113159000000	0.00001227000000	0.00041622000000
0.5314459000	-0.00084371000000	-0.00005360000000	-0.00060080000000
0.5295514000	-0.00036659000000	-0.00028803000000	0.00019934000000
0.5276569000	-0.00053239000000	-0.00099548000000	-0.00132665000000
0.5257624000	-0.00003306000000	-0.00025246000000	-0.00107194000000
0.5238679000	0.00018117000000	0.00074871000000	-0.00054862000000
0.5219734000	0.00113663000000	-0.00000569000000	0.00086712000000
0.5200788000	0.00000260000000	0.00040494000000	-0.00088117000000
0.5181843000	0.00024347000000	0.00032689000000	0.00000322000000
0.5162898000	-0.00072788000000	-0.00006619000000	-0.00025022000000
0.5143953000	0.00117013000000	0.00030028000000	0.00107661000000
0.5125008000	0.00002118000000	0.00025694000000	0.00008860000000
0.5106063000	-0.00052691000000	-0.00128685000000	-0.00083073000000
0.5087118000	0.00071012000000	-0.00050886000000	0.00064941000000
0.5068173000	-0.00024464000000	-0.00015189000000	0.00030572000000
0.5049228000	0.00133615000000	-0.00024115000000	0.00043269000000
0.5030283000	0.00099691000000	-0.00076461000000	-0.00065347000000
0.5011338000	0.00186499000000	0.00037431000000	0.00031896000000
0.4992393000	0.00065608000000	-0.00032230000000	0.00043278000000
0.4973448000	0.00087918000000	-0.00036415000000	-0.00020275000000
0.4954503000	0.00132184000000	0.00062713000000	0.00078503000000
0.4935558000	0.00156142000000	0.00076224000000	0.00008483000000
0.4916613000	0.00081989000000	-0.00075010000000	-0.00016350000000
0.4897668000	0.00132857000000	0.00040644000000	0.00031155000000
0.4878723000	0.00071616000000	0.00086385000000	0.00115587000000
0.4859778000	0.00042768000000	-0.00083888000000	0.00007417000000
0.4840833000	0.00028876000000	0.00062038000000	0.00013078000000
0.4821888000	0.00032931000000	-0.00038005000000	0.00009016000000
0.4802943000	0.00015371000000	-0.00058198000000	-0.00024559000000
0.4783998000	-0.00006121000000	-0.00117850000000	-0.00010137000000
0.4765053000	0.00062010000000	-0.00031066000000	0.00046088000000
0.4746108000	0.00087932000000	-0.00062738000000	0.00008786000000
0.4727163000	0.00107932000000	-0.00021358000000	-0.00041363000000
0.4708218000	0.00177993000000	0.00028037000000	0.00030042000000
0.4689273000	0.00033787000000	0.00011904000000	0.00047597000000
0.4670328000	0.00116818000000	0.00049548000000	0.00039387000000
0.4651383000	0.00167121000000	0.00083808000000	0.00125298000000
0.4632437000	0.00038189000000	0.00025326000000	-0.00042266000000
0.4613492000	0.00025294000000	0.00009991000000	0.00001374000000
0.4594547000	0.00027484000000	0.00006423000000	0.00025990000000
0.4575602000	0.00076943000000	-0.00040485000000	-0.00000986000000
0.4556657000	0.00135392000000	0.00010730000000	0.00019361000000
0.4537712000	0.00082755000000	-0.00064640000000	-0.00051163000000
0.4518767000	0.00083207000000	-0.00088639000000	-0.00015981000000
0.4499822000	0.00011489000000	-0.00065660000000	0.00000931000000
0.4480877000	0.00115297000000	-0.00002332000000	0.00049293000000
0.4461932000	0.00051613000000	0.00047733000000	0.00091203000000
0.4442987000	0.00109242000000	-0.00037893000000	0.00043148000000
0.4424042000	0.00120306000000	0.00057188000000	0.00075729000000
0.4405097000	0.00035745000000	0.00043756000000	0.00015327000000
0.4386152000	0.00063455000000	0.00005812000000	-0.00005969000000
0.4367207000	0.00076464000000	0.00090947000000	0.00032102000000
0.4348262000	0.00123785000000	0.00028932000000	0.00032951000000
0.4329317000	0.00246471000000	0.00140144000000	0.00121114000000
0.4310372000	0.00091444000000	0.00044641000000	0.00039346000000
0.4291427000	0.00026521000000	-0.00060232000000	-0.00020885000000
0.4272482000	0.00210801000000	0.00128532000000	0.00137582000000
0.4253537000	0.00060651000000	0.00069944000000	-0.00014168000000
0.4234592000	0.00009623000000	0.00030545000000	0.00016215000000
0.4215647000	0.00089863000000	0.00072346000000	0.00010741000000
0.4196702000	0.00039604000000	-0.00010508000000	0.00010539000000
0.4177757000	0.00102396000000	-0.00048043000000	0.00008465000000
0.4158812000	0.00085176000000	0.00056671000000	0.00095584000000
0.4139867000	0.00004300000000	-0.00014819000000	-0.00013610000000
0.4120922000	0.00151368000000	0.00061212000000	0.00031257000000
0.4101977000	0.00050278000000	0.00077461000000	0.00035278000000
0.4083032000	0.00136629000000	0.00091920000000	0.00122991000000
0.4064087000	0.00195462000000	0.00080757000000	0.00146015000000
0.4045141000	0.00080160000000	-0.00031759000000	0.00052851000000
0.4026196000	0.00039660000000	0.00044897000000	0.00071390000000
0.4007251000	0.00128240000000	0.00005715000000	0.00048001000000
0.3988306000	0.00107178000000	0.00095184000000	0.00076244000000
0.3969361000	0.00000837000000	0.00003712000000	-0.00022853000000
0.3950416000	0.00091259000000	0.00079456000000	0.00006016000000
0.3931471000	0.00130586000000	0.00079032000000	0.00055849000000
0.3912526000	0.00128350000000	0.00161604000000	0.00082594000000
0.3893581000	0.00101677000000	0.00021243000000	0.00044883000000
0.3874636000	0.00067869000000	0.00056986000000	-0.00012884000000
0.3855691000	0.00141553000000	0.00084814000000	0.00069279000000
0.3836746000	0.00179680000000	0.00116840000000	0.00065415000000
0.3817801000	0.00150090000000	0.00067375000000	0.00095809000000
0.3798856000	0.00089767000000	0.00020186000000	0.00069082000000
0.3779911000	0.00096329000000	0.00009143000000	0.00059552000000
0.3760966000	0.00201580000000	0.00099581000000	0.00065104000000
0.3742021000	0.00155649000000	-0.00014976000000	0.00045252000000
0.3723076000	0.00113410000000	0.00088771000000	0.00102990000000
0.3704131000	0.00105905000000	0.00096392000000	0.00101580000000
0.3685186000	0.00212931000000	0.00069262000000	0.00084733000000
0.3666241000	-0.00017972000000	0.00054776000000	0.00044550000000
0.3647296000	0.00131578000000	0.00012334000000	0.00020734000000
0.3628351000	0.00101690000000	0.00015330000000	0.00057165000000
0.3609406000	0.00078921000000	0.00044061000000	0.00046326000000
0.3590461000	0.00086670000000	0.00144922000000	0.00083583000000
0.3571516000	0.00137863000000	0.00136590000000	0.00069434000000
0.3552571000	0.00112352000000	0.00089364000000	-0.00025528000000
0.3533626000	0.00141007000000	0.00057975000000	0.00074162000000
0.3514681000	0.00121755000000	0.00110219000000	0.00091722000000
0.3495736000	0.00239522000000	0.00135761000000	0.00127761000000
0.3476791000	0.00191012000000	0.00147380000000	0.00107038000000
0.3457845000	0.00189814000000	0.00052075000000	0.00078177000000
0.3438900000	0.00102251000000	0.00018647000000	0.00067256000000
0.3419955000	0.00094372000000	0.00001815000000	0.00069026000000
0.3401010000	0.00070870000000	0.00091804000000	0.00012990000000
0.3382065000	0.00002415000000	0.00085395000000	0.00004063000000
0.3363120000	0.00141596000000	0.00083620000000	0.00077821000000
0.3344175000	0.00174522000000	0.00022677000000	0.00075594000000
0.3325230000	0.00136075000000	0.00129270000000	0.00101895000000
0.3306285000	0.00097870000000	0.00032274000000	0.00082498000000
0.3287340000	0.00119153000000	0.00200711000000	0.00160948000000
0.3268395000	0.00148273000000	0.00073952000000	0.00060008000000
0.3249450000	0.00158718000000	0.00083003000000	0.00159096000000
0.3230505000	0.00207670000000	0.00077017000000	0.00076163000000
0.3211560000	0.00082109000000	0.00060229000000	0.00039764000000
0.3192615000	0.00194718000000	0.00131150000000	0.00102861000000
0.3173670000	0.00101979000000	0.00060813000000	0.00085173000000
0.3154725000	0.00084905000000	0.00091152000000	0.00006562000000
0.3135780000	0.00222550000000	0.00154250000000	0.00158345000000
0.3116835000	0.00190327000000	0.00090546000000	0.00111998000000
0.3097890000	0.00218736000000	0.00089857000000	0.00097184000000
0.3078945000	0.00195640000000	0.00215487000000	0.00145123000000
0.3060000000	0.00176277000000	0.00090561000000	0.00147383000000
0.3041055000	0.00158930000000	0.00094651000000	0.00102025000000
0.3022110000	0.00106000000000	0.00076574000000	0.00080035000000
0.3003165000	0.00172910000000	0.00129262000000	0.00090199000000
0.2984220000	0.00099220000000	0.00076776000000	0.00084150000000
0.2965275000	0.00199683000000	0.00112952000000	0.00142138000000
0.2946330000	0.00317482000000	0.00183002000000	0.00187439000000
0.2927385000	0.00128693000000	0.00165017000000	0.00081970000000
0.2908440000	0.00090289000000	0.00010730000000	0.00026653000000
0.2889494000	0.00203575000000	0.00049162000000	0.00114942000000
0.2870549000	0.00131719000000	0.00028096000000	0.00118553000000
0.2851604000	0.00208892000000	0.00142665000000	0.00119519000000
0.2832659000	0.00200693000000	0.00162741000000	0.00193742000000
0.2813714000	0.00225918000000	0.00143524000000	0.00094350000000
0.2794769000	0.00209266000000	0.00164965000000	0.00122898000000
0.2775824000	0.00233179000000	0.00095006000000	0.00176159000000
0.2756879000	0.00190936000000	0.00236738000000	0.00171190000000
0.2737934000	0.00152484000000	0.00246275000000	0.00204533000000
0.2718989000	0.00215191000000	0.00175449000000	0.00126733000000
0.2700044000	0.00167932000000	0.00114137000000	0.00100515000000
0.2681099000	0.00251759000000	0.00161603000000	0.00171026000000
0.2662154000	0.00255939000000	0.00123466000000	0.00197403000000
0.2643209000	0.00144665000000	0.00173083000000	0.00209139000000
0.2624264000	0.00260745000000	0.00047505000000	0.00137306000000
0.2605319000	0.00308272000000	0.00186450000000	0.00215059000000
0.2586374000	0.00160419000000	0.00136542000000	0.00154870000000
0.2567429000	0.00233875000000	0.00136351000000	0.00149323000000
0.2548484000	0.00296190000000	0.00164947000000	0.00159453000000
0.2529539000	0.00439173000000	0.00279433000000	0.00341618000000
0.2510594000	0.00217737000000	0.00204507000000	0.00184609000000
0.2491649000	0.00289365000000	0.00192281000000	0.00203101000000
0.2472704000	0.00198532000000	0.00200611000000	0.00147608000000
0.2453759000	0.00277938000000	0.00082968000000	0.00186886000000
0.2434814000	0.00262616000000	0.00201439000000	0.00206585000000
0.2415869000	0.00258537000000	0.00137558000000	0.00204039000000
0.2396924000	0.00198113000000	0.00116942000000	0.00200635000000
0.2377979000	0.00174092000000	0.00210044000000	0.00179905000000
0.2359034000	0.00277610000000	0.00161990000000	0.00240035000000
0.2340089000	0.00289610000000	0.00320510000000	0.00322771000000
0.2321144000	0.00300455000000	0.00291753000000	0.00260263000000
0.2302198000	0.00334241000000	0.00249952000000	0.00316054000000
0.2283253000	0.00277995000000	0.00197884000000	0.00274913000000
0.2264308000	0.00321201000000	0.00111375000000	0.00246642000000
0.2245363000	0.00411734000000	0.00213495000000	0.00265720000000
0.2226418000	0.00277983000000	0.00219403000000	0.00261210000000
0.2207473000	0.00428398000000	0.00420646000000	0.00405394000000
0.2188528000	0.00247081000000	0.00300259000000	0.00266348000000
0.2169583000	0.00426357000000	0.00200346000000	0.00362786000000
0.2150638000	0.00240547000000	0.00170641000000	0.00177911000000
0.2131693000	0.00243573000000	0.00283580000000	0.00197066000000
0.2112748000	0.00262897000000	0.00260435000000	0.00253669000000
0.2093803000	0.00321162000000	0.00246183000000	0.00281172000000
0.2074858000	0.00337355000000	0.00290097000000	0.00280384000000
0.2055913000	0.00314748000000	0.00298107000000	0.00271828000000
0.2036968000	0.00419795000000	0.00342855000000	0.00332523000000
0.2018023000	0.00352057000000	0.00257992000000	0.00279883000000
0.1999078000	0.00238025000000	0.00326695000000	0.00364441000000
0.1980133000	0.00482696000000	0.00382171000000	0.00353209000000
0.1961188000	0.00509896000000	0.00293547000000	0.00337874000000
0.1942243000	0.00419760000000	0.00221721000000	0.00254175000000
0.1923298000	0.00351387000000	0.00190039000000	0.00330474000000
0.1904353000	0.00292150000000	0.00207115000000	0.00284279000000
0.1885408000	0.00373708000000	0.00249974000000	0.00324831000000
0.1866463000	0.00430838000000	0.00258184000000	0.00308695000000
0.1847518000	0.00447688000000	0.00357089000000	0.00360286000000
0.1828573000	0.00409724000000	0.00384251000000	0.00251727000000
0.1809628000	0.00364993000000	0.00258876000000	0.00346612000000
0.1790683000	0.00449548000000	0.00301832000000	0.00441160000000
0.1771738000	0.00386538000000	0.00230184000000	0.00431863000000
0.1752793000	0.00440989000000	0.00417869000000	0.00339250000000
0.1733848000	0.00561938000000	0.00363002000000	0.00458935000000
0.1714902000	0.00505568000000	0.00438136000000	0.00443656000000
0.1695957000	0.00482003000000	0.00362647000000	0.00266326000000
0.1677012000	0.00535069000000	0.00445173000000	0.00438995000000
0.1658067000	0.00436601000000	0.00367155000000	0.00421594000000
0.1639122000	0.00588630000000	0.00490679000000	0.00494680000000
0.1620177000	0.00411619000000	0.00346957000000	0.00343004000000
0.1601232000	0.00430614000000	0.00325821000000	0.00395084000000
0.1582287000	0.00563572000000	0.00355770000000	0.00519551000000
0.1563342000	0.00470477000000	0.00439427000000	0.00538555000000
0.1544397000	0.00542691000000	0.00356638000000	0.00498194000000
0.1525452000	0.00537184000000	0.00479783000000	0.00548448000000
0.1506507000	0.00490775000000	0.00463018000000	0.00497656000000
0.1487562000	0.00664645000000	0.00495506000000	0.00544664000000
0.1468617000	0.00469081000000	0.00356686000000	0.00445743000000
0.1449672000	0.00578204000000	0.00441441000000	0.00488076000000
0.1430727000	0.00562659000000	0.00422103000000	0.00534778000000
0.1411782000	0.00449637000000	0.00463024000000	0.00457633000000
0.1392837000	0.00335269000000	0.00289720000000	0.00290911000000
0.1373892000	0.00458260000000	0.00342449000000	0.00443485000000
0.1354947000	0.00565760000000	0.00512194000000	0.00576514000000
0.1336002000	0.00558041000000	0.00353280000000	0.00479735000000
0.1317057000	0.00509589000000	0.00397023000000	0.00501318000000
0.1298112000	0.00446609000000	0.00328745000000	0.00393742000000
0.1279167000	0.00694170000000	0.00446713000000	0.00550881000000
0.1260222000	0.00717209000000	0.00476896000000	0.00590569000000
0.1241277000	0.00703192000000	0.00605184000000	0.00587902000000
0.1222332000	0.00658410000000	0.00671567000000	0.00784870000000
0.1203387000	0.00723260000000	0.00687283000000	0.00595367000000
0.1184442000	0.00643908000000	0.00483630000000	0.00679774000000
0.1165497000	0.00726262000000	0.00508373000000	0.00748030000000
0.1146552000	0.00696456000000	0.00573064000000	0.00681420000000
0.1127606000	0.00551250000000	0.00509972000000	0.00542582000000
0.1108661000	0.00603511000000	0.00544860000000	0.00580603000000
0.1089716000	0.00676347000000	0.00451538000000	0.00566466000000
0.1070771000	0.00659889000000	0.00531080000000	0.00637196000000
0.1051826000	0.00562623000000	0.00532705000000	0.00554421000000
0.1032881000	0.00764860000000	0.00775210000000	0.00808072000000
0.1013936000	0.00611201000000	0.00453537000000	0.00636833000000
0.0994991200	0.00898185000000	0.00776136000000	0.00674886000000
0.0976046200	0.00617366000000	0.00487505000000	0.00639498000000
0.0957101200	0.00872646000000	0.00480731000000	0.00537174000000
0.0938156100	0.00650785000000	0.00643899000000	0.00658494000000
0.0919211100	0.00700029000000	0.00658826000000	0.00817485000000
0.0900266100	0.00655183000000	0.00622261000000	0.00804073000000
0.0881321000	0.00759459000000	0.00720012000000	0.00711093000000
0.0862376000	0.00403295000000	0.00470305000000	0.00605133000000
0.0843431000	0.00468482000000	0.00573228000000	0.00631845000000
0.0824485900	0.00646001000000	0.00570800000000	0.00857629000000
0.0805540900	0.00508273000000	0.00519638000000	0.00572957000000
0.0786595900	0.00396366000000	0.00630811000000	0.00738812000000
0.0767650800	0.00835172000000	0.00652300000000	0.00846963000000
0.0748705800	0.00702396000000	0.00734479000000	0.00884194000000
0.0729760800	0.00593171000000	0.00599552000000	0.00840093000000
0.0710815800	0.00808800000000	0.00866437000000	0.00964971000000
0.0691870700	0.00711145000000	0.00908335000000	0.01109621000000
0.0672925700	0.00876762000000	0.00608546000000	0.00845368000000
0.0653980700	0.00527424000000	0.00623766000000	0.00965819000000
0.0635035600	0.00646991000000	0.00828701000000	0.01105768000000
0.0616090600	0.00514264000000	0.00550093000000	0.01122365000000
0.0597145600	0.00715518000000	0.00881366000000	0.01232075000000
0.0578200500	0.00763541000000	0.00781922000000	0.01182716000000
0.0559255500	0.00890243000000	0.01135053000000	0.01323753000000
0.0540310500	0.00585605000000	0.00885120000000	0.01351508000000
0.0521365400	0.00715107000000	0.00791963000000	0.01648700000000
0.0502420400	0.00686649000000	0.00768764000000	0.01639561000000
0.0483475400	0.00824167000000	0.01325766000000	0.02060025000000
0.0464530300	0.00739629000000	0.01301939000000	0.02194632000000
0.0445585300	0.00740336000000	0.01299129000000	0.02308553000000
0.0426640300	0.00341785000000	0.01320725000000	0.02273635000000
0.0407695200	0.00994436000000	0.01810572000000	0.03053215000000
0.0388750200	0.00913919000000	0.01751434000000	0.03265190000000
0.0369805200	0.00413314000000	0.01696479000000	0.03886236000000
0.0350860100	0.00951428000000	0.02736974000000	0.04513227000000
0.0331915100	0.00924462000000	0.03157253000000	0.05514849000000
0.0312970100	0.00618237000000	0.03347209000000	0.05927182000000
0.0294025000	0.00841243000000	0.04143555000000	0.07453092000000
0.0275080000	0.00511307000000	0.04769952000000	0.08950245000000
0.0256135000	0.01291282000000	0.06292975000000	0.11741064000000
0.0237189900	0.00622768000000	0.07422380000000	0.13539940000000
0.0218244900	0.00584194000000	0.09859922000000	0.17712102000000
0.0199299900	0.01024289000000	0.13835604000000	0.22574064000000
0.0180354800	0.01185122000000	0.19438706000000	0.29125586000000
0.0161409800	0.01734895000000	0.29713206000000	0.42333556000000
0.0142464800	0.01395150000000	0.48264260000000	0.59856800000000
0.0123519700	0.03856560000000	0.64210610000000	0.71529540000000
0.0120208000	0.03226420000000	0.88083170000000	1.07223370000000
0.0114622100	0.02573710000000	0.87501650000000	1.12891150000000
0.0109036200	0.08956350000000	1.17824510000000	1.23018410000000
0.0103450300	-0.02052940000000	1.22462910000000	1.39028010000000
0.0097864440	0.03396520000000	1.55757180000000	1.68813480000000
0.0092278540	-0.00979960000000	1.86755150000000	1.98191550000000
0.0086692630	0.14449910000000	2.39595530000000	2.27182630000000
0.0081106730	0.23646830000000	2.71610150000000	2.59417950000000
0.0075520830	0.09421650000000	3.29428780000000	2.91391780000000
0.0069934930	0.11958440000000	3.89657120000000	3.50233520000000
0.0064349030	0.23017520000000	5.34995220000000	4.39936520000000
0.0058763130	0.44069900000000	6.45190700000000	5.00840000000000
0.0053177230	0.38178900000000	8.20095800000000	6.29861400000000
0.0047591320	0.48075000000000	10.80645800000000	7.78597800000000
0.0042005420	1.37654200000000	14.03410700000000	10.57076700000000
0.0036419520	1.34370000000000	21.25186000000000	14.71589000000000
0.0030833620	-6.87535000000000	27.32881000000000	27.39301000000000