"Time (h)"	"Fluorescence intensity (a.u.) 100 nM JB6"	"Fluorescence intensity (a.u.) 100 nM JB6"	"Fluorescence intensity (a.u.) 100 nM JB6"	"Fluorescence intensity (a.u.) 0 nM JB6"	"Fluorescence intensity (a.u.) 0 nM JB6"	"Fluorescence intensity (a.u.) 0 nM JB6"
0.00000000000000	0.052	0.049	0.049	0.047	0.051	0.048
0.22166666666667	0.053	0.049	0.052	0.048	0.051	0.049
0.44500000000000	0.051	0.051	0.053	0.047	0.052	0.053
0.66666666666667	0.052	0.053	0.052	0.050	0.047	0.053
0.88833333333333	0.054	0.054	0.046	0.049	0.048	0.057
1.11166666666667	0.051	0.050	0.053	0.045	0.052	0.050
1.33333333333333	0.049	0.057	0.047	0.049	0.050	0.048
1.55500000000000	0.052	0.051	0.048	0.050	0.052	0.049
1.77833333333333	0.052	0.052	0.050	0.048	0.048	0.053
2.00000000000000	0.055	0.053	0.050	0.052	0.051	0.051
2.22166666666667	0.051	0.053	0.052	0.050	0.051	0.051
2.44500000000000	0.053	0.052	0.051	0.050	0.048	0.051
2.66666666666667	0.050	0.051	0.052	0.045	0.050	0.052
2.88833333333333	0.050	0.052	0.055	0.050	0.052	0.050
3.11166666666667	0.051	0.047	0.048	0.046	0.052	0.051
3.33333333333333	0.052	0.054	0.050	0.053	0.053	0.046
3.55500000000000	0.050	0.048	0.055	0.051	0.052	0.051
3.77833333333333	0.049	0.053	0.051	0.048	0.047	0.052
4.00000000000000	0.049	0.051	0.053	0.056	0.049	0.048
4.22166666666667	0.051	0.050	0.050	0.052	0.051	0.051
4.44500000000000	0.050	0.048	0.055	0.048	0.051	0.052
4.66666666666667	0.053	0.051	0.050	0.050	0.048	0.050
4.88833333333333	0.055	0.054	0.057	0.052	0.049	0.051
5.11166666666667	0.050	0.052	0.052	0.050	0.050	0.050
5.33333333333333	0.052	0.050	0.054	0.049	0.048	0.048
5.55500000000000	0.053	0.052	0.055	0.049	0.051	0.052
5.77833333333333	0.057	0.054	0.051	0.052	0.048	0.050
6.00000000000000	0.045	0.048	0.050	0.049	0.050	0.054
6.22166666666667	0.047	0.052	0.050	0.053	0.048	0.047
6.44500000000000	0.049	0.046	0.052	0.049	0.048	0.048
6.66666666666667	0.051	0.050	0.050	0.051	0.049	0.051
6.88833333333333	0.050	0.054	0.052	0.053	0.051	0.050
7.11166666666667	0.058	0.049	0.050	0.046	0.050	0.050
7.33333333333333	0.054	0.054	0.054	0.048	0.046	0.051
7.55500000000000	0.047	0.050	0.052	0.052	0.050	0.048
7.77833333333333	0.052	0.048	0.052	0.051	0.048	0.051
8.00000000000000	0.049	0.046	0.052	0.050	0.047	0.049
8.22166666666667	0.047	0.052	0.053	0.045	0.051	0.050
8.44500000000000	0.053	0.054	0.051	0.050	0.051	0.049
8.66666666666667	0.050	0.048	0.047	0.047	0.048	0.048
8.88833333333333	0.050	0.050	0.050	0.052	0.053	0.047
9.11166666666667	0.052	0.050	0.049	0.049	0.046	0.052
9.33333333333333	0.049	0.054	0.056	0.047	0.049	0.047
9.55500000000000	0.046	0.050	0.050	0.053	0.048	0.049
9.77833333333333	0.050	0.052	0.057	0.051	0.049	0.048
10.00000000000000	0.050	0.052	0.046	0.054	0.047	0.052
10.22166666666670	0.050	0.048	0.051	0.050	0.050	0.054
10.44500000000000	0.048	0.050	0.051	0.052	0.050	0.050
10.66666666666670	0.052	0.048	0.052	0.048	0.047	0.051
10.88833333333330	0.048	0.049	0.053	0.046	0.050	0.052
11.11166666666670	0.058	0.054	0.053	0.045	0.055	0.055
11.33333333333330	0.054	0.053	0.051	0.051	0.045	0.053
11.55500000000000	0.046	0.052	0.053	0.052	0.053	0.049
11.77833333333330	0.050	0.046	0.048	0.055	0.051	0.048
12.00000000000000	0.047	0.053	0.048	0.052	0.047	0.053
12.22166666666670	0.053	0.050	0.049	0.049	0.049	0.053
12.44500000000000	0.049	0.050	0.047	0.052	0.050	0.045
12.66666666666670	0.046	0.049	0.052	0.050	0.049	0.043
12.88833333333330	0.052	0.049	0.050	0.053	0.052	0.048
13.11166666666670	0.048	0.050	0.052	0.052	0.046	0.054
13.33333333333330	0.053	0.050	0.046	0.048	0.051	0.052
13.55500000000000	0.053	0.050	0.051	0.052	0.046	0.050
13.77833333333330	0.052	0.052	0.050	0.048	0.052	0.045
14.00000000000000	0.049	0.049	0.054	0.048	0.051	0.050
14.22166666666670	0.052	0.051	0.048	0.050	0.050	0.048
14.44500000000000	0.050	0.051	0.052	0.049	0.048	0.051
14.66666666666670	0.052	0.050	0.052	0.046	0.049	0.046
14.88833333333330	0.054	0.048	0.050	0.048	0.050	0.048
15.11166666666670	0.046	0.050	0.049	0.050	0.048	0.052
15.33333333333330	0.054	0.050	0.047	0.050	0.047	0.051
15.55500000000000	0.054	0.054	0.049	0.050	0.048	0.052
15.77833333333330	0.053	0.057	0.050	0.050	0.050	0.050
16.00000000000000	0.056	0.049	0.055	0.051	0.049	0.048
16.22166666666670	0.045	0.051	0.052	0.054	0.049	0.049
16.44500000000000	0.049	0.047	0.052	0.052	0.053	0.051
16.66666666666670	0.052	0.047	0.053	0.049	0.050	0.045
16.88833333333330	0.054	0.054	0.048	0.052	0.048	0.048
17.11166666666670	0.045	0.054	0.048	0.046	0.051	0.052
17.33333333333330	0.051	0.053	0.054	0.048	0.050	0.050
17.55500000000000	0.050	0.053	0.047	0.049	0.049	0.056
17.77833333333330	0.053	0.049	0.057	0.045	0.048	0.050
18.00000000000000	0.046	0.050	0.054	0.053	0.047	0.049
18.22166666666670	0.051	0.051	0.046	0.050	0.054	0.050
18.44500000000000	0.052	0.054	0.050	0.054	0.053	0.048
18.66666666666670	0.055	0.054	0.050	0.049	0.049	0.051
18.88833333333330	0.050	0.053	0.056	0.053	0.057	0.054
19.11166666666670	0.048	0.050	0.054	0.051	0.051	0.050
19.33333333333330	0.050	0.048	0.047	0.050	0.048	0.053
19.55500000000000	0.052	0.050	0.052	0.047	0.050	0.049
19.77833333333330	0.050	0.048	0.050	0.044	0.050	0.049
20.00000000000000	0.053	0.053	0.052	0.050	0.052	0.049
20.22166666666670	0.046	0.054	0.051	0.055	0.047	0.054
20.44500000000000	0.052	0.048	0.046	0.052	0.051	0.054
20.66666666666670	0.051	0.052	0.052	0.051	0.049	0.050
20.88833333333330	0.051	0.050	0.051	0.050	0.049	0.048
21.11166666666670	0.049	0.051	0.051	0.048	0.047	0.047
21.33333333333330	0.048	0.052	0.048	0.045	0.054	0.047
21.55500000000000	0.051	0.048	0.053	0.048	0.053	0.049
21.77833333333330	0.055	0.050	0.049	0.046	0.049	0.054
22.00000000000000	0.048	0.053	0.053	0.048	0.050	0.050
22.22166666666670	0.056	0.049	0.050	0.052	0.048	0.048
22.44500000000000	0.048	0.050	0.049	0.050	0.052	0.048
22.66666666666670	0.053	0.051	0.050	0.054	0.050	0.053
22.88833333333330	0.052	0.048	0.046	0.049	0.056	0.052
23.11166666666670	0.051	0.052	0.049	0.049	0.052	0.048
23.33333333333330	0.052	0.053	0.054	0.053	0.050	0.054
23.55500000000000	0.048	0.049	0.047	0.048	0.051	0.052
23.77833333333330	0.047	0.054	0.052	0.048	0.049	0.047
24.00000000000000	0.048	0.053	0.052	0.052	0.054	0.049
24.22166666666670	0.053	0.052	0.052	0.052	0.055	0.048
24.44500000000000	0.052	0.049	0.050	0.046	0.049	0.050
24.66666666666670	0.054	0.053	0.053	0.054	0.056	0.051
24.88833333333330	0.054	0.053	0.053	0.050	0.052	0.048
25.11166666666670	0.049	0.049	0.050	0.052	0.048	0.048
25.33333333333330	0.052	0.051	0.051	0.048	0.050	0.050
25.55500000000000	0.050	0.052	0.050	0.054	0.051	0.054
25.77833333333330	0.052	0.052	0.054	0.048	0.045	0.049
26.00000000000000	0.052	0.051	0.048	0.050	0.052	0.050
26.22166666666670	0.047	0.050	0.050	0.052	0.050	0.049
26.44500000000000	0.047	0.050	0.050	0.052	0.052	0.049
26.66666666666670	0.053	0.054	0.051	0.050	0.053	0.050
26.88833333333330	0.054	0.054	0.045	0.052	0.053	0.052
27.11166666666670	0.051	0.052	0.055	0.053	0.051	0.050
27.33333333333330	0.054	0.050	0.048	0.048	0.053	0.052
27.55500000000000	0.056	0.049	0.054	0.053	0.048	0.052
27.77833333333330	0.049	0.051	0.050	0.050	0.048	0.052
28.00000000000000	0.050	0.051	0.052	0.046	0.056	0.046
28.22166666666670	0.048	0.050	0.054	0.051	0.052	0.053
28.44500000000000	0.050	0.049	0.050	0.051	0.049	0.048
28.66666666666670	0.052	0.051	0.047	0.050	0.045	0.056
28.88833333333330	0.055	0.048	0.053	0.052	0.052	0.050
29.11166666666670	0.053	0.052	0.050	0.045	0.049	0.050
29.33333333333330	0.047	0.048	0.052	0.050	0.053	0.051
29.55500000000000	0.054	0.053	0.050	0.048	0.048	0.051
29.77833333333330	0.056	0.048	0.052	0.047	0.052	0.047
30.00000000000000	0.049	0.050	0.048	0.049	0.051	0.046
30.22166666666670	0.054	0.052	0.051	0.054	0.048	0.053
30.44500000000000	0.050	0.050	0.048	0.049	0.050	0.049
30.66666666666670	0.052	0.053	0.050	0.048	0.050	0.050
30.88833333333330	0.051	0.054	0.054	0.050	0.046	0.053
31.11166666666670	0.051	0.049	0.052	0.051	0.050	0.045
31.33333333333330	0.049	0.054	0.049	0.051	0.051	0.050
31.55500000000000	0.054	0.051	0.052	0.048	0.050	0.048
31.77833333333330	0.048	0.052	0.050	0.052	0.054	0.049
32.00000000000000	0.053	0.050	0.054	0.046	0.052	0.050
32.22166666666670	0.053	0.049	0.052	0.047	0.054	0.050
32.44500000000000	0.052	0.053	0.050	0.050	0.049	0.050
32.66666666666670	0.053	0.052	0.052	0.053	0.053	0.047
32.88833333333330	0.051	0.050	0.050	0.051	0.052	0.049
33.11166666666670	0.052	0.052	0.048	0.050	0.048	0.050
33.33333333333330	0.049	0.052	0.049	0.054	0.048	0.048
33.55500000000000	0.049	0.047	0.052	0.049	0.049	0.051
33.77833333333330	0.045	0.049	0.052	0.049	0.052	0.048
34.00000000000000	0.045	0.051	0.057	0.050	0.052	0.050
34.22166666666670	0.054	0.054	0.054	0.050	0.050	0.052
34.44500000000000	0.050	0.048	0.051	0.053	0.045	0.049
34.66666666666670	0.048	0.053	0.053	0.050	0.047	0.053
34.88833333333330	0.049	0.049	0.051	0.052	0.050	0.053
35.11166666666670	0.053	0.056	0.052	0.050	0.054	0.051
35.33333333333330	0.053	0.052	0.058	0.050	0.050	0.047
35.55500000000000	0.056	0.053	0.049	0.050	0.052	0.050
35.77833333333330	0.051	0.049	0.047	0.050	0.050	0.046
36.00000000000000	0.051	0.051	0.056	0.050	0.049	0.048
36.22166666666670	0.053	0.053	0.051	0.048	0.050	0.044
36.44500000000000	0.055	0.054	0.052	0.051	0.051	0.052
36.66666666666670	0.050	0.051	0.046	0.050	0.046	0.049
36.88833333333330	0.053	0.052	0.053	0.051	0.048	0.049
37.11166666666670	0.054	0.046	0.054	0.048	0.048	0.052
37.33333333333330	0.049	0.052	0.051	0.054	0.050	0.046
37.55500000000000	0.051	0.048	0.052	0.053	0.050	0.049
37.77833333333330	0.052	0.052	0.052	0.051	0.048	0.050
38.00000000000000	0.050	0.053	0.049	0.050	0.054	0.052
38.22166666666670	0.048	0.049	0.050	0.052	0.049	0.052
38.44500000000000	0.051	0.054	0.050	0.051	0.050	0.049
38.66666666666670	0.049	0.052	0.053	0.051	0.050	0.050
38.88833333333330	0.050	0.049	0.047	0.050	0.049	0.047
39.11166666666670	0.053	0.049	0.048	0.052	0.051	0.054
39.33333333333330	0.050	0.050	0.044	0.052	0.048	0.050
39.55500000000000	0.050	0.051	0.051	0.052	0.049	0.052
39.77833333333330	0.054	0.051	0.052	0.052	0.052	0.046
40.00000000000000	0.048	0.052	0.047	0.051	0.047	0.046
40.22166666666670	0.052	0.054	0.050	0.051	0.049	0.044
40.44500000000000	0.051	0.052	0.050	0.048	0.052	0.050
40.66666666666670	0.054	0.054	0.050	0.052	0.054	0.048
40.88833333333330	0.050	0.049	0.046	0.050	0.048	0.050
41.11166666666670	0.051	0.053	0.052	0.050	0.048	0.048
41.33333333333330	0.050	0.048	0.054	0.051	0.050	0.054
41.55500000000000	0.050	0.051	0.050	0.053	0.054	0.052
41.77833333333330	0.049	0.050	0.052	0.053	0.052	0.047
42.00000000000000	0.054	0.054	0.051	0.052	0.048	0.047
42.22166666666670	0.053	0.045	0.052	0.046	0.047	0.048
42.44500000000000	0.053	0.051	0.052	0.046	0.051	0.052
42.66666666666670	0.051	0.049	0.050	0.050	0.048	0.048
42.88833333333330	0.048	0.045	0.050	0.050	0.050	0.055
43.11166666666670	0.051	0.050	0.055	0.052	0.048	0.048
43.33333333333330	0.053	0.048	0.052	0.049	0.048	0.046
43.55500000000000	0.049	0.052	0.048	0.051	0.050	0.048
43.77833333333330	0.052	0.049	0.049	0.049	0.048	0.047
44.00000000000000	0.052	0.050	0.046	0.050	0.049	0.048
44.22166666666670	0.050	0.050	0.049	0.049	0.052	0.052
44.44500000000000	0.049	0.047	0.054	0.050	0.048	0.050
44.66666666666670	0.052	0.054	0.052	0.051	0.052	0.048
44.88833333333330	0.050	0.052	0.048	0.056	0.052	0.052
45.11166666666670	0.050	0.051	0.053	0.053	0.054	0.048
45.33333333333330	0.050	0.050	0.052	0.059	0.049	0.050
45.55500000000000	0.049	0.055	0.050	0.055	0.049	0.050
45.77833333333330	0.052	0.054	0.054	0.052	0.051	0.047
46.00000000000000	0.048	0.046	0.048	0.056	0.055	0.051
46.22166666666670	0.054	0.048	0.052	0.055	0.049	0.047
46.44500000000000	0.050	0.050	0.050	0.055	0.049	0.050
46.66666666666670	0.050	0.050	0.051	0.058	0.056	0.050
46.88833333333330	0.048	0.048	0.044	0.056	0.050	0.051
47.11166666666670	0.052	0.052	0.048	0.060	0.050	0.052
47.33333333333330	0.054	0.053	0.049	0.065	0.052	0.046
47.55500000000000	0.051	0.050	0.054	0.063	0.050	0.048
47.77833333333330	0.052	0.052	0.055	0.066	0.048	0.053
48.00000000000000	0.054	0.048	0.052	0.069	0.048	0.047
48.22166666666670	0.050	0.053	0.050	0.078	0.050	0.053
48.44500000000000	0.051	0.046	0.046	0.080	0.050	0.053
48.66666666666670	0.050	0.051	0.049	0.085	0.051	0.052
48.88833333333330	0.056	0.051	0.050	0.101	0.055	0.049
49.11166666666670	0.053	0.047	0.054	0.110	0.051	0.051
49.33333333333330	0.052	0.056	0.056	0.117	0.050	0.050
49.55500000000000	0.048	0.056	0.050	0.125	0.046	0.049
49.77833333333330	0.053	0.050	0.051	0.133	0.047	0.052
50.00000000000000	0.048	0.050	0.048	0.142	0.050	0.049
50.22166666666670	0.051	0.052	0.051	0.148	0.045	0.049
50.44500000000000	0.051	0.056	0.053	0.158	0.046	0.051
50.66666666666670	0.052	0.051	0.049	0.168	0.048	0.055
50.88833333333330	0.050	0.051	0.050	0.172	0.047	0.048
51.11166666666670	0.044	0.056	0.050	0.181	0.052	0.049
51.33333333333330	0.049	0.047	0.051	0.200	0.052	0.051
51.55500000000000	0.052	0.050	0.053	0.222	0.047	0.054
51.77833333333330	0.053	0.052	0.051	0.244	0.050	0.056
52.00000000000000	0.049	0.051	0.051	0.283	0.052	0.049
52.22166666666670	0.051	0.051	0.056	0.315	0.048	0.052
52.44500000000000	0.053	0.056	0.051	0.348	0.048	0.055
52.66666666666670	0.048	0.054	0.047	0.394	0.052	0.054
52.88833333333330	0.050	0.053	0.052	0.437	0.048	0.053
53.11166666666670	0.051	0.051	0.049	0.488	0.049	0.056
53.33333333333330	0.048	0.052	0.052	0.523	0.048	0.056
53.55500000000000	0.052	0.047	0.049	0.567	0.053	0.056
53.77833333333330	0.048	0.052	0.054	0.617	0.047	0.066
54.00000000000000	0.048	0.052	0.049	0.654	0.049	0.062
54.22166666666670	0.047	0.048	0.051	0.694	0.044	0.068
54.44500000000000	0.053	0.046	0.052	0.729	0.048	0.074
54.66666666666670	0.052	0.052	0.049	0.756	0.047	0.082
54.88833333333330	0.050	0.048	0.047	0.782	0.052	0.098
55.11166666666670	0.049	0.050	0.050	0.808	0.050	0.112
55.33333333333330	0.054	0.049	0.049	0.818	0.050	0.133
55.55500000000000	0.051	0.052	0.050	0.854	0.048	0.164
55.77833333333330	0.048	0.048	0.052	0.869	0.052	0.189
56.00000000000000	0.053	0.054	0.050	0.893	0.050	0.221
56.22166666666670	0.055	0.055	0.052	0.909	0.050	0.249
56.44500000000000	0.049	0.048	0.047	0.930	0.049	0.275
56.66666666666670	0.052	0.052	0.050	0.942	0.049	0.296
56.88833333333330	0.046	0.052	0.041	0.951	0.050	0.334
57.11166666666670	0.050	0.054	0.053	0.974	0.054	0.357
57.33333333333330	0.051	0.051	0.055	0.986	0.050	0.398
57.55500000000000	0.048	0.053	0.053	1.007	0.047	0.434
57.77833333333330	0.047	0.054	0.050	1.014	0.046	0.469
58.00000000000000	0.056	0.054	0.049	1.026	0.049	0.516
58.22166666666670	0.052	0.050	0.054	1.046	0.052	0.548
58.44500000000000	0.048	0.051	0.051	1.050	0.048	0.594
58.66666666666670	0.051	0.049	0.052	1.067	0.052	0.632
58.88833333333330	0.048	0.053	0.051	1.082	0.052	0.659
59.11166666666670	0.050	0.049	0.052	1.086	0.050	0.698
59.33333333333330	0.053	0.055	0.052	1.099	0.048	0.736
59.55500000000000	0.053	0.048	0.054	1.102	0.049	0.762
59.77833333333330	0.052	0.048	0.048	1.108	0.048	0.802
60.00000000000000	0.053	0.054	0.051	1.122	0.053	0.809
60.22166666666670	0.051	0.052	0.052	1.126	0.047	0.835
60.44500000000000	0.049	0.054	0.048	1.138	0.048	0.860
60.66666666666670	0.052	0.051	0.050	1.153	0.047	0.876
60.88833333333330	0.048	0.046	0.052	1.163	0.046	0.889
61.11166666666670	0.054	0.051	0.051	1.161	0.048	0.913
61.33333333333330	0.051	0.053	0.050	1.173	0.048	0.924
61.55500000000000	0.055	0.049	0.054	1.181	0.050	0.951
61.77833333333330	0.054	0.049	0.048	1.190	0.048	0.964
62.00000000000000	0.051	0.052	0.049	1.197	0.050	0.970
62.22166666666670	0.047	0.050	0.046	1.212	0.053	0.984
62.44500000000000	0.053	0.051	0.047	1.209	0.048	0.996
62.66666666666670	0.053	0.048	0.050	1.235	0.051	1.019
62.88833333333330	0.050	0.053	0.049	1.223	0.052	1.015
63.11166666666670	0.053	0.049	0.053	1.242	0.047	1.048
63.33333333333330	0.052	0.058	0.049	1.235	0.049	1.048
63.55500000000000	0.051	0.048	0.052	1.254	0.050	1.060
63.77833333333330	0.050	0.050	0.051	1.258	0.051	1.068
64.00000000000000	0.051	0.054	0.047	1.259	0.051	1.078
64.22166666666670	0.054	0.050	0.050	1.270	0.054	1.101
64.44500000000000	0.051	0.052	0.049	1.278	0.052	1.103
64.66666666666670	0.052	0.052	0.046	1.268	0.053	1.112
64.88833333333330	0.050	0.050	0.051	1.281	0.049	1.126
65.11166666666670	0.050	0.052	0.052	1.287	0.054	1.135
65.33333333333330	0.048	0.050	0.050	1.300	0.052	1.144
65.55500000000000	0.051	0.048	0.051	1.297	0.051	1.142
65.77833333333330	0.046	0.047	0.049	1.302	0.052	1.160
66.00000000000000	0.052	0.050	0.054	1.317	0.049	1.164
66.22166666666670	0.046	0.052	0.048	1.310	0.052	1.166
66.44500000000000	0.051	0.050	0.048	1.316	0.052	1.180
66.66666666666670	0.048	0.048	0.050	1.325	0.048	1.188
66.88833333333330	0.050	0.050	0.049	1.325	0.054	1.194
67.11166666666670	0.050	0.049	0.055	1.324	0.055	1.214
67.33333333333330	0.059	0.048	0.052	1.327	0.054	1.207
67.55500000000000	0.050	0.051	0.048	1.340	0.056	1.220
67.77833333333330	0.048	0.054	0.052	1.347	0.053	1.234
68.00000000000000	0.052	0.050	0.052	1.355	0.055	1.232
68.22166666666670	0.049	0.048	0.050	1.348	0.056	1.243
68.44500000000000	0.049	0.052	0.050	1.367	0.058	1.254
68.66666666666670	0.051	0.047	0.050	1.353	0.060	1.263
68.88833333333330	0.050	0.048	0.048	1.367	0.059	1.260
69.11166666666670	0.047	0.055	0.051	1.378	0.061	1.272
69.33333333333330	0.047	0.053	0.048	1.371	0.065	1.276
69.55500000000000	0.047	0.048	0.050	1.380	0.067	1.300
69.77833333333330	0.050	0.052	0.052	1.377	0.068	1.286
70.00000000000000	0.051	0.049	0.053	1.387	0.069	1.285
70.22166666666670	0.049	0.052	0.054	1.388	0.072	1.288
70.44500000000000	0.047	0.048	0.050	1.404	0.076	1.302
70.66666666666670	0.050	0.049	0.049	1.391	0.078	1.310
70.88833333333330	0.050	0.052	0.046	1.388	0.080	1.305
71.11166666666670	0.046	0.052	0.048	1.395	0.086	1.317
71.33333333333330	0.046	0.052	0.044	1.419	0.086	1.335
71.55500000000000	0.053	0.050	0.048	1.404	0.088	1.333
71.77833333333330	0.051	0.051	0.050	1.416	0.098	1.329
72.00000000000000	0.048	0.055	0.048	1.420	0.096	1.340
72.22166666666670	0.054	0.052	0.050	1.423	0.105	1.345
72.44500000000000	0.049	0.051	0.051	1.431	0.107	1.360
72.66666666666670	0.048	0.050	0.048	1.434	0.114	1.351
72.88833333333330	0.048	0.055	0.049	1.428	0.116	1.357
73.11166666666670	0.047	0.048	0.048	1.439	0.122	1.352
73.33333333333330	0.047	0.048	0.052	1.426	0.132	1.365
73.55500000000000	0.046	0.055	0.053	1.440	0.129	1.378
73.77833333333330	0.049	0.048	0.047	1.442	0.137	1.385
74.00000000000000	0.048	0.050	0.053	1.436	0.148	1.376
74.22166666666670	0.044	0.049	0.052	1.454	0.153	1.394
74.44500000000000	0.050	0.052	0.046	1.453	0.168	1.399
74.66666666666670	0.049	0.050	0.051	1.447	0.181	1.408
74.88833333333330	0.052	0.050	0.050	1.456	0.201	1.404
75.11166666666670	0.048	0.051	0.052	1.462	0.206	1.410
75.33333333333330	0.048	0.053	0.048	1.449	0.222	1.405
75.55500000000000	0.049	0.048	0.050	1.479	0.241	1.417
75.77833333333330	0.050	0.047	0.051	1.461	0.270	1.408
76.00000000000000	0.046	0.048	0.052	1.466	0.282	1.412
76.22166666666670	0.048	0.049	0.048	1.457	0.301	1.414
76.44500000000000	0.049	0.053	0.051	1.489	0.325	1.432
76.66666666666670	0.048	0.048	0.052	1.501	0.349	1.434
76.88833333333330	0.049	0.054	0.052	1.488	0.382	1.436
77.11166666666670	0.048	0.052	0.050	1.470	0.414	1.441
77.33333333333330	0.050	0.050	0.050	1.483	0.453	1.449
77.55500000000000	0.050	0.054	0.050	1.484	0.469	1.463
77.77833333333330	0.050	0.052	0.052	1.499	0.520	1.443
78.00000000000000	0.050	0.050	0.049	1.509	0.538	1.462
78.22166666666670	0.054	0.048	0.048	1.493	0.574	1.472
78.44500000000000	0.050	0.050	0.052	1.510	0.617	1.466
78.66666666666670	0.049	0.053	0.051	1.508	0.666	1.469
78.88833333333330	0.047	0.051	0.049	1.509	0.710	1.460
79.11166666666670	0.047	0.045	0.046	1.507	0.754	1.476
79.33333333333330	0.048	0.050	0.047	1.508	0.809	1.482
79.55500000000000	0.046	0.051	0.051	1.513	0.858	1.484
79.77833333333330	0.048	0.052	0.050	1.517	0.900	1.479
80.00000000000000	0.049	0.050	0.050	1.517	0.948	1.480
80.22166666666670	0.050	0.050	0.049	1.522	1.003	1.495
80.44500000000000	0.050	0.046	0.048	1.522	1.046	1.497
80.66666666666670	0.049	0.052	0.049	1.529	1.113	1.499
80.88833333333330	0.047	0.052	0.048	1.532	1.149	1.509
81.11166666666670	0.047	0.049	0.052	1.540	1.190	1.504
81.33333333333330	0.051	0.050	0.047	1.528	1.242	1.510
81.55500000000000	0.049	0.053	0.051	1.530	1.268	1.513
81.77833333333330	0.052	0.053	0.050	1.536	1.313	1.515
82.00000000000000	0.050	0.048	0.050	1.550	1.341	1.517
82.22166666666670	0.048	0.051	0.048	1.534	1.370	1.532
82.44500000000000	0.046	0.049	0.049	1.531	1.394	1.524
82.66666666666670	0.048	0.048	0.050	1.524	1.445	1.528
82.88833333333330	0.045	0.050	0.051	1.539	1.449	1.531
83.11166666666670	0.046	0.050	0.050	1.538	1.493	1.518
83.33333333333330	0.048	0.051	0.049	1.536	1.491	1.544
83.55500000000000	0.049	0.048	0.051	1.555	1.534	1.538
83.77833333333330	0.049	0.048	0.049	1.562	1.550	1.548
84.00000000000000	0.048	0.050	0.048	1.557	1.571	1.548
84.22166666666670	0.050	0.052	0.047	1.553	1.596	1.552
84.44500000000000	0.050	0.047	0.051	1.562	1.603	1.563
84.66666666666670	0.044	0.046	0.047	1.555	1.612	1.555
84.88833333333330	0.048	0.051	0.050	1.566	1.640	1.563
85.11166666666670	0.051	0.052	0.049	1.567	1.675	1.573
85.33333333333330	0.053	0.049	0.044	1.572	1.684	1.564
85.55500000000000	0.051	0.053	0.052	1.583	1.685	1.568
85.77833333333330	0.050	0.047	0.049	1.572	1.702	1.569
86.00000000000000	0.045	0.051	0.052	1.572	1.728	1.564
86.22166666666670	0.049	0.047	0.048	1.574	1.732	1.573
86.44500000000000	0.045	0.054	0.049	1.584	1.757	1.568
86.66666666666670	0.052	0.050	0.047	1.579	1.781	1.575
86.88833333333330	0.050	0.053	0.048	1.583	1.786	1.583
87.11166666666670	0.050	0.051	0.047	1.572	1.784	1.580
87.33333333333330	0.049	0.050	0.050	1.602	1.801	1.591
87.55500000000000	0.051	0.046	0.046	1.586	1.817	1.579
87.77833333333330	0.049	0.053	0.053	1.599	1.825	1.600
88.00000000000000	0.050	0.052	0.049	1.599	1.830	1.598
88.22166666666670	0.049	0.048	0.051	1.595	1.858	1.591
88.44500000000000	0.054	0.051	0.052	1.600	1.839	1.612
88.66666666666670	0.049	0.044	0.050	1.602	1.879	1.594
88.88833333333330	0.048	0.047	0.047	1.597	1.878	1.608
89.11166666666670	0.049	0.054	0.047	1.586	1.888	1.620
89.33333333333330	0.048	0.048	0.052	1.608	1.879	1.612
89.55500000000000	0.048	0.050	0.044	1.608	1.921	1.623
89.77833333333330	0.052	0.051	0.050	1.616	1.926	1.624
90.00000000000000	0.052	0.050	0.054	1.608	1.925	1.623
90.22166666666670	0.048	0.046	0.054	1.610	1.944	1.623
90.44500000000000	0.050	0.048	0.054	1.607	1.934	1.632
90.66666666666670	0.048	0.054	0.046	1.602	1.968	1.628
90.88833333333330	0.047	0.052	0.046	1.623	1.976	1.630
91.11166666666670	0.048	0.046	0.049	1.623	1.980	1.629
91.33333333333330	0.050	0.051	0.049	1.608	1.979	1.656
91.55500000000000	0.048	0.049	0.050	1.624	1.988	1.636
91.77833333333330	0.054	0.051	0.050	1.624	1.990	1.642
92.00000000000000	0.049	0.048	0.048	1.619	2.010	1.658
92.22166666666670	0.051	0.048	0.050	1.627	2.014	1.650
92.44500000000000	0.044	0.053	0.052	1.617	2.016	1.654
92.66666666666670	0.051	0.053	0.050	1.624	2.017	1.646
92.88833333333330	0.048	0.050	0.052	1.637	2.005	1.647
93.11166666666670	0.049	0.053	0.047	1.639	2.032	1.658
93.33333333333330	0.051	0.052	0.045	1.640	2.025	1.665
93.55500000000000	0.046	0.048	0.052	1.640	2.027	1.663
93.77833333333330	0.048	0.051	0.050	1.629	2.050	1.665
94.00000000000000	0.054	0.050	0.052	1.633	2.052	1.664
94.22166666666670	0.046	0.054	0.048	1.636	2.053	1.660
94.44500000000000	0.051	0.052	0.053	1.645	2.048	1.664
94.66666666666670	0.047	0.050	0.049	1.636	2.055	1.668
94.88833333333330	0.047	0.051	0.052	1.651	2.068	1.684
95.11166666666670	0.050	0.046	0.049	1.657	2.064	1.666
95.33333333333330	0.052	0.056	0.050	1.663	2.068	1.677
95.55500000000000	0.047	0.047	0.048	1.657	2.073	1.686
95.77833333333330	0.047	0.047	0.050	1.639	2.083	1.700
96.00000000000000	0.052	0.048	0.056	1.653	2.071	1.691
96.22166666666670	0.049	0.050	0.050	1.655	2.091	1.679
96.44500000000000	0.049	0.050	0.051	1.660	2.089	1.691
96.66666666666670	0.047	0.051	0.050	1.668	2.086	1.694
96.88833333333330	0.052	0.050	0.052	1.674	2.122	1.697
97.11166666666670	0.050	0.048	0.049	1.686	2.108	1.716
97.33333333333330	0.050	0.048	0.048	1.674	2.142	1.707
97.55500000000000	0.050	0.050	0.051	1.673	2.110	1.692
97.77833333333330	0.052	0.051	0.053	1.671	2.114	1.711
98.00000000000000	0.050	0.051	0.045	1.672	2.133	1.705
98.22166666666670	0.048	0.052	0.053	1.694	2.136	1.713
98.44500000000000	0.053	0.050	0.048	1.683	2.131	1.698
98.66666666666670	0.049	0.051	0.050	1.685	2.156	1.725
98.88833333333330	0.047	0.050	0.048	1.685	2.144	1.714
99.11166666666670	0.048	0.047	0.050	1.680	2.129	1.726
99.33333333333330	0.049	0.050	0.048	1.668	2.152	1.727
99.55500000000000	0.046	0.050	0.050	1.678	2.141	1.721
99.77833333333330	0.048	0.052	0.045	1.680	2.156	1.726
100.00000000000000	0.050	0.050	0.047	1.686	2.150	1.706
100.22166666666700	0.050	0.048	0.049	1.685	2.155	1.729
100.44500000000000	0.052	0.045	0.052	1.698	2.172	1.741
100.66666666666700	0.048	0.049	0.050	1.696	2.164	1.742
100.88833333333300	0.052	0.052	0.051	1.688	2.173	1.733
101.11166666666700	0.049	0.049	0.047	1.697	2.177	1.741
101.33333333333300	0.049	0.046	0.049	1.702	2.172	1.752
101.55500000000000	0.048	0.049	0.047	1.692	2.189	1.749
101.77833333333300	0.050	0.050	0.049	1.689	2.187	1.743
102.00000000000000	0.051	0.052	0.048	1.700	2.189	1.751
102.22166666666700	0.049	0.050	0.049	1.695	2.181	1.762
102.44500000000000	0.047	0.048	0.048	1.718	2.196	1.755
102.66666666666700	0.050	0.051	0.048	1.711	2.199	1.754
102.88833333333300	0.046	0.054	0.052	1.695	2.206	1.757
103.11166666666700	0.052	0.048	0.048	1.715	2.192	1.757
103.33333333333300	0.052	0.054	0.048	1.713	2.209	1.770
103.55500000000000	0.048	0.050	0.048	1.704	2.213	1.762
103.77833333333300	0.047	0.048	0.050	1.704	2.211	1.784
104.00000000000000	0.048	0.050	0.050	1.712	2.214	1.780
104.22166666666700	0.049	0.051	0.051	1.707	2.215	1.766
104.44500000000000	0.049	0.050	0.048	1.730	2.197	1.782
104.66666666666700	0.050	0.050	0.054	1.716	2.219	1.785
104.88833333333300	0.047	0.053	0.054	1.707	2.224	1.770
105.11166666666700	0.047	0.054	0.044	1.711	2.252	1.776
105.33333333333300	0.045	0.050	0.046	1.700	2.220	1.783
105.55500000000000	0.046	0.051	0.043	1.714	2.249	1.782
105.77833333333300	0.052	0.049	0.050	1.712	2.245	1.783
106.00000000000000	0.052	0.048	0.049	1.718	2.247	1.797
106.22166666666700	0.049	0.046	0.053	1.716	2.225	1.802
106.44500000000000	0.052	0.046	0.050	1.728	2.245	1.793
106.66666666666700	0.050	0.051	0.053	1.721	2.248	1.795
106.88833333333300	0.048	0.048	0.052	1.725	2.243	1.789
107.11166666666700	0.049	0.050	0.048	1.721	2.227	1.806
107.33333333333300	0.049	0.048	0.046	1.720	2.242	1.791
107.55500000000000	0.050	0.048	0.045	1.724	2.259	1.813
107.77833333333300	0.048	0.048	0.048	1.718	2.260	1.808
108.00000000000000	0.050	0.046	0.047	1.735	2.262	1.812
108.22166666666700	0.051	0.049	0.047	1.731	2.271	1.806
108.44500000000000	0.053	0.053	0.048	1.727	2.272	1.811
108.66666666666700	0.050	0.050	0.047	1.742	2.267	1.804
108.88833333333300	0.049	0.051	0.044	1.731	2.271	1.812
109.11166666666700	0.050	0.050	0.050	1.722	2.276	1.812
109.33333333333300	0.053	0.049	0.052	1.741	2.280	1.811
109.55500000000000	0.051	0.045	0.045	1.736	2.274	1.826
109.77833333333300	0.052	0.051	0.049	1.742	2.294	1.820
110.00000000000000	0.048	0.053	0.049	1.740	2.279	1.778
110.22166666666700	0.050	0.053	0.051	1.756	2.280	1.774
110.44500000000000	0.049	0.050	0.049	1.740	2.272	1.776
110.66666666666700	0.048	0.051	0.052	1.756	2.284	1.767
110.88833333333300	0.052	0.046	0.050	1.744	2.288	1.758
111.11000000000000	0.048	0.049	0.048	1.754	2.303	1.774
111.33333333333300	0.052	0.052	0.046	1.730	2.299	1.782
111.55500000000000	0.052	0.049	0.054	1.748	2.301	1.795
111.77666666666700	0.046	0.049	0.052	1.744	2.309	1.776
112.00000000000000	0.051	0.046	0.050	1.748	2.313	1.782
112.22166666666700	0.044	0.048	0.053	1.751	2.319	1.787
112.44333333333300	0.050	0.051	0.046	1.757	2.312	1.787
112.66666666666700	0.050	0.051	0.054	1.760	2.294	1.784
112.88833333333300	0.055	0.054	0.048	1.748	2.306	1.784
113.11000000000000	0.048	0.054	0.051	1.745	2.302	1.779
113.33333333333300	0.051	0.047	0.048	1.756	2.310	1.792
113.55500000000000	0.047	0.050	0.050	1.760	2.306	1.795
113.77666666666700	0.054	0.050	0.049	1.766	2.316	1.806
114.00000000000000	0.048	0.046	0.053	1.763	2.327	1.783