Distance / mm	5 nM	13 nM	21 nM	37 nM	69 nM	131 nM	256 nM	512 nM	1 uM	2 uM	4 uM	8 uM	16 uM	32 uM
0.0000	22.312	16.375	18.075	15.562	16.487	23.775	20.263	27.337	58.963	18.938	23.725	50.700	50.400	221.25
0.12850	23.562	16.362	17.950	15.512	16.263	22.325	19.413	24.087	53.812	21.300	23.112	47.100	49.037	230.84
0.25692	25.138	16.325	17.788	15.312	15.738	21.138	19.288	21.150	45.400	24.150	22.375	45.588	48.300	238.21
0.38542	27.538	16.263	17.362	15.062	15.450	19.888	19.550	19.700	40.250	22.600	22.112	46.388	48.450	244.68
0.51391	29.487	16.200	16.663	14.538	14.837	18.413	16.962	18.325	30.800	21.462	21.062	41.188	49.975	244.55
0.64234	32.888	16.212	15.950	13.962	14.062	16.450	15.137	16.550	21.500	22.737	21.950	38.425	58.287	246.46
0.77083	38.013	16.188	15.462	13.712	13.812	15.262	14.337	15.562	19.538	22.875	28.000	44.800	63.838	252.69
0.89933	45.500	17.675	19.237	15.163	17.225	16.938	14.738	17.075	20.600	20.087	48.963	61.675	57.125	254.74
1.0278	57.700	28.225	31.625	19.812	30.362	25.812	20.038	27.725	19.337	17.650	73.300	100.29	55.775	254.43
1.1563	78.762	42.125	36.900	25.550	37.275	33.625	33.263	45.138	21.875	20.325	82.412	137.07	64.012	253.16
1.2847	127.44	49.800	62.550	57.450	47.425	52.800	63.412	50.188	24.500	45.275	85.762	144.74	78.312	247.57
1.4132	223.04	152.59	105.47	97.625	128.71	144.82	174.79	148.80	36.963	92.338	114.05	147.29	96.875	247.10
1.5417	236.91	185.59	89.950	118.06	135.63	165.25	214.76	212.39	82.200	131.51	144.27	144.61	136.77	246.61
1.6702	237.56	155.41	111.70	157.20	151.59	135.05	178.32	202.14	94.088	120.78	136.56	126.39	187.65	249.34
1.7986	229.45	139.71	115.68	198.69	178.54	93.787	135.77	168.11	116.60	117.88	124.63	120.32	211.27	244.14
1.9271	227.45	143.38	102.39	185.44	167.86	81.363	130.73	140.90	153.25	124.79	115.05	122.61	211.64	217.56
2.0556	225.56	151.01	93.525	127.81	124.82	83.750	139.74	128.38	187.74	131.01	113.05	130.55	191.05	193.82
2.1840	225.02	164.01	92.750	111.10	104.49	103.28	145.43	132.70	186.75	128.66	110.22	137.35	179.21	181.96
2.3125	235.27	163.18	79.900	107.72	104.40	146.29	165.50	173.84	171.63	119.99	112.14	143.77	204.15	182.45
2.4410	233.69	137.23	101.44	75.725	114.50	202.11	194.40	229.74	148.64	112.81	131.63	158.16	248.55	195.59
2.5694	228.60	82.588	85.875	55.287	96.088	179.35	185.48	243.87	111.91	133.93	168.13	191.30	254.04	218.82
2.6979	190.04	42.625	51.537	31.663	55.600	99.625	106.28	196.71	96.125	155.26	175.63	215.77	254.79	246.15
2.8264	156.86	26.925	36.350	27.850	44.912	55.825	48.963	91.037	104.60	111.53	118.10	199.48	254.75	254.46
2.9548	126.16	24.737	42.938	27.612	51.838	52.975	43.075	82.062	135.70	89.775	114.82	198.99	240.85	247.21
3.0833	93.575	24.837	48.075	24.775	54.950	58.175	50.325	85.463	154.91	95.625	126.30	205.52	219.07	237.50
3.2118	80.688	26.100	51.250	24.388	53.588	64.162	60.612	92.037	154.96	107.70	141.02	200.15	211.25	234.81
3.3403	71.375	26.900	51.963	24.763	50.787	59.912	71.100	96.050	153.77	126.10	166.79	205.34	213.62	235.12
3.4687	68.900	27.025	46.912	24.300	53.200	52.237	70.600	97.550	157.56	146.15	190.36	224.82	221.68	234.73
3.5972	71.238	26.800	42.550	23.800	57.062	49.575	62.638	95.512	156.31	160.39	217.09	246.70	239.25	236.31
3.7257	72.312	25.737	43.325	24.525	57.062	48.013	58.237	92.213	158.19	166.30	234.44	254.52	249.35	238.39
3.8542	72.825	25.700	46.362	25.600	55.625	45.312	56.050	89.325	158.75	161.86	242.39	253.64	254.38	241.56
3.9827	74.137	26.175	51.912	26.312	55.763	44.412	53.612	87.025	154.70	155.56	240.79	250.79	255.00	242.99
4.1111	75.225	26.450	58.412	26.850	59.088	44.037	52.388	85.175	149.50	150.44	235.63	248.18	255.00	244.79
4.2396	75.412	26.388	61.062	27.300	59.237	44.062	51.713	81.825	144.66	142.82	228.57	245.98	255.00	245.46
4.3681	75.500	26.100	61.150	28.075	59.812	45.025	50.925	80.287	138.16	139.10	221.02	244.48	255.00	247.11
4.4965	75.787	25.413	60.650	28.688	59.412	47.700	52.213	81.537	127.59	135.57	212.15	243.14	255.00	247.69
4.6250	78.363	24.913	61.000	28.375	60.188	47.662	52.287	84.150	118.76	137.35	205.74	242.01	254.87	247.56
4.7535	79.838	25.425	60.638	27.925	60.100	44.825	50.287	83.963	110.18	141.45	199.70	240.82	254.61	245.19
4.8819	79.088	26.462	60.700	27.875	59.925	44.713	49.787	82.125	102.90	148.11	194.90	239.69	254.55	243.79
5.0104	80.238	28.300	61.312	27.888	58.725	43.325	49.875	81.000	95.963	157.01	192.76	239.15	254.60	245.04
5.1389	82.188	28.600	63.950	27.525	58.713	42.213	51.688	80.188	90.963	163.34	190.96	238.48	254.54	245.24
5.2673	82.262	27.775	62.875	26.250	58.325	41.775	55.850	79.850	88.412	161.74	189.61	238.89	254.46	247.19
5.3958	83.425	27.425	62.750	25.487	55.700	41.612	54.125	79.738	87.963	153.02	185.84	238.87	254.48	248.90
5.5243	85.675	27.487	63.450	25.263	52.838	42.138	53.225	78.125	86.287	140.74	182.73	239.31	254.49	248.29
5.6528	86.575	27.188	63.400	25.538	51.150	41.825	53.725	77.287	84.738	126.00	180.61	239.69	254.44	250.14
5.7813	88.062	27.125	62.375	25.625	49.125	41.775	54.125	76.787	87.438	112.80	180.91	240.25	254.39	252.09
5.9097	90.450	26.850	60.213	25.938	46.737	42.425	54.000	76.025	91.012	105.13	180.04	240.06	254.27	253.30
6.0382	93.125	26.725	59.150	26.625	43.125	43.000	54.362	76.688	90.100	102.53	179.85	240.86	254.26	251.01
6.1667	94.875	26.375	58.175	27.763	40.888	43.513	52.388	78.725	85.175	100.26	181.57	241.57	254.60	248.14
6.2952	96.588	26.487	57.562	27.500	40.750	43.638	50.638	80.575	77.850	99.238	185.60	242.96	254.98	248.34
6.4236	97.900	26.550	57.000	25.525	41.062	43.062	49.825	75.338	72.988	98.037	183.75	243.85	255.00	249.61
6.5521	99.775	26.575	56.062	24.300	39.875	44.713	52.737	71.275	75.700	98.275	169.40	244.13	253.80	248.29
6.6806	101.78	26.750	55.138	23.850	38.838	43.862	56.950	69.900	77.963	98.863	160.63	245.70	243.75	248.06
6.8090	101.91	26.800	53.625	23.587	40.388	40.675	58.463	70.000	78.000	97.350	155.48	246.44	233.75	247.59
6.9375	101.30	26.900	52.963	23.425	39.700	40.875	53.775	72.275	77.213	96.175	153.31	247.01	227.86	246.50
7.0660	101.34	26.987	52.912	23.312	38.975	41.850	53.237	73.100	74.887	95.400	151.80	246.43	223.02	242.49
7.1944	100.88	27.263	52.963	22.788	40.350	42.975	52.150	74.475	70.588	94.387	153.61	245.68	220.31	237.60
7.3229	99.512	27.175	51.975	22.425	40.388	45.487	49.237	75.750	66.738	92.463	155.77	244.57	218.59	234.70
7.4514	99.750	27.550	51.700	22.138	42.338	47.000	50.025	74.850	64.812	92.825	159.57	244.29	219.64	238.15
7.5798	99.113	27.850	50.150	22.038	46.375	47.875	50.237	73.825	63.575	92.975	161.16	244.46	222.25	241.99
7.7083	97.838	27.625	49.150	22.050	44.688	42.900	51.112	71.963	62.213	92.338	164.26	243.79	225.43	240.82
7.8368	96.588	27.013	48.487	22.038	41.350	35.775	46.725	70.325	61.487	92.725	171.75	241.90	227.35	240.23
7.9653	96.363	26.000	47.100	21.938	37.675	32.000	44.625	68.650	60.737	93.675	175.43	240.06	226.94	240.11
8.0937	94.912	25.200	46.562	21.737	34.963	30.425	44.100	67.912	60.275	93.900	173.84	239.46	227.96	241.32
8.2222	92.875	24.700	46.025	21.825	33.000	30.175	43.725	66.762	59.588	92.025	171.76	237.49	230.06	243.20
8.3507	92.412	23.712	45.550	22.100	31.237	29.250	43.675	65.988	59.200	90.750	169.55	238.51	231.93	246.36
8.4792	91.075	23.163	45.325	22.425	28.525	29.712	43.713	64.912	57.862	88.688	166.09	236.82	234.49	249.86
8.6077	90.450	22.275	45.112	23.175	25.700	30.913	44.162	63.888	57.100	88.262	164.51	236.39	238.46	252.01
8.7361	90.012	21.950	44.963	21.500	24.450	32.138	44.050	63.125	56.112	87.738	163.86	235.27	242.51	253.19
8.8646	89.950	21.938	44.625	21.225	24.150	33.438	43.487	63.200	55.162	86.938	162.79	233.95	247.10	253.96
8.9931	88.787	22.000	44.162	21.000	23.850	34.300	43.100	62.650	54.425	86.125	160.85	233.94	251.59	254.70
9.1215	88.762	22.038	44.250	20.750	23.837	34.975	43.188	62.162	54.138	85.463	159.71	233.63	254.31	254.99
9.2500	90.175	22.112	43.912	20.712	23.650	36.125	43.550	62.000	55.312	84.975	159.29	234.15	254.98	255.00
9.3785	89.463	22.288	43.963	20.650	23.550	37.400	43.700	61.287	54.950	84.075	157.45	234.16	254.80	255.00
9.5069	88.838	22.587	44.388	20.650	23.788	37.575	43.537	61.075	53.675	84.113	156.93	235.18	254.93	255.00
9.6354	88.912	22.538	44.400	20.562	24.013	36.713	43.463	60.562	53.562	84.588	155.71	233.79	254.76	255.00
9.7639	90.550	22.538	44.375	22.188	24.175	36.725	43.800	60.350	53.625	86.025	155.41	234.49	254.81	255.00
9.8923	91.475	22.400	44.275	24.538	24.362	37.825	43.562	60.225	53.062	85.225	155.10	235.32	254.81	255.00
10.021	91.500	22.625	44.975	22.875	24.712	39.213	43.500	60.375	53.125	83.725	155.30	235.43	254.89	255.00
10.149	91.700	22.812	45.550	21.212	25.025	40.575	43.338	60.062	53.000	82.637	154.82	235.69	254.87	255.00
10.278	92.662	22.812	45.638	21.013	25.462	42.662	42.987	60.400	53.237	82.137	154.45	235.73	254.86	255.00
10.406	92.300	22.500	44.787	21.062	25.500	43.688	42.513	61.775	53.575	82.012	154.57	235.12	254.85	255.00
10.535	92.037	21.862	42.900	21.125	25.800	43.525	42.562	61.550	55.263	81.912	153.69	234.76	254.79	255.00
10.663	93.225	21.450	42.175	21.375	25.913	43.175	42.537	62.638	55.088	82.775	153.76	234.14	254.70	255.00
10.792	92.775	21.212	41.450	21.250	26.013	43.250	42.338	65.262	54.062	82.400	154.43	233.24	254.56	255.00
10.920	91.675	21.050	40.862	21.513	26.350	43.237	42.425	66.575	54.125	82.787	155.81	232.57	254.66	255.00
11.049	89.238	20.875	40.225	21.600	26.638	41.688	42.400	62.912	54.562	83.325	155.80	231.06	254.64	255.00
11.177	83.562	21.075	39.638	21.812	26.825	41.138	42.537	60.737	55.112	84.062	156.31	231.01	254.65	255.00
11.306	76.900	21.138	39.162	22.038	27.000	41.237	43.188	59.938	55.375	84.363	156.51	230.06	254.61	255.00
11.434	73.850	21.325	38.537	22.462	27.550	40.987	44.938	59.888	55.812	85.512	158.13	229.36	254.57	255.00
11.563	71.550	21.625	37.713	23.125	28.112	40.250	42.450	59.912	56.013	86.975	158.07	229.87	254.68	255.00
11.691	69.613	22.087	37.213	23.688	28.800	40.175	41.725	60.250	56.325	88.050	158.14	230.12	254.59	255.00
11.819	67.975	22.350	37.000	24.362	29.525	40.550	41.562	60.100	56.600	88.137	158.71	230.94	254.49	255.00
11.948	67.700	22.600	36.800	25.038	30.362	40.812	41.550	60.200	57.175	88.713	158.36	232.01	254.68	255.00
12.076	68.525	22.775	36.612	25.775	31.288	40.975	41.562	61.138	58.225	89.387	159.06	233.77	254.75	255.00
12.205	69.037	23.038	36.375	26.050	31.788	41.525	41.650	61.188	59.263	90.000	159.75	234.80	254.76	255.00
12.333	67.375	23.075	36.362	26.850	32.662	41.987	41.862	61.688	61.287	91.625	160.44	236.16	254.79	255.00
12.462	65.438	23.225	36.475	28.075	33.125	41.513	42.037	61.675	65.912	91.838	160.43	237.32	254.77	255.00
12.590	65.000	23.513	36.938	31.950	34.062	41.750	42.213	62.450	69.025	92.812	161.19	239.81	254.80	255.00
12.719	64.625	23.700	37.138	35.062	35.850	41.975	42.362	63.112	71.850	93.800	162.57	242.04	254.85	255.00
12.847	63.700	24.025	37.350	35.650	37.650	42.175	42.350	63.338	70.662	95.200	162.96	243.80	254.94	255.00
12.976	63.388	24.150	37.475	31.625	38.938	42.375	42.662	63.775	68.025	96.625	163.44	245.56	254.98	255.00
13.104	64.025	24.500	37.688	28.062	39.800	42.787	43.025	64.075	65.025	97.588	165.41	247.19	254.99	255.00
13.233	65.387	24.712	37.513	27.263	39.912	44.025	42.812	64.562	63.763	99.562	167.93	248.37	255.00	255.00
13.361	66.900	24.950	37.625	26.825	39.938	44.862	42.812	64.662	63.763	101.03	168.09	248.49	255.00	255.00
13.490	66.338	25.375	37.775	26.375	39.662	45.888	43.338	65.162	64.438	102.84	169.04	248.76	255.00	255.00
13.618	65.700	25.987	38.312	26.125	39.425	46.338	43.688	65.700	64.662	104.80	168.56	248.54	255.00	255.00
13.747	66.738	26.050	38.250	26.337	39.688	46.375	44.963	66.475	65.412	107.56	170.73	249.41	255.00	255.00
13.875	72.713	26.013	38.088	26.650	39.800	46.188	45.812	67.150	66.488	108.46	171.65	249.44	255.00	255.00
14.003	82.550	26.362	38.025	27.150	39.838	46.325	46.213	67.812	67.213	109.45	173.76	249.93	255.00	255.00
14.132	88.025	26.362	37.938	27.487	39.950	47.237	46.638	68.250	67.675	111.84	176.01	250.04	255.00	255.00
14.260	86.512	26.700	37.963	27.763	39.950	46.588	47.475	69.588	69.088	114.09	176.91	251.45	255.00	255.00
14.389	83.425	27.025	37.938	28.138	39.675	46.013	48.225	70.213	70.225	116.20	178.00	251.80	255.00	255.00
14.517	79.700	27.388	37.850	27.962	39.287	45.638	48.725	71.125	70.812	118.31	178.06	252.39	255.00	255.00
14.646	77.400	27.938	37.675	28.237	39.237	45.987	49.062	72.537	71.912	121.15	179.29	253.21	255.00	255.00
14.774	76.738	28.038	37.275	28.513	39.362	46.775	49.175	72.900	73.088	123.46	181.16	253.49	255.00	255.00
14.903	75.812	28.425	37.425	29.013	39.562	48.300	49.862	74.450	74.688	126.50	183.69	254.20	255.00	253.81
15.031	72.537	28.750	37.938	29.438	39.438	49.575	50.312	75.700	75.662	128.69	184.18	254.52	255.00	248.74
15.160	67.125	28.913	38.725	29.913	39.162	50.525	50.713	76.713	76.688	131.14	186.59	254.79	255.00	235.64
15.288	64.637	28.938	38.825	30.525	39.013	50.300	50.838	77.275	77.350	132.68	188.35	254.91	255.00	207.50
15.417	64.037	29.688	38.713	31.138	39.162	51.638	51.388	79.188	77.725	134.69	190.32	254.85	255.00	175.56
15.545	63.338	29.875	38.612	31.375	39.175	52.950	52.438	79.713	78.088	136.38	191.82	255.00	255.00	143.01
15.674	63.075	29.888	38.975	31.725	39.625	54.188	53.250	80.762	78.600	137.86	193.45	254.99	255.00	117.97
15.802	62.825	30.237	38.950	31.825	39.950	56.000	53.975	82.050	78.963	139.56	195.85	254.99	255.00	95.213
15.931	63.275	30.600	38.838	32.138	40.062	57.888	54.450	83.062	79.625	141.57	197.26	255.00	255.00	76.613
16.059	64.613	31.225	38.550	32.562	40.112	59.925	55.150	84.713	80.425	143.21	200.07	255.00	255.00	64.887
16.188	66.025	31.825	38.888	33.100	39.838	61.325	55.787	86.375	81.363	144.95	201.56	255.00	255.00	57.975
16.316	68.812	32.100	39.263	33.500	40.025	62.188	55.900	88.412	81.925	146.61	205.04	255.00	255.00	53.550
16.444	69.600	32.338	40.300	33.950	40.463	61.825	55.900	88.950	82.238	148.59	206.89	255.00	255.00	50.662
16.573	68.988	32.975	40.487	34.500	41.237	62.588	56.675	90.675	83.588	151.50	210.46	254.98	255.00	48.938
16.701	68.688	33.412	40.800	35.638	42.037	63.475	57.037	92.613	84.750	154.09	212.21	255.00	255.00	47.600
16.830	70.525	33.575	41.425	36.675	44.237	64.662	57.450	93.863	86.100	156.60	213.82	255.00	254.19	46.338
16.958	73.062	33.825	41.338	37.475	45.500	66.963	58.188	95.412	87.713	159.04	215.26	255.00	248.20	45.438
17.087	74.812	34.250	41.463	38.037	45.787	65.850	59.200	97.300	89.225	161.35	217.80	255.00	239.37	44.838
17.215	75.250	34.900	41.700	38.275	45.062	62.125	59.888	99.650	91.238	165.31	219.91	255.00	228.55	44.487
17.344	75.500	35.625	41.625	38.700	43.562	62.125	60.537	101.01	92.613	168.04	222.41	255.00	220.18	43.800
17.472	75.600	37.575	41.600	39.075	42.425	62.825	61.300	102.01	95.475	170.69	224.19	255.00	208.12	43.263
17.601	75.113	39.775	41.888	39.375	42.513	63.125	62.000	103.16	97.725	172.71	225.64	255.00	196.76	42.688
17.729	74.938	38.425	42.862	39.900	43.388	63.688	63.237	105.13	100.95	176.56	227.61	255.00	186.52	42.412
17.858	75.650	37.287	43.263	40.175	43.950	63.975	64.188	106.72	104.66	180.02	230.46	255.00	172.38	41.825
17.986	76.375	36.925	43.825	40.562	44.263	64.812	65.363	108.71	108.76	182.50	231.86	255.00	156.88	41.675
18.115	75.550	36.525	44.162	40.750	44.463	65.275	66.412	110.32	112.01	184.38	231.70	255.00	142.80	41.300
18.243	74.975	36.237	45.025	41.438	45.263	66.300	67.738	112.22	116.09	187.40	233.31	255.00	132.81	41.025
18.372	76.238	37.025	45.787	42.188	46.450	67.062	68.875	115.46	121.25	191.74	236.02	255.00	127.62	40.862
18.500	76.800	37.188	46.537	42.725	47.388	67.725	69.588	118.15	125.18	195.11	235.85	255.00	122.72	40.287
18.628	77.075	37.463	47.025	43.525	47.912	68.625	70.887	120.44	130.76	199.25	237.06	255.00	118.79	40.037
18.757	77.537	38.025	47.050	44.013	48.675	69.113	72.100	123.38	135.89	202.29	237.89	255.00	115.29	39.787
18.885	78.575	38.888	47.400	44.487	50.475	70.137	73.438	127.05	141.37	206.18	238.19	255.00	112.90	39.525
19.014	79.450	40.412	47.925	44.850	51.975	70.925	74.050	129.43	146.59	208.45	237.90	255.00	109.85	39.138
19.142	80.988	43.150	49.312	45.237	52.650	72.338	75.488	132.59	152.98	210.90	239.19	255.00	107.44	39.175
19.271	82.275	42.662	50.537	45.237	52.688	73.338	76.150	135.07	158.15	213.23	238.32	255.00	104.85	39.000
19.399	84.363	41.888	52.362	45.875	53.325	74.838	77.463	139.99	164.40	215.11	238.54	255.00	103.34	39.000
19.528	87.162	41.950	53.450	46.675	52.787	76.562	79.125	143.64	171.07	217.81	239.77	255.00	101.69	39.075
19.656	89.188	42.125	51.188	47.275	53.150	77.938	80.113	147.65	177.14	219.14	238.19	255.00	99.738	38.938
19.785	91.175	42.237	50.112	47.588	53.737	79.625	81.125	152.15	184.16	219.74	236.69	255.00	98.550	38.987
19.913	92.887	42.400	50.200	48.562	54.487	81.725	82.675	157.01	192.11	220.80	235.94	255.00	97.088	38.750
20.042	94.113	42.825	50.275	49.588	55.200	83.863	84.225	163.16	199.60	222.91	236.24	255.00	95.812	38.737
20.170	94.787	43.237	50.412	50.200	56.013	85.775	85.488	168.24	205.04	223.05	235.16	255.00	94.050	38.525
20.299	95.387	44.250	50.362	50.987	57.388	87.575	87.200	172.94	211.02	224.02	235.10	255.00	92.975	38.562
20.427	95.600	45.050	50.763	51.312	58.375	88.975	88.137	178.48	214.18	224.04	233.29	254.93	91.488	38.750
20.556	97.825	45.537	50.862	52.338	59.662	90.350	89.588	185.01	219.26	224.36	233.11	254.59	90.725	38.950
20.684	99.238	46.225	51.112	52.838	60.638	91.450	91.050	189.43	222.34	225.07	231.10	253.84	89.588	38.388
20.813	99.512	47.150	51.700	53.350	61.312	92.588	93.475	192.55	223.34	224.29	227.46	252.30	88.887	37.737
20.941	99.088	47.737	51.900	53.812	61.850	94.175	95.825	195.60	223.77	223.23	223.96	249.75	88.287	37.312
21.069	100.89	48.438	52.362	53.963	63.088	96.488	97.075	199.43	224.60	223.00	220.96	247.21	86.012	36.787
21.198	103.61	49.062	52.800	54.225	64.463	97.475	96.850	201.86	225.49	222.18	216.74	244.65	83.762	37.263
21.326	104.05	49.875	52.638	55.250	65.012	98.338	96.512	203.32	224.43	221.16	211.19	240.98	81.375	36.800
21.455	107.05	50.800	52.987	56.138	66.425	99.750	97.463	205.50	224.88	218.89	208.12	239.07	79.938	36.125
21.583	108.60	51.725	53.300	57.275	67.188	100.47	98.200	207.10	223.24	217.26	203.61	234.69	78.400	35.625
21.712	110.96	52.825	54.013	58.237	68.450	101.71	99.450	209.79	222.15	217.27	200.71	231.05	77.225	35.062
21.840	115.28	53.963	54.612	59.150	69.312	102.44	99.963	210.25	220.36	214.60	197.51	226.31	75.200	34.662
21.969	120.51	55.125	55.425	60.350	70.100	103.32	100.84	211.81	217.55	213.21	194.09	222.70	73.688	34.537
22.097	126.84	56.638	56.200	61.138	71.637	103.80	101.43	211.56	215.95	211.46	190.35	217.07	72.200	34.263
22.226	132.56	58.162	57.100	62.275	73.188	105.68	102.61	211.70	215.41	210.93	187.64	214.24	70.938	34.237
22.354	133.40	58.975	57.763	63.787	75.025	106.34	103.41	211.35	213.54	210.24	184.88	210.93	69.662	34.138
22.483	134.15	60.200	58.600	64.800	75.963	106.51	104.00	210.71	212.14	207.06	182.30	206.40	68.100	33.888
22.611	135.05	61.925	59.975	66.113	77.162	107.46	104.84	210.55	210.09	205.56	181.51	202.02	66.562	33.800
22.740	135.43	63.675	60.950	67.275	78.062	108.41	105.06	208.93	207.45	203.34	180.77	197.02	65.500	33.600
22.868	135.21	65.575	62.450	68.887	79.613	109.50	105.56	208.14	205.45	202.09	181.05	193.59	64.238	33.475
22.997	134.76	67.412	63.500	70.312	81.150	109.93	105.89	206.54	203.04	200.15	179.25	189.44	61.800	33.275
23.125	134.66	68.975	65.037	72.425	83.125	111.11	106.96	206.15	201.11	198.96	178.29	185.86	60.675	33.588
23.253	134.24	70.688	66.600	74.412	84.887	111.46	107.30	205.86	198.48	195.81	175.43	180.60	58.675	35.125
23.382	134.90	72.863	68.188	76.050	86.562	113.03	107.49	206.46	197.02	193.57	175.95	177.79	57.400	37.425
23.510	134.29	74.188	70.050	77.900	88.688	114.34	107.76	205.96	194.99	191.68	175.84	174.75	56.438	36.225
23.639	133.82	75.887	71.450	79.775	91.325	115.81	108.75	205.40	192.64	188.68	175.43	170.86	55.325	35.650
23.767	134.23	77.787	73.588	81.300	93.650	117.29	109.50	205.10	191.39	185.96	174.57	167.13	54.963	34.075
23.896	135.35	80.213	75.500	83.113	95.875	119.03	110.20	204.01	190.40	183.63	174.27	163.56	54.487	32.150
24.024	137.07	83.037	77.675	85.963	98.775	121.29	111.45	204.20	190.10	182.49	173.34	160.36	52.575	31.500
24.153	137.85	85.725	79.213	88.213	101.49	123.04	112.80	203.46	187.70	179.80	171.90	156.01	50.938	30.950
24.281	139.91	88.037	82.213	90.875	104.41	125.68	114.28	202.89	186.74	179.41	171.76	152.30	50.025	30.763
24.410	140.85	90.675	84.725	93.200	106.44	127.84	115.11	202.46	184.44	177.38	170.25	147.65	48.963	30.500
24.538	143.13	93.450	87.613	96.588	109.72	130.73	117.11	203.25	182.99	177.35	170.04	144.10	47.938	30.475
24.667	145.46	95.963	90.537	99.113	113.43	133.02	118.60	203.29	181.31	176.73	169.36	140.24	46.737	30.388
24.795	149.25	98.575	93.775	101.81	116.34	136.00	120.30	203.44	180.60	175.15	168.04	136.32	45.938	30.362
24.924	152.65	101.66	96.925	105.26	119.31	138.31	121.21	203.75	179.18	173.38	166.52	131.93	45.300	30.263
25.052	156.36	105.69	100.51	108.49	122.97	141.10	122.78	203.81	178.26	172.80	165.75	128.39	44.987	30.413
25.181	159.45	109.29	103.95	111.68	127.81	145.27	125.45	205.71	177.19	171.94	165.39	125.16	47.487	31.087
25.309	161.94	113.18	106.81	114.94	131.04	147.71	127.18	205.98	175.45	170.77	163.99	121.56	43.825	30.538
25.438	166.52	118.04	110.88	118.86	136.50	151.37	128.79	207.34	174.86	169.80	164.20	118.85	41.950	30.075
25.566	171.00	122.59	115.32	122.21	140.89	154.35	130.46	209.06	174.57	169.30	162.34	114.91	40.838	29.962
25.694	176.91	128.02	120.32	126.38	146.46	159.20	133.36	210.69	175.15	169.10	162.24	112.01	40.200	30.638
25.823	183.52	133.07	124.79	131.50	151.34	163.79	136.16	212.12	174.64	168.31	160.94	108.91	39.188	31.075
25.951	190.75	138.09	129.99	136.44	156.76	169.26	139.32	213.26	174.82	168.07	159.94	106.31	38.537	30.300
26.080	196.36	142.25	134.93	141.00	161.82	174.26	141.84	213.20	174.55	166.20	158.54	103.50	37.987	29.712
26.208	203.25	147.77	140.18	146.63	167.11	180.96	145.31	214.31	175.32	165.71	157.54	101.61	37.400	29.500
26.337	209.75	154.43	145.82	152.20	173.66	186.73	148.61	213.85	175.75	165.09	156.61	101.75	36.838	29.375
26.465	215.82	160.94	151.64	158.38	180.15	192.55	151.45	213.56	175.09	164.43	154.69	98.125	35.975	29.275
26.594	223.98	168.29	158.64	165.48	186.99	198.70	154.84	214.45	176.10	163.91	153.25	93.588	35.463	29.312
26.722	230.05	175.27	165.77	171.66	194.82	205.07	158.18	214.32	176.13	163.49	151.89	89.525	34.925	29.462
26.851	236.16	181.93	173.01	178.79	203.59	212.05	162.18	214.19	176.86	163.25	150.21	86.963	34.400	29.788
26.979	242.66	189.48	180.59	185.23	210.90	219.00	165.49	214.44	176.75	161.69	148.52	84.850	33.787	29.513
27.108	247.66	199.38	189.13	192.52	221.61	226.40	170.00	216.41	177.20	161.93	147.15	84.688	33.050	29.163
27.236	250.76	206.98	197.11	199.06	230.52	231.15	173.51	215.57	175.95	161.36	144.38	82.200	32.450	28.987
27.365	253.18	215.82	206.87	207.49	239.96	238.48	178.30	217.68	177.15	161.84	142.52	77.412	31.975	29.350
27.493	254.49	225.20	215.30	216.51	247.96	244.64	182.50	219.20	177.00	161.61	140.56	74.338	31.500	30.562
27.622	254.95	234.86	223.61	224.59	252.21	249.45	186.07	220.74	177.60	160.80	138.79	71.800	30.812	30.300
27.750	255.00	243.76	231.50	232.59	253.84	252.93	190.07	222.00	178.63	159.95	136.84	69.213	30.188	28.888
27.878	255.00	249.85	238.11	239.46	254.71	254.46	193.81	222.27	178.94	158.48	134.10	67.475	29.650	28.100
28.007	254.51	253.48	244.62	245.57	254.99	254.99	198.18	224.36	179.69	157.61	131.80	65.825	29.475	27.788
28.135	254.39	254.82	249.56	250.04	255.00	255.00	201.81	224.02	179.66	155.99	129.07	63.662	29.188	27.400
28.264	255.00	255.00	253.26	253.06	255.00	255.00	206.69	224.29	179.23	154.25	127.36	63.125	29.000	27.513
28.392	255.00	255.00	254.68	254.55	255.00	255.00	210.73	224.31	179.09	152.80	124.96	62.088	28.400	27.625
28.521	255.00	255.00	254.99	254.90	255.00	255.00	215.49	224.36	179.09	152.68	123.39	59.213	28.413	28.025
28.649	255.00	255.00	255.00	255.00	255.00	255.00	219.24	223.66	178.87	151.25	121.07	56.725	28.000	28.900
28.778	255.00	255.00	255.00	255.00	255.00	255.00	223.94	223.59	179.07	150.15	118.68	54.987	27.212	29.825
28.906	255.00	255.00	255.00	255.00	255.00	255.00	227.80	223.31	177.88	148.25	116.28	53.300	26.663	31.763
29.035	255.00	255.00	255.00	255.00	255.00	255.00	231.18	223.89	176.93	146.59	113.64	51.737	26.163	34.763
29.163	255.00	255.00	255.00	255.00	255.00	255.00	233.76	224.14	176.34	144.50	110.89	50.025	25.600	31.413
29.292	255.00	255.00	255.00	255.00	255.00	255.00	236.11	222.70	173.73	142.48	108.06	48.425	25.100	27.325
29.420	255.00	255.00	255.00	255.00	255.00	255.00	237.45	222.80	170.73	140.56	105.10	46.888	24.925	25.850
29.549	255.00	255.00	255.00	255.00	255.00	255.00	238.23	222.85	166.89	138.46	102.64	45.250	24.538	25.188
29.677	255.00	255.00	255.00	255.00	255.00	255.00	239.77	222.40	165.10	137.35	100.34	44.075	24.538	25.225
29.806	255.00	255.00	255.00	255.00	255.00	255.00	239.52	221.68	163.01	135.50	97.900	42.750	24.212	24.962
29.934	255.00	255.00	255.00	255.00	255.00	255.00	239.80	221.49	160.82	132.90	95.800	41.562	23.862	24.312
30.062	255.00	255.00	255.00	255.00	255.00	255.00	238.46	219.59	158.30	129.41	92.812	40.175	23.575	23.775
30.191	255.00	255.00	255.00	255.00	255.00	255.00	237.12	218.11	156.65	127.21	90.113	39.500	23.275	23.500
30.319	255.00	255.00	255.00	255.00	255.00	255.00	235.12	216.55	154.13	124.28	88.213	38.263	23.050	23.212
30.448	255.00	255.00	255.00	255.00	255.00	255.00	232.93	214.00	151.68	121.28	85.188	36.850	22.688	22.938
30.576	255.00	255.00	255.00	255.00	255.00	255.00	231.26	211.59	149.94	118.35	82.613	35.688	22.388	22.938
30.705	255.00	255.00	255.00	255.00	255.00	255.00	229.31	208.57	147.30	116.16	79.938	34.638	22.087	23.138
30.833	255.00	255.00	255.00	255.00	255.00	255.00	226.90	205.59	143.82	114.00	77.512	33.662	22.062	23.038
30.962	255.00	255.00	255.00	255.00	255.00	255.00	224.01	202.06	140.01	111.34	75.162	32.737	22.388	22.700
31.090	255.00	255.00	255.00	255.00	255.00	255.00	222.10	198.64	137.19	109.15	73.200	32.200	21.700	23.075
31.219	255.00	255.00	255.00	255.00	255.00	255.00	219.65	194.49	134.19	106.99	70.675	32.013	21.087	24.875
31.347	255.00	255.00	255.00	255.00	255.00	255.00	217.07	191.69	131.04	104.40	68.550	31.487	20.825	24.862
31.476	255.00	255.00	255.00	255.00	254.21	255.00	213.79	187.45	127.72	101.74	66.787	31.375	20.625	22.925
31.604	255.00	255.00	255.00	255.00	252.71	255.00	210.14	183.82	124.56	99.125	64.950	33.500	20.525	22.075
31.733	255.00	255.00	255.00	255.00	254.36	255.00	206.51	180.04	121.44	96.438	63.050	38.750	20.288	21.712
31.861	255.00	255.00	255.00	255.00	255.00	255.00	201.91	176.31	117.40	94.338	61.200	43.062	20.138	21.325
31.990	255.00	255.00	255.00	255.00	255.00	255.00	197.30	172.25	114.03	92.375	59.325	39.475	20.212	21.163
32.118	255.00	255.00	255.00	255.00	255.00	255.00	191.75	166.98	110.63	89.537	57.362	31.100	20.188	21.000
32.247	255.00	255.00	255.00	255.00	255.00	255.00	186.38	162.31	107.90	87.488	56.013	26.987	20.388	21.013
32.375	255.00	255.00	255.00	255.00	255.00	255.00	180.25	157.95	104.63	84.438	54.188	25.700	20.087	21.675
32.503	255.00	255.00	255.00	255.00	255.00	255.00	174.73	153.54	101.94	82.662	52.912	24.888	19.413	22.850
32.632	255.00	255.00	255.00	255.00	255.00	255.00	168.89	149.00	98.975	79.750	51.513	24.175	19.237	21.750
32.760	255.00	255.00	255.00	255.00	255.00	255.00	163.15	144.73	96.050	77.287	50.175	23.450	19.025	20.587
32.889	255.00	255.00	255.00	255.00	255.00	255.00	156.48	140.27	93.425	75.188	48.875	22.737	18.688	21.275
33.017	255.00	255.00	255.00	255.00	255.00	255.00	150.50	135.91	90.675	73.188	47.588	22.250	18.625	22.350
33.146	255.00	255.00	255.00	255.00	255.00	255.00	144.20	131.38	87.912	71.050	46.287	21.900	18.500	20.188
33.274	255.00	255.00	255.00	255.00	255.00	254.99	137.79	127.21	85.662	68.738	45.188	21.425	18.337	19.413
33.403	255.00	255.00	255.00	255.00	255.00	254.54	132.38	122.64	83.012	67.200	44.150	21.175	18.300	19.200
33.531	255.00	254.98	255.00	254.98	255.00	252.25	126.38	118.30	79.925	64.912	43.175	21.038	18.112	19.050
33.660	255.00	254.96	255.00	254.45	254.99	247.88	121.14	114.59	77.825	63.125	42.537	22.025	18.075	19.050
33.788	255.00	254.31	255.00	252.64	254.93	241.70	115.53	110.66	75.825	61.213	42.338	23.688	17.950	19.062
33.917	255.00	251.43	254.84	249.48	253.70	234.84	110.36	106.40	73.863	59.638	42.088	24.225	17.913	19.188
34.045	255.00	244.79	252.80	244.48	249.48	225.89	105.44	102.54	71.325	57.900	39.925	23.875	17.775	19.212
34.174	255.00	236.57	247.91	237.62	241.27	214.73	101.57	99.925	69.113	56.625	39.312	20.625	17.825	19.263
34.302	255.00	226.52	240.94	227.93	230.56	203.82	97.262	95.863	67.575	55.513	38.438	19.250	17.700	19.237
34.431	255.00	217.11	233.15	218.37	219.31	193.19	93.650	92.425	66.025	53.650	37.600	19.000	17.638	19.225
34.559	255.00	206.77	224.70	206.63	207.11	182.93	90.450	89.525	64.312	52.225	36.862	18.775	17.538	19.100
34.687	255.00	194.80	215.51	193.40	193.90	171.25	87.175	86.575	62.700	50.725	35.950	18.487	17.425	18.837
34.816	255.00	182.07	205.34	179.30	180.52	159.76	84.637	84.137	61.375	49.525	35.375	18.312	17.462	18.950
34.944	255.00	169.15	193.37	165.01	166.29	149.32	82.200	81.750	59.825	48.300	34.737	18.200	17.500	19.100
35.073	255.00	155.76	181.50	152.65	153.06	140.16	79.650	79.562	58.350	47.375	34.150	18.200	17.487	19.513
35.201	255.00	143.30	168.86	139.90	140.11	130.66	76.825	76.863	56.725	46.025	33.812	19.075	17.350	20.837
35.330	255.00	133.04	156.60	128.81	129.21	122.30	74.775	75.562	55.912	45.588	34.588	19.475	17.312	22.150
35.458	255.00	122.29	143.36	118.51	118.53	114.11	72.550	74.037	54.825	44.500	35.150	18.275	17.225	20.062
35.587	255.00	113.19	132.45	108.91	108.55	107.22	70.400	71.637	53.825	43.862	34.088	18.038	17.125	19.163
35.715	255.00	104.41	122.38	99.812	99.113	101.03	68.550	69.575	52.775	42.825	34.312	17.650	17.062	18.688
35.844	255.00	95.950	112.71	91.287	91.412	95.262	66.675	67.850	51.775	41.775	36.100	17.413	17.200	18.587
35.972	255.00	88.088	103.06	83.812	83.925	89.988	64.938	66.463	50.700	40.938	34.950	17.138	17.200	18.513
36.101	255.00	80.825	94.463	76.650	76.738	86.075	63.125	65.050	49.537	40.188	35.250	16.950	17.212	18.475
36.229	255.00	74.300	86.988	70.262	71.200	82.375	61.487	63.963	48.900	39.737	37.388	16.938	17.237	18.487
36.358	255.00	68.250	79.225	64.037	65.750	78.325	59.700	62.463	47.963	39.062	35.138	16.862	17.138	18.775
36.486	255.00	62.750	72.488	58.862	60.638	75.350	58.412	61.362	47.550	38.463	36.750	16.913	17.188	18.788
36.615	255.00	57.513	66.363	53.900	56.025	72.325	57.263	60.000	46.737	37.938	36.787	16.725	17.100	19.375
36.743	255.00	52.825	61.062	49.475	52.263	69.450	56.375	59.088	46.050	37.350	36.450	16.737	17.100	20.850
36.872	254.43	48.662	55.875	45.338	48.950	67.025	55.275	57.850	45.338	36.812	38.250	16.663	17.025	20.087
37.000	250.10	44.862	51.550	41.688	45.825	64.812	54.475	57.037	44.850	36.450	39.812	16.775	17.013	18.862
37.128	241.04	41.100	47.625	38.825	42.925	62.375	54.575	56.150	44.537	39.237	40.500	16.800	17.025	18.562
37.257	229.35	38.237	43.888	36.200	40.787	60.188	53.925	55.463	43.763	38.662	42.475	17.013	16.987	18.325
37.385	216.23	35.400	40.463	33.775	38.562	58.638	52.688	55.062	43.263	35.188	40.000	18.475	17.038	18.300
37.514	201.84	32.737	37.325	31.538	36.325	56.875	51.412	54.287	42.550	34.362	36.662	18.913	17.050	18.200
37.642	188.59	30.462	35.050	29.712	34.737	55.713	50.888	53.787	42.162	33.812	35.250	17.600	17.087	18.175
37.771	174.82	28.312	33.312	28.038	33.250	54.438	50.138	52.963	41.388	33.438	36.875	17.175	16.938	18.375
37.899	161.50	26.562	31.362	26.712	32.438	53.625	49.838	52.250	40.938	33.162	42.400	16.987	16.800	18.487
38.028	147.00	24.638	28.862	25.362	33.375	52.750	49.000	50.950	40.263	32.425	49.213	16.837	16.737	18.538
38.156	133.79	23.375	26.900	24.300	32.975	51.888	48.700	50.287	39.875	32.375	50.638	16.825	16.812	18.850
38.285	120.32	22.237	25.413	23.312	29.800	50.987	48.025	49.325	39.237	32.125	49.237	16.925	16.900	18.775
38.413	109.64	21.237	24.050	22.475	28.062	50.213	47.225	48.625	38.812	31.375	44.037	16.938	17.050	18.550
38.542	99.250	20.062	23.025	21.675	27.250	49.362	46.763	48.100	38.375	31.175	43.312	16.888	17.150	18.550
38.670	90.188	18.938	22.013	20.900	26.425	48.525	46.088	47.675	38.050	30.775	46.612	16.812	17.150	18.337
38.799	81.988	18.188	21.300	20.362	26.050	47.888	45.850	47.838	37.825	30.587	40.513	16.875	17.138	18.475
38.927	74.650	17.438	20.388	19.888	27.837	46.975	45.000	48.675	37.438	30.325	37.888	16.900	17.062	18.325
39.056	68.363	17.025	19.750	19.325	28.550	46.100	44.438	48.600	37.287	30.237	39.550	17.250	17.112	18.225
39.184	62.350	16.587	19.062	18.925	28.487	45.487	43.525	46.900	36.662	29.888	34.725	17.100	17.062	18.125
39.312	57.300	16.312	18.688	18.550	29.350	45.025	43.037	46.125	36.388	29.663	35.463	17.050	17.138	18.150
39.441	52.963	16.000	18.200	18.462	27.100	44.375	42.150	45.237	36.000	29.225	37.675	17.325	17.212	18.188
39.569	49.388	15.738	17.888	18.425	24.575	43.900	41.438	44.475	35.725	28.925	35.412	17.500	17.237	18.138
39.698	45.838	15.312	17.350	18.125	23.837	43.525	40.812	43.838	35.362	28.650	30.362	17.275	17.212	18.250
39.826	42.675	15.137	17.175	18.087	25.025	42.812	40.200	43.625	35.125	28.450	28.175	17.050	17.237	18.237
39.955	39.838	14.988	16.825	18.013	23.625	42.013	39.500	43.250	34.800	28.275	26.425	17.075	17.225	18.150
40.083	37.213	14.837	16.837	17.800	22.913	41.500	39.062	42.537	34.463	27.850	24.438	17.125	17.250	17.950
40.212	35.325	14.488	17.300	18.300	22.712	41.250	39.050	42.075	34.362	27.975	21.438	17.438	17.462	18.100
40.340	33.275	14.288	17.025	19.850	22.550	40.688	38.213	41.237	33.825	27.562	20.538	17.900	17.538	18.100
40.469	31.700	14.288	16.837	20.300	22.400	40.175	37.700	40.713	33.700	27.388	20.188	18.475	17.612	18.475
40.597	30.150	14.137	16.913	18.212	22.188	39.138	37.287	39.987	33.575	26.962	19.888	18.050	17.675	18.850
40.726	28.763	14.113	17.475	17.500	21.925	37.900	36.900	39.338	33.162	26.888	19.650	18.725	17.837	18.862
40.854	27.650	14.025	17.638	17.350	21.562	37.388	36.400	38.750	32.963	26.700	19.388	19.237	17.900	18.500
40.983	26.725	13.938	17.125	17.112	21.538	37.312	36.263	38.562	32.825	26.913	19.288	18.850	17.913	18.312
41.111	25.862	13.762	16.587	17.087	22.487	36.800	36.075	38.250	32.475	27.350	19.013	18.337	17.875	18.212
41.240	25.150	13.800	17.038	16.987	21.712	36.037	35.150	37.838	32.362	26.400	18.950	18.225	17.888	18.100
41.368	24.575	13.950	16.487	16.875	21.263	35.650	34.375	37.188	32.188	26.188	19.025	18.413	17.987	18.013
41.497	24.150	13.913	16.300	16.837	21.087	34.875	33.463	36.350	31.837	25.925	18.975	18.513	18.013	18.025
41.625	23.825	13.962	16.325	16.812	21.050	34.388	32.925	35.775	31.775	25.725	18.900	18.913	18.200	18.212
41.753	25.175	13.925	16.325	16.875	20.987	33.838	32.525	35.388	31.650	25.650	18.850	19.038	18.325	18.575
41.882	27.250	13.812	16.475	16.925	20.962	33.562	32.125	35.263	31.812	25.987	18.987	19.350	18.562	20.200
