time / h	Ab42 alone	Ab42 alone	Ab42 alone	47 nM S100GSTctrl	47 nM S100GSTctrl	47 nM S100GSTctrl	94 nM S100GSTctrl	94 nM S100GSTctrl	94 nM S100GSTctrl	187 nM S100GSTctrl	187 nM S100GSTctrl	187 nM S100GSTctrl	375 nM S100GSTctrl	375 nM S100GSTctrl	375 nM S100GSTctrl	750 nM S100GSTctrl	750 nM S100GSTctrl	750 nM S100GSTctrl	1500 nM S100GSTctrl	1500 nM S100GSTctr	1500 nM S100GSTctr	3000 nM S100GSTctr	3000 nM S100GSTctr	3000 nM S100GSTctr	0 fit	47 fit	94 fit	187 fit	375 fit	750 fit	1500 fit	3000 fit
0.0000										0.0091085	0.0081946	0.0097690	0.0027672	0.0037261	-0.0013818	0.0056366	0.0088132	0.0057933														
0.025278										0.0052319	0.0063403	0.0071687	-0.0016730	0.0027070	0.00073415	0.0038102	0.0082126	0.0042315														
0.050556	0.0069261	0.0061957	0.0053242	0.0073086	0.0048533	0.0045288	0.0076878	0.0047960	0.0048676	0.0061805	0.0054531	0.0054541	0.0012986	0.0013709	0.00085771	0.0043844	0.0053981	0.0031286	0.0061441	0.010668	0.0043775	0.0061146	0.0083657	0.0068095								
0.075833	0.0039123	0.0062582	0.0063517	0.00072441	0.0098756	0.0013334	0.0029896	0.0051864	0.0073800	0.0075826	0.0020722	0.0051211	0.0010049	-0.00061448	-0.00037016	0.0041770	-0.00088043	0.0038068	0.0085183	0.0042808	0.0066744	0.0046319	0.0043333	0.0071328								
0.10111	0.0028193	-4.8236e-05	0.0043656	0.0023065	0.0033943	0.0062230	0.0037501	0.0055697	0.0037013	0.0054299	0.0017046	0.0012314	0.0010395	-0.00032007	0.00029397	0.0064820	0.0034915	0.0023546	0.0057947	0.0044959	0.0024623	-0.00055761	0.0015251	0.0026238								
0.12639	0.0013325	0.0027209	0.0050484	-2.4000e-05	0.0024804	0.0045788	0.0022369	0.0036599	0.00018926	-0.0027851	0.0019843	0.0028964	-0.0028651	0.0013407	0.00040208	0.0037623	0.00090045	0.0027108	0.0020784	-0.0012708	0.00091452	0.0035852	0.0018333	0.0020733								
0.15167	0.00096281	0.00093436	-0.00097878	0.0026286	0.0055214	-0.0016832	0.0033619	0.0028862	0.0031815	-0.0019438	-0.00014174	0.0017344	0.0017306	-0.0018148	0.0023481	-0.0032561	-0.0010969	0.0012997	-0.00042298	0.0018318	0.0041796	0.0032364	0.0026381	0.0014442								
0.17694	-0.0062864	0.0023189	-0.0026821	-0.0051397	3.8397e-05	-0.0014044	0.00022448	-9.0149e-05	0.0010223	-0.00051687	-0.0015325	-0.0044721	0.00097902	-0.0049249	-0.0045712	-8.9857e-05	-6.3320e-05	-0.0040433	0.00019640	0.00045009	-0.00085939	0.0019717	0.0022271	-0.00021613								
0.20222	0.00094673	0.0048379	-0.0027924	-0.0044292	-0.0012748	-0.0011399	-0.00050442	-0.00083597	0.0033948	-0.0056718	-0.0019561	-0.00012895	-0.0038844	-0.0032641	-0.00055550	0.0029807	-4.6559e-07	0.00023792	-0.00032769	-0.0014529	-0.0011916	0.0023816	-0.0030639	-0.0023745								
0.22750	-0.00067670	0.00052345	0.0033243	-0.0018335	-0.0037168	0.0010260	-0.0046481	-0.0031989	-0.00094366	-0.0031727	-0.0016603	-0.0021624	-0.0029342	-0.0024564	0.00068009	-0.0053617	-0.0018931	-0.00063888	-0.0012488	0.00046664	-0.0017923	0.00018374	-0.0021564	0.0013480								
0.25278	-0.0012955	-0.0058634	-0.0038475	-0.0017671	-0.0020888	-0.0022765	-0.0015423	0.0017152	-0.0028763	-0.0044346	-0.0055048	-0.0036928	0.00071987	-0.0012863	-0.0020382	-0.0032561	-0.0056365	-0.00083753	-0.00083590	-0.00070823	0.00041980	-0.0058430	-0.00034132	-0.0028639								
0.27806	-0.0063266	-0.00072712	-0.0022201	-0.0011419	-0.0011980	-0.0023337	-0.0030635	-0.0036798	-0.0033828	0.00010997	-0.0032029	-0.0034590	0.0026894	0.0035978	-0.00086440	-0.0044285	-0.0068377	-0.0077081	-0.0025591	-0.0021644	-0.00069684	-0.0047266	-0.0019680	-0.00039963								
0.30333	0.00082618	-0.0031032	-0.0023235	-0.0022124	-0.0039548	-0.0017118	-0.0016532	-0.0051854	-0.00048382	-0.0024139	-0.0053929	-0.0036786	-0.0015693	-0.00048615	0.00091949	-0.0053537	-0.0040791	-0.0024267	-0.0014473	0.00064038	-0.0023011	-0.0051714	-0.0040485	-0.0044018								
0.32861	-0.0028788	-0.0071318	-0.0029579	-0.0011893	-0.0040163	-0.0015474	-0.0021603	-0.0035544	-0.0018767	-0.0050862	-0.0031390	-0.0075967	-0.00072275	-0.0028112	0.0020856	-0.0062151	-0.0029197	-0.0052147	-0.0074982	-0.0033393	-0.0038136	-0.0021624	-0.0036717	-0.0039824								
0.35389	-0.0022198	-0.0019598	-0.0046406	0.0011507	-0.0049148	-0.0040494	-0.0022078	-0.0021115	-0.0039492	-0.0076184	-0.0032189	-0.0081847	0.0014196	0.0052359	0.0014601	-0.0032721	-0.0034086	-0.0026939	-0.00055797	-0.0083448	-0.0033259	-0.0026857	-0.0030724	-0.0051183								
0.37917	0.00099495	-0.0022725	-0.0017167	0.00037389	-0.0041238	-0.00022494	-0.0036577	-0.0038402	-0.0065550	-0.0064636	-0.0082463	-0.0089854	0.0071468	0.0027070	0.0034911	-0.0035991	-0.0030804	-0.0043105	-0.0039566	-0.0017093	-0.0031987	-0.0012728	-0.0024475	-0.0023483								
0.40444	0.00096281	-0.0026834	-0.00025469	0.0032444	-0.00087544	-0.0013187	-0.00081341	-0.0013169	-0.0036693	-0.0034201	-0.0036665	-0.0029984	0.0047799	0.0030392	0.0062403	-0.0012304	-0.00085250	-0.0021596	-0.0038772	-0.0038440	-0.0018488	0.00031457	-0.00015297	0.00027322								
0.42972	0.0028756	-0.0028263	0.0012486	0.0010749	-0.0013132	-0.00053947	-0.0038320	0.00019563	-0.00012396	-0.0032634	-0.0032828	-0.0064560	0.0023784	0.011683	0.0089740	0.0015770	0.0040572	0.00052563	-9.7407e-05	-0.0046465	-0.0011845	-0.0029299	-0.0032522	0.0014005								
0.45500	0.0074244	0.0017026	0.0018141	0.0022970	-0.00038397	-0.0025839	-0.00051234	-0.0040911	-0.0053221	-0.0019603	-0.0022918	-0.0041037	0.013125	0.0077422	0.0095069	0.0032997	0.00053729	0.0010873	-0.0019000	0.00092169	-0.0059338	0.0041958	-0.00039269	0.0018549								
0.48028	0.0069743	0.0023547	0.00084177	0.0061149	-9.2152e-05	0.00027545	0.0014129	0.00082296	-0.0026430	-0.00023644	0.0027036	-0.0049114	0.011578	0.011086	0.0094760	0.0072955	0.0034077	0.0027861	0.00068873	0.00082240	-0.00060497	0.0042306	0.0022015	0.010270								
0.50556	0.011748	0.0012827	0.0032209	0.0047507	-0.00024574	0.0048004	-0.00018751	0.0038062	0.0015155	-0.0027603	-0.00015772	-0.0053861	0.012235	0.0089802	0.0094374	0.0019200	0.0061663	0.0032040	0.0028407	0.0046697	0.0039676	0.0065070	0.0049754	0.0068008								
0.53083	0.011837	0.0088040	0.0053656	0.0068633	0.0011289	0.0050935	0.0043681	0.0042942	0.0018487	-0.0034861	-0.0019001	0.00033867	0.013677	0.011041	0.012773	0.0070084	0.0036032	0.0056905	0.0052467	0.0033542	0.00052581	0.0093765	0.0049069	0.011651								
0.55611	0.016787	0.0074463	0.0081378	0.011070	0.0055137	0.0038854	0.0038848	0.0029489	0.0024285	0.0048525	0.0067799	0.0017911	0.014248	0.011411	0.011268	0.0089783	0.0074513	0.010698	0.0061758	0.012588	0.0034729	0.013327	0.0088452	0.012166								
0.58139	0.016876	0.0092507	0.0094135	0.012055	0.0057288	0.0065089	0.0056279	0.0039805	0.0031149	0.0024441	0.0048217	0.0027760	0.0090214	0.011668	0.013839	0.011116	0.0085618	0.0085128	0.0048259	0.0068953	0.0058475	0.017392	0.010814	0.015347								
0.60667	0.019954	0.011135	0.012703	0.018724	0.0051835	0.0093111	0.0099854	0.0080790	0.0049475	0.0060073	0.00022593	0.0066161	0.010213	0.014008	0.015067	0.010629	0.010091	0.0077387	0.0074225	0.0091457	0.010017	0.011252	0.013896	0.014525								
0.63194	0.017945	0.016406	0.010744	0.017190	0.0089541	0.011120	0.0074184	0.0064619	0.0065070	0.0061557	0.0059886	0.0047669	0.012641	0.013268	0.015052	0.013118	0.010748	0.011561	0.0088519	0.0057039	0.0096356	0.015176	0.016157	0.018178								
0.65722	0.026689	0.016013	0.012510	0.0080949	0.011327	0.0093468	0.0082028	0.0067059	0.0080931	0.0071372	0.0052053	0.0041505	0.010870	0.013223	0.016488	0.012200	0.010091	0.010157	0.011544	0.010122	0.0090985	0.015604	0.010361	0.014962								
0.68250	0.020974	0.018764	0.015537	0.014471	0.011496	0.016481	0.013170	0.012031	0.010892	0.0084404	0.012031	0.0072608	0.012019	0.010860	0.012511	0.011499	0.012480	0.013184	0.0071843	0.013978	0.0090420	0.014889	0.010343	0.016273								
0.70778	0.021071	0.018299	0.017351	0.015541	0.015028	0.016667	0.0097953	0.010163	0.010972	0.0079785	0.012023	0.0049440	0.011544	0.015004	0.016295	0.014976	0.010601	0.010266	0.0099318	0.0092533	0.010229	0.017374	0.013691	0.016387								
0.73306	0.021875	0.020140	0.021447	0.019359	0.016150	0.018304	0.012228	0.014276	0.012585	0.0078053	0.010808	0.0084086	0.014196	0.013283	0.015222	0.016523	0.014100	0.013965	0.014379	0.016493	0.0063988	0.014435	0.0071928	0.020310								
0.75833	0.025837	0.024481	0.022502	0.019444	0.018906	0.021885	0.014533	0.011285	0.012085	0.013480	0.0095293	0.0095068	0.015448	0.013374	0.0089200	0.012783	0.0076958	0.0097526	0.010329	0.011024	0.010371	0.012080	0.013691	0.018222								
0.78361	0.025170	0.021792	0.026881	0.019283	0.021548	0.024094	0.016625	0.012101	0.015057	0.0089188	0.010385	0.0074876	0.0080279	0.012053	0.013028	0.011068	0.011090	0.013363	0.011988	0.0064733	0.011777	0.022459	0.011842	0.018003								
0.80889	0.032483	0.036844	0.026219	0.018184	0.022723	0.024945	0.013907	0.017294	0.012172	0.0095209	0.0074353	0.011859	0.013988	0.014831	0.014472	0.010861	0.0073326	0.0041561	0.0093442	0.012670	0.010738	0.023218	0.012989	0.017025								
0.83417	0.032563	0.037040	0.033026	0.021462	0.028682	0.026732	0.012616	0.011090	0.012398	0.0097601	0.010872	0.013071	0.011120	0.012898	0.012372	0.018605	0.0077028	0.0085676	0.0065093	0.010345	0.010766	0.018247	0.021730	0.017331								
0.85944	0.039861	0.040390	0.037473	0.019795	0.031347	0.031757	0.014398	0.014547	0.017650	0.012738	0.0059566	0.0079693	0.015068	0.013895	0.013221	0.013788	0.010482	0.012424	0.011583	0.0084673	0.0085261	0.024954	0.026687	0.018283								
0.88472	0.050494	0.049233	0.042714	0.027601	0.038266	0.036468	0.016783	0.014478	0.019376	0.0086878	0.0063323	0.0087204	0.015664	0.012324	0.017801	0.016667	0.0086246	0.0052110	0.0077878	0.0076978	0.014039	0.022895	0.022912	0.022215								
0.91000	0.058948	0.059050	0.047486	0.026351	0.044563	0.042416	0.016300	0.021107	0.023587	0.0097023	0.0074033	0.013737	0.014178	0.016038	0.013399	0.0078059	0.0097700	0.010465	0.015149	0.0071931	0.012646	0.025285	0.027612	0.024767								
0.93528	0.070119	0.072137	0.060568	0.033001	0.052642	0.045811	0.025181	0.016931	0.027726	0.013430	0.0069397	0.011143	0.018187	0.014687	0.019739	0.018860	0.0086875	0.0085265	0.0082881	0.0095760	0.013304	0.027614	0.032937	0.029258								
0.96056	0.080591	0.084839	0.065809	0.036203	0.059200	0.055226	0.019968	0.020556	0.024727	0.0095539	0.0095613	0.010938	0.018619	0.013585	0.022403	0.012607	0.0076748	0.0099376	0.013251	0.010908	0.013480	0.038036	0.036370	0.031259								
0.98583	0.097629	0.10100	0.076022	0.038922	0.073115	0.062245	0.023296	0.020019	0.031291	0.0093889	0.0068838	0.0089683	0.021495	0.015699	0.018874	0.014442	0.0085967	0.0090265	0.016666	0.0077806	0.016032	0.036545	0.045009	0.036092								
1.0111	0.11094	0.12050	0.096366	0.051276	0.095984	0.067671	0.029159	0.022619	0.035596	0.0052649	0.0096013	0.015005	0.029037	0.018137	0.021569	0.016483	0.0083872	0.010897	0.016602	0.013051	0.020039	0.047622	0.054940	0.043790								
1.0364	0.13552	0.14413	0.10346	0.058637	0.10359	0.080874	0.034031	0.024403	0.044173	0.010857	0.0090098	0.012454	0.030842	0.021889	0.028388	0.012639	0.011132	0.012034	0.017110	0.012902	0.024576	0.053727	0.067063	0.047609								
1.0617	0.16127	0.16586	0.12625	0.077821	0.12873	0.095850	0.039324	0.030015	0.049965	0.012746	0.010401	0.019192	0.041994	0.021194	0.031346	0.019865	0.0096233	0.0091156	0.021025	0.015574	0.030011	0.059658	0.080522	0.054871								
1.0869	0.18764	0.18740	0.14209	0.089369	0.15346	0.10459	0.048475	0.025881	0.057355	0.012465	0.0088500	0.018158	0.044603	0.026161	0.032087	0.019115	0.012577	0.013527	0.026496	0.016460	0.032619	0.078069	0.092637	0.066021								
1.1122	0.21056	0.21941	0.16538	0.11532	0.17838	0.11572	0.053886	0.035472	0.062093	0.015138	0.011016	0.018420	0.054226	0.030238	0.045957	0.020104	0.013304	0.011136	0.030975	0.018123	0.036273	0.095713	0.10910	0.072295								
1.1375	0.23833	0.24936	0.19884	0.15649	0.20548	0.13946	0.068939	0.037382	0.074129	0.012482	0.012758	0.021807	0.065447	0.038934	0.053139	0.018677	0.012151	0.012780	0.035414	0.019016	0.048549	0.10640	0.12774	0.093337								
1.1628	0.27728	0.28833	0.22474	0.18991	0.23581	0.16174	0.082535	0.047412	0.082160	0.016383	0.012407	0.023727	0.072496	0.040089	0.063726	0.022122	0.0099306	0.017144	0.051502	0.027538	0.062641	0.11891	0.14859	0.10743								
1.1881	0.31617	0.32827	0.25689	0.24048	0.28738	0.18445	0.099355	0.053288	0.087844	0.021563	0.016403	0.028679	0.088944	0.052009	0.074746	0.038751	0.015909	0.015109	0.052891	0.031170	0.073503	0.14329	0.16960	0.13164								
1.2133	0.35301	0.36793	0.28491	0.29231	0.31981	0.20011	0.10996	0.056139	0.10138	0.018734	0.016283	0.038386	0.10790	0.056214	0.087635	0.032690	0.020378	0.019233	0.059578	0.034389	0.085292	0.16936	0.19873	0.13829								
1.2386	0.39366	0.42381	0.32495	0.35485	0.38678	0.23592	0.13342	0.065605	0.12705	0.021736	0.017202	0.034581	0.10645	0.062245	0.10385	0.040761	0.017683	0.017021	0.071259	0.051118	0.096932	0.19032	0.23333	0.16755								
1.2639	0.45936	0.47390	0.36517	0.40825	0.43695	0.23681	0.15377	0.075133	0.13714	0.029745	0.021694	0.046739	0.13442	0.076528	0.12095	0.054303	0.023612	0.024179	0.080168	0.052847	0.11918	0.21306	0.26131	0.19079								
1.2892	0.49968	0.53884	0.39758	0.46959	0.51132	0.27005	0.17530	0.082835	0.15813	0.031609	0.030822	0.053491	0.15622	0.081736	0.13704	0.058052	0.023116	0.021268	0.091460	0.063115	0.14473	0.23597	0.29712	0.22056								
1.3144	0.55618	0.58080	0.44050	0.53019	0.57340	0.29162	0.20390	0.10071	0.19219	0.037209	0.030846	0.063389	0.17342	0.097899	0.16184	0.071275	0.028773	0.027570	0.11400	0.079588	0.16802	0.26261	0.34499	0.25261								
1.3397	0.60132	0.63791	0.47047	0.58567	0.61339	0.33649	0.23331	0.11696	0.20474	0.044649	0.035138	0.070240	0.19979	0.11297	0.18815	0.080152	0.029199	0.030145	0.12954	0.095283	0.20810	0.29842	0.38797	0.28480								
1.3650	0.66326	0.69164	0.50940	0.63617	0.66753	0.34204	0.26909	0.12823	0.22448	0.052105	0.046072	0.082023	0.22914	0.12914	0.21835	0.092195	0.035212	0.032467	0.14941	0.10832	0.23868	0.35098	0.43609	0.32825								
1.3903	0.69870	0.74782	0.55938	0.66867	0.71000	0.37312	0.30070	0.15245	0.23852	0.064691	0.049197	0.099906	0.25517	0.14353	0.25539	0.11485	0.042545	0.035748	0.17433	0.12633	0.27430	0.38934	0.47499	0.36929								
1.4156	0.74789	0.78873	0.59793	0.70461	0.76245	0.41022	0.33585	0.17574	0.25727	0.068791	0.057109	0.11259	0.28678	0.16317	0.27587	0.12917	0.045618	0.036201	0.19794	0.14125	0.32545	0.42807	0.53327	0.42747								
1.4408	0.78960	0.82697	0.63930	0.73210	0.77358	0.44317	0.37465	0.19518	0.28094	0.075546	0.071200	0.13182	0.31848	0.18504	0.31112	0.15109	0.050514	0.042640	0.21366	0.16934	0.36864	0.47309	0.58456	0.45128								
1.4661	0.82110	0.86055	0.67723	0.76211	0.80084	0.45435	0.42081	0.22451	0.30716	0.090689	0.083773	0.15234	0.34474	0.20774	0.34803	0.16807	0.063874	0.047640	0.25228	0.19531	0.41910	0.51728	0.63749	0.50578								
1.4914	0.87165	0.89959	0.71116	0.78750	0.83410	0.50486	0.46749	0.25064	0.33070	0.10247	0.090782	0.17949	0.39016	0.24002	0.40340	0.19020	0.067205	0.060306	0.28061	0.22774	0.47572	0.56829	0.68580	0.54216								
1.5167	0.90179	0.91978	0.74964	0.81649	0.86727	0.53787	0.50912	0.28173	0.37054	0.12159	0.10440	0.18960	0.43987	0.26736	0.43493	0.22077	0.078135	0.066937	0.31364	0.24890	0.53200	0.61324	0.74685	0.57447								
1.5419	0.93064	0.93719	0.77640	0.83202	0.87887	0.56203	0.55223	0.30749	0.39243	0.13627	0.12689	0.21538	0.47183	0.30278	0.47915	0.25624	0.089491	0.072924	0.34997	0.29806	0.59568	0.66484	0.78443	0.64350								
1.5672	0.93313	0.95908	0.80695	0.83392	0.90920	0.59159	0.59622	0.34040	0.43125	0.16096	0.14084	0.24519	0.51148	0.33102	0.52702	0.27811	0.098786	0.076821	0.40464	0.32570	0.64218	0.71974	0.83349	0.69704								
1.5925	0.95363	0.96810	0.82777	0.86594	0.92295	0.60124	0.64721	0.37782	0.43810	0.17695	0.16144	0.27517	0.55970	0.36645	0.56292	0.31841	0.11158	0.085261	0.44648	0.37064	0.69257	0.76230	0.87707	0.72693								
1.6178	0.95861	0.97141	0.85749	0.88252	0.93047	0.64527	0.68691	0.42447	0.47887	0.19621	0.17387	0.30984	0.59568	0.39573	0.60913	0.35015	0.13216	0.10119	0.46669	0.41361	0.73547	0.78716	0.90883	0.78128								
1.6431	0.97123	0.99731	0.87115	0.88328	0.93201	0.66758	0.71939	0.45888	0.51298	0.21959	0.20718	0.34487	0.65075	0.43143	0.65493	0.39063	0.14459	0.10337	0.54809	0.47380	0.78126	0.81306	0.92647	0.81414								
1.6683	0.99727	1.0029	0.89425	0.90165	0.94153	0.67837	0.76075	0.48278	0.52406	0.25739	0.23128	0.36702	0.67486	0.47812	0.69053	0.43911	0.16000	0.11814	0.58977	0.52790	0.82784	0.86435	0.94847	0.85241								
1.6936	1.0078	0.99892	0.91259	0.91293	0.94414	0.70582	0.79600	0.51875	0.53439	0.29214	0.26561	0.39822	0.72652	0.52009	0.74018	0.48000	0.18719	0.12354	0.61228	0.56985	0.85484	0.88458	0.97758	0.88230								
1.7189	0.99695	0.99034	0.92618	0.91653	0.96511	0.73370	0.83807	0.54557	0.54558	0.31524	0.29588	0.44069	0.75753	0.54687	0.76714	0.51492	0.20018	0.14174	0.67065	0.61956	0.87957	0.91467	0.98323	0.90877								
1.7442	1.0097	1.0109	0.93473	0.93235	0.96027	0.75300	0.84813	0.57527	0.60863	0.35108	0.31765	0.46570	0.80029	0.57879	0.78660	0.57237	0.22624	0.15991	0.69543	0.67674	0.91795	0.91999	0.99342	0.93744								
1.7694	1.0174	1.0087	0.94990	0.93614	0.97847	0.76773	0.87848	0.60837	0.60770	0.38242	0.34967	0.50700	0.83018	0.62252	0.81810	0.61329	0.24930	0.17001	0.75689	0.71828	0.94092	0.95061	1.0115	0.94880								
1.7947	0.99003	1.0062	0.95335	0.93851	0.95643	0.79232	0.90296	0.62740	0.63342	0.42266	0.38589	0.53617	0.86093	0.65566	0.84869	0.65726	0.26463	0.18397	0.78016	0.76899	0.95767	0.95784	1.0131	0.97798								
1.8200	1.0039	0.99276	0.97293	0.93510	0.97639	0.81090	0.91794	0.66748	0.64635	0.45625	0.42540	0.57154	0.88667	0.68224	0.86413	0.70719	0.28936	0.20857	0.77674	0.82087	0.95413	0.98549	1.0136	0.99493								
1.8453	0.99968	0.99481	0.97893	0.96219	0.97117	0.80804	0.94162	0.68756	0.66514	0.49382	0.46576	0.60463	0.91708	0.70964	0.89301	0.73933	0.30936	0.21291	0.83836	0.84246	0.97915	0.99081	1.0117	1.0092								
1.8706	1.0186	1.0081	0.97838	0.95812	0.97778	0.81912	0.95390	0.71063	0.69246	0.53623	0.49329	0.63658	0.92382	0.74474	0.90807	0.77203	0.34453	0.22713	0.83685	0.87970	0.98587	1.0059	0.99059	0.98104								
1.8958	0.99534	0.99418	0.99741	0.97896	1.0105	0.83528	0.97450	0.73286	0.71239	0.57561	0.53498	0.66124	0.95958	0.76535	0.92869	0.81414	0.35691	0.23483	0.90784	0.90733	0.99230	1.0093	1.0012	1.0149								
1.9211	0.98819	0.99383	0.99603	0.96882	0.98331	0.85780	0.98678	0.74395	0.72539	0.60512	0.57633	0.69709	0.96425	0.77516	0.93757	0.84014	0.37749	0.26058	0.86909	0.92628	1.0042	0.99064	0.98768	0.99362								
1.9464	1.0011	1.0002	0.99397	0.97375	0.98046	0.85708	0.97435	0.75768	0.71646	0.64391	0.60068	0.72309	0.96494	0.79117	0.96252	0.87491	0.40559	0.29302	0.88720	0.94067	1.0010	1.0076	0.98477	0.97501								
1.9717	1.0036		1.0020	0.97602	0.99912	0.87695	0.98583	0.76744	0.77917	0.68750	0.63862	0.75065	0.98636	0.82506	0.96252	0.90586	0.44516	0.29915	0.94096	0.95639	1.0018	0.98663	0.97544	0.99633								
1.9969	0.98216		1.0009	0.97545	1.0081	0.87996	1.0138	0.80563	0.80769	0.73171	0.66803	0.76411	0.97064	0.84982	0.97309	0.91439	0.45022	0.33256	0.92778	0.98593	1.0067	1.0083	0.98041	0.99205								
2.0222			1.0078	0.99298	0.99337	0.88103	0.99938	0.81518	0.80436	0.73814	0.70976	0.78247	0.98593	0.87662	0.97781	0.94733	0.49433	0.34962	0.90292	0.98949	0.98629	1.0053	0.96508	0.98576								
2.0475			1.0046	0.98351	0.99759	0.89625	0.99661	0.81985	0.81602	0.76718	0.72822	0.81669	0.99197	0.88938	0.99758	0.97293	0.52450	0.37092	0.98233	1.0036		0.99962	0.97630	1.0036								
2.0728			1.0024	1.0024	1.0062	0.90090	1.0023	0.81518	0.82242	0.79473	0.75387	0.84297	0.99310	0.90810	0.98290	0.96870	0.53920	0.38639	0.96383	1.0064		1.0028	0.96987	0.99965								
2.0981			1.0007	1.0087	0.99160	0.93328	1.0102	0.83595	0.84754	0.81097	0.77506	0.84708	0.99794	0.91572	1.0019	0.98521	0.55534	0.41295	0.97232	1.0105		0.99770	0.95883	1.0033								
2.1233			0.99431	1.0006	0.99651	0.91820	1.0101	0.85282	0.84308	0.85106	0.79632	0.85544	1.0065	0.91603	1.0065	0.99598	0.58160	0.43903	0.99297	0.99933		0.98872	0.97835	1.0004								
2.1486				1.0187	0.99912	0.91670	0.99756	0.85303	0.83928	0.87151	0.82181	0.87684	1.0004	0.94350	1.0123	0.99845	0.59166	0.46348	0.96534	0.99561		0.99701	0.97407	1.0052								
2.1739				1.0210	1.0073	0.93243	0.99780	0.85819	0.87300	0.87753	0.83956	0.87967	1.0194	0.94985	0.99773	1.0009	0.60772	0.46885	0.98940	1.0116		1.0144	0.95643	0.99642								
2.1992				1.0206	1.0011	0.94751	0.99574	0.87624	0.86407	0.89279	0.85362	0.89802	1.0043	0.95845	1.0069	0.99789	0.63678	0.48621	0.97018	1.0235		1.0030	0.98118	1.0077								
2.2244						0.94529	0.99558	0.87729	0.91318	0.90772	0.87440	0.90405	1.0212	0.95453	1.0139	0.98713	0.66848	0.52997	0.95795	0.99892		0.99395	0.96748	0.98899								
2.2497						0.95487	0.99479	0.88307	0.89466	0.93172	0.88799	0.91779	0.98472	0.96683	0.99719	1.0002	0.67009	0.54140	0.99972	1.0229		0.97695	0.96765	1.0045								
2.2750						0.95945		0.87799	0.90605	0.93684	0.89726	0.93232	0.99889	0.97106	0.98391	1.0025	0.68678	0.55280	0.99591	1.0260		0.99910	0.96799	0.99633								
2.3003						0.95123		0.89332	0.89599	0.95160	0.89878	0.93430	0.97366	0.98382	0.99425	1.0170	0.70305	0.56396	0.99742	1.0043		0.98968	0.97159	0.99065								
2.3256						0.95609		0.89722	0.90565	0.95243	0.92556	0.95499		0.98759	1.0006	0.99510	0.72959	0.58239	0.97701	0.99263		0.99901	0.98383	0.99703								
2.3508						0.97067		0.87736	0.89266	0.96092	0.94562	0.95527		0.99552	0.98669	1.0033	0.72456	0.60999	1.0025	1.0136		0.99596	0.97493	0.99922								
2.3761						0.97710		0.90259	0.91365	0.96554	0.93946	0.96583		0.99808		1.0066	0.76870	0.61862	1.0077	0.98990		0.99387	0.97219	0.99791								
2.4014						0.97189		0.90893	0.92318	0.98171	0.96064	0.95832		0.99771		0.98936	0.75438	0.65219	1.0009	0.98907		1.0020	0.98426	0.98786								
2.4267						0.96845		0.90210	0.95630	0.98938	0.95313	0.95407		0.99536			0.78148	0.65253	1.0016	0.99255		1.0050	0.98186	0.99555								
2.4519						0.97632		0.91305	0.92705	0.99548	0.96656	0.98163		0.99355			0.80285	0.67651	1.0104	0.96475		1.0038	0.98597	1.0008								
2.4772						0.95837		0.91095	0.89806	0.99375	0.97175	0.98134		0.99469			0.79314	0.65431	0.98844	0.97914		0.99858	0.98469	0.99729								
2.5025						0.96309		0.90865	0.91945	0.99696	0.97935	0.97787		1.0025			0.80907	0.68315	1.0107	0.97087		0.98985	0.98640	0.99459								
2.5278						0.97918		0.91813	0.94117	0.99828	0.98430	0.98914		1.0010			0.83994	0.70089	0.99210	0.97898		1.0015	1.0040	1.0045								
2.5531						1.0064		0.93417	0.93798	1.0082	0.99301	0.98928		1.0035			0.82331	0.71576	1.0433	0.97948		0.99169	0.98862	0.98436								
2.5783						0.98475		0.91332	0.96063	0.99202	1.0018	0.99785		1.0052			0.84043	0.72000	0.98884	0.95954		0.99169	1.0039	0.98261								
2.6036						0.99362		0.92350	0.96203	1.0060	0.99637	0.98900		1.0006			0.83770	0.75850	1.0176	0.95871		0.98715	0.99633	1.0063								
2.6289						0.98818		0.92943	0.95357	1.0011	1.0067	0.98971		1.0054			0.86522	0.75521	1.0029	0.95681		0.98828	1.0034	1.0004								
2.6542						0.98968		0.93626	0.94484	1.0141	1.0016	0.99537		1.0004			0.85174	0.76357	0.99527	0.96020		1.0013	1.0114	0.98497								
2.6794						0.99004		0.92859	0.94104	0.99375	0.99853	0.99743		0.99325			0.85712	0.77481	1.0008	0.95987		0.98793	0.99873	0.98891								
2.7047						0.98747		0.94971	0.98003	0.99556	1.0027	0.99637					0.89001	0.75295	0.99900	0.95416		0.99683	0.99607	1.0004								
2.7300						1.0025		0.94825	0.95250	0.98674	1.0011	1.0029					0.89218	0.75823	0.97923	0.96285		0.99578	1.0090	0.99118								
2.7553						1.0081		0.94950	0.97696	1.0002	0.99245	0.99750					0.89902	0.79022	0.97391	0.94961		0.99081	0.99291	0.99511								
2.7806						1.0008		0.94518	0.96537	1.0024	1.0057	0.99289					0.93338	0.79186	1.0021	0.97724		1.0127	1.0041	1.0041								
2.8058						1.0106		0.94671	0.94917			0.99814					0.91431	0.79919	0.97153	0.95904		0.99081	1.0113	1.0033								
2.8311						0.98954		0.95340	0.96303			0.99474					0.89888	0.82049	0.96891	0.96450		1.0048	1.0103	1.0080								
2.8564						1.0081		0.95515	0.94950			1.0070					0.91627	0.82522	0.99122	0.96111		1.0002	1.0029	1.0063								
2.8817						1.0133		0.95633	0.96590			1.0018					0.91990	0.84385	0.98225	0.95672		1.0032	1.0094	1.0120								
2.9069								0.95919	0.97816			1.0025					0.93610	0.82180	0.97359	0.96814		0.99177	0.99950	1.0047								
2.9322								0.96825	0.95424			1.0005					0.93813	0.83735	0.98408	0.96789		0.98366	1.0068	1.0008								
2.9575								0.96302	0.98409			1.0045					0.94847	0.84913	0.97256	0.97046		1.0008	1.0051	1.0180								
2.9828								0.96240	0.96330			0.99644					0.92689	0.82947	0.95509	0.97625		1.0009	1.0158	1.0105								
3.0081								0.96651	0.96763			1.0016					0.92989	0.84365	0.96653	0.97261		0.99491	1.0159	1.0014								
3.0333								0.96198	0.97370								0.92668	0.85564	0.98701	0.96963		1.0004	1.0213	1.0096								
3.0586								0.96839	0.98796								0.94148	0.85454	0.97328	0.97633		1.0255	1.0022	0.99895								
3.0839								0.98163	0.99669								0.94819	0.85858	0.98566	0.97319		1.0048	1.0207	1.0105								
3.1092								0.96177	0.97676								0.96271	0.87393	0.96176	0.97807		0.99866										
3.1344								0.96881	0.99436								0.95356	0.87187	0.97407	0.96980		0.99413										
3.1597								0.98867	0.99562								0.95741	0.87886	0.96470	0.98030		1.0064										
3.1850								0.98038	0.98063								0.97137	0.87769	0.95922	0.97592		1.0022										
3.2103								0.97696	0.99136								0.96977	0.87899	0.97693	0.98163		1.0097										
3.2356								0.97529	1.0073								0.99051	0.89228	0.96224	0.99031		1.0113										
3.2608								0.97048	0.99216								0.97480	0.89420	0.96327	0.98353		1.0001										
3.2861								0.96755	0.97263								0.98164	0.89598	0.95612	0.98403		1.0114										
3.3114								0.99160	0.99742								0.99889	0.91968	0.96430	0.97848		1.0119										
3.3367								0.98296	0.99722								0.99847	0.90249	0.96287	0.97766												
3.3619								0.98554	0.99136								0.98799	0.90427	0.97542	0.99520												
3.3872								0.98756	0.98303								0.99777	0.91975	0.98924	0.97302												
3.4125								0.99223	1.0011								0.98471	0.94167	0.96105	0.98626												
3.4378								0.97557	1.0122								1.0020	0.92304	0.96573	0.99238												
3.4631								0.99627	1.0066								0.97228	0.91674	0.96986	0.98858												
3.4883								0.99083	0.99729								0.99386	0.92352	0.97939	0.99726												
3.5136								0.99341	1.0226								0.99652	0.91982	0.99218	0.99114												
3.5389								0.97766	0.98463								1.0106	0.92455	0.99011	0.99793												
3.5642								0.98602	1.0020								0.98974	0.93016	0.98614	0.99073												
3.5894								0.99808	0.99029								0.98716	0.93647	0.99067	0.98163												
3.6147								0.99794	1.0003								0.96795	0.92866	0.98360	0.99462												
3.6400								0.99146									1.0010	0.92044	0.99392	0.99065												
3.6653								0.98805									1.0015	0.93112	0.99376	0.98477												
3.6906								0.97424									0.98911	0.96202	0.98693	0.99205												
3.7158								1.0012									0.99149	0.94016	0.99392	0.99238												
3.7411								0.99244									0.98953	0.93188	0.98971	0.99015												
3.7664								0.99627									1.0066	0.93907	0.99067	0.98916												
3.7917								1.0007									1.0061	0.93325	0.98948	0.99776												
3.8169								0.99962									0.99093	0.95037	0.98519	1.0033												
3.8422								0.99599									1.0009	0.95428	1.0066	0.99834												
3.8675								1.0087									1.0110	0.92873	1.0020	0.99859												
3.8928								1.0092									1.0168	0.94359	0.98900	1.0140												
3.9181								0.99634									1.0166	0.95777	1.0018	1.0048												
3.9433								0.99955									1.0006	0.95476	0.99773	1.0038												
3.9686																	1.0139	0.96085	0.99495	1.0039												
3.9939																	1.0119	0.96935	1.0074	0.99495												
4.0192																		0.95366	1.0085	1.0042												
4.0444																		0.93701	1.0097	0.99950												
4.0697																		0.95928	1.0059	0.99817												
4.0950																		0.94592	0.99869	1.0121												
4.1203																		0.94359	1.0173	1.0043												
4.1456																		0.96976	1.0069	1.0009												
4.1708																		0.95695	1.0093	1.0059												
4.1961																		0.95537	1.0090	1.0034												
4.2214																		0.96373	1.0108	1.0150												
4.2467																		0.96030	1.0114	1.0095												
4.2719																		0.96620	1.0166	1.0140												
4.2972																		0.97168	1.0123	1.0076												
4.3225																		0.97024														
4.3478																		0.99983														
4.3731																		0.95325														
4.3983																		0.98353														
4.4236																		0.98346														
4.4489																		0.98394														
4.4742																		0.97983														
4.4994																		0.96530														
4.5247																		0.97106														
4.5500																		0.97270														
4.5753																		0.96558														
4.6006																		0.97681														
4.6258																		0.97777														
4.6511																		0.99353														
4.6764																		1.0055														
4.7017																		0.99188														
4.7269																		0.97674														
4.7522																		1.0078														
4.7775																		0.98462														
4.8028																		0.98688														
4.8281																		0.99113														
4.8533																		0.99681														
4.8786																		1.0126														
4.9039																		0.98757														
4.9292																		1.0048														
4.9544																		0.98695														
4.9797																		1.0082														
5.0050																		0.99914														
5.0303																		1.0233														
5.0556																		0.99983														
5.0808																		1.0007														
5.1061																		1.0094														
0.0000																									0.0000	0.0000	0.0000	0.0000	0.0000	0.0000	0.0000	0.0000
0.026241																									4.2782e-07	4.2757e-07	4.2691e-07	4.2658e-07	4.2697e-07	4.2637e-07	4.2698e-07	4.2737e-07
0.052481																									1.7378e-06	1.7338e-06	1.7231e-06	1.7178e-06	1.7240e-06	1.7144e-06	1.7243e-06	1.7306e-06
0.078722																									4.0113e-06	3.9907e-06	3.9354e-06	3.9085e-06	3.9402e-06	3.8910e-06	3.9414e-06	3.9741e-06
0.10496																									7.3894e-06	7.3226e-06	7.1441e-06	7.0578e-06	7.1595e-06	7.0018e-06	7.1633e-06	7.2685e-06
0.13120																									1.2082e-05	1.1913e-05	1.1465e-05	1.1251e-05	1.1504e-05	1.1112e-05	1.1513e-05	1.1777e-05
0.15744																									1.8379e-05	1.8014e-05	1.7055e-05	1.6600e-05	1.7137e-05	1.6307e-05	1.7158e-05	1.7721e-05
0.18368																									2.6673e-05	2.5963e-05	2.4116e-05	2.3250e-05	2.4273e-05	2.2696e-05	2.4312e-05	2.5396e-05
0.20993																									3.7478e-05	3.6196e-05	3.2904e-05	3.1380e-05	3.3181e-05	3.0414e-05	3.3251e-05	3.5180e-05
0.23617																									5.1463e-05	4.9278e-05	4.3737e-05	4.1209e-05	4.4198e-05	3.9620e-05	4.4315e-05	4.7556e-05
0.26241																									6.9498e-05	6.5928e-05	5.7008e-05	5.3003e-05	5.7742e-05	5.0508e-05	5.7928e-05	6.3135e-05
0.28865																									9.2700e-05	8.7064e-05	7.3195e-05	6.7079e-05	7.4325e-05	6.3306e-05	7.4611e-05	8.2687e-05
0.31489																									0.00012251	0.00011385	9.2886e-05	8.3816e-05	9.4573e-05	7.8282e-05	9.5002e-05	0.00010718
0.34113																									0.00016077	0.00014775	0.00011679	0.00010367	0.00011925	9.5748e-05	0.00011988	0.00013781
0.36737																									0.00020986	0.00019065	0.00014578	0.00012716	0.00014930	0.00011607	0.00015019	0.00017611
0.39361																									0.00027282	0.00024489	0.00018089	0.00015494	0.00018584	0.00013967	0.00018711	0.00022395
0.41985																									0.00035355	0.00031346	0.00022341	0.00018775	0.00023027	0.00016705	0.00023203	0.00028370
0.44609																									0.00045704	0.00040012	0.00027486	0.00022647	0.00028426	0.00019878	0.00028667	0.00035830
0.47233																									0.00058969	0.00050964	0.00033710	0.00027215	0.00034985	0.00023552	0.00035312	0.00045142
0.49857																									0.00075971	0.00064802	0.00041238	0.00032601	0.00042951	0.00027803	0.00043391	0.00056766
0.52481																									0.00097758	0.00082285	0.00050343	0.00038950	0.00052625	0.00032721	0.00053212	0.00071273
0.55105																									0.0012567	0.0010437	0.00061351	0.00046434	0.00064372	0.00038409	0.00065151	0.00089375
0.57730																									0.0016143	0.0013226	0.00074661	0.00055252	0.00078633	0.00044984	0.00079660	0.0011196
0.60354																									0.0020723	0.0016749	0.00090751	0.00065643	0.00095947	0.00052585	0.00097293	0.0014014
0.62978																									0.0026586	0.0021196	0.0011020	0.00077885	0.0011696	0.00061369	0.0011872	0.0017528
0.65602																									0.0034089	0.0026808	0.0013371	0.00092305	0.0014247	0.00071520	0.0014475	0.0021910
0.68226																									0.0043687	0.0033889	0.0016211	0.0010929	0.0017342	0.00083249	0.0017637	0.0027374
0.70850																									0.0055955	0.0042819	0.0019643	0.0012930	0.0021097	0.00096800	0.0021477	0.0034183
0.73474																									0.0071623	0.0054074	0.0023789	0.0015286	0.0025652	0.0011245	0.0026140	0.0042665
0.76098																									0.0091613	0.0068248	0.0028797	0.0018060	0.0031177	0.0013054	0.0031802	0.0053225
0.78722																									0.011708	0.0086084	0.0034843	0.0021326	0.0037874	0.0015142	0.0038672	0.0066366
0.81346																									0.014948	0.010850	0.0042141	0.0025170	0.0045991	0.0017555	0.0047007	0.0082703
0.83970																									0.019059	0.013664	0.0050947	0.0029695	0.0055825	0.0020340	0.0057113	0.010299
0.86594																									0.024261	0.017188	0.0061568	0.0035020	0.0067730	0.0023556	0.0069362	0.012817
0.89218																									0.030823	0.021594	0.0074370	0.0041284	0.0082137	0.0027269	0.0084198	0.015935
0.91842																									0.039061	0.027086	0.0089790	0.0048651	0.0099555	0.0031556	0.010215	0.019790
0.94467																									0.049349	0.033907	0.010835	0.0057312	0.012060	0.0036502	0.012386	0.024544
0.97091																									0.062108	0.042345	0.013067	0.0067491	0.014598	0.0042210	0.015007	0.030392
0.99715																									0.077802	0.052726	0.015748	0.0079449	0.017658	0.0048795	0.018169	0.037559
1.0234																									0.096910	0.065416	0.018963	0.0093488	0.021339	0.0056389	0.021975	0.046307
1.0496																									0.11989	0.080808	0.022812	0.010996	0.025758	0.0065145	0.026548	0.056927
1.0759																									0.14714	0.099303	0.027413	0.012927	0.031052	0.0075237	0.032030	0.069742
1.1021																									0.17892	0.12128	0.032899	0.015190	0.037377	0.0086864	0.038581	0.085091
1.1284																									0.21527	0.14707	0.039420	0.017838	0.044909	0.010025	0.046385	0.10331
1.1546																									0.25601	0.17688	0.047148	0.020933	0.053842	0.011566	0.055642	0.12472
1.1808																									0.30063	0.21076	0.056270	0.024546	0.064389	0.013339	0.066572	0.14958
1.2071																									0.34836	0.24856	0.066988	0.028756	0.076776	0.015377	0.079405	0.17807
1.2333																									0.39820	0.28992	0.079516	0.033655	0.091231	0.017717	0.094375	0.21020
1.2596																									0.44900	0.33422	0.094067	0.039340	0.10798	0.020403	0.11171	0.24587
1.2858																									0.49961	0.38066	0.11085	0.045924	0.12723	0.023481	0.13160	0.28475
1.3120																									0.54897	0.42832	0.13005	0.053525	0.14914	0.027006	0.15422	0.32634
1.3383																									0.59618	0.47623	0.15182	0.062272	0.17383	0.031036	0.17966	0.37000
1.3645																									0.64057	0.52345	0.17626	0.072301	0.20133	0.035636	0.20793	0.41495
1.3908																									0.68168	0.56914	0.20338	0.083749	0.23158	0.040879	0.23895	0.46037
1.4170																									0.71928	0.61265	0.23312	0.096755	0.26440	0.046841	0.27253	0.50543
1.4432																									0.75331	0.65348	0.26532	0.11145	0.29953	0.053606	0.30835	0.54939
1.4695																									0.78384	0.69133	0.29972	0.12795	0.33657	0.061262	0.34599	0.59164
1.4957																									0.81104	0.72602	0.33595	0.14636	0.37506	0.069902	0.38498	0.63168
1.5220																									0.83512	0.75755	0.37357	0.16675	0.41447	0.079620	0.42475	0.66916
1.5482																									0.85635	0.78598	0.41209	0.18914	0.45425	0.090511	0.46473	0.70389
1.5744																									0.87500	0.81147	0.45098	0.21352	0.49383	0.10267	0.50439	0.73578
1.6007																									0.89133	0.83420	0.48974	0.23982	0.53271	0.11618	0.54321	0.76484
1.6269																									0.90560	0.85438	0.52788	0.26792	0.57045	0.13112	0.58076	0.79114
1.6532																									0.91804	0.87225	0.56497	0.29763	0.60666	0.14755	0.61668	0.81483
1.6794																									0.92887	0.88802	0.60065	0.32873	0.64107	0.16551	0.65071	0.83607
1.7056																									0.93830	0.90191	0.63464	0.36094	0.67347	0.18504	0.68267	0.85505
1.7319																									0.94649	0.91413	0.66674	0.39395	0.70374	0.20612	0.71245	0.87196
1.7581																									0.95361	0.92486	0.69683	0.42742	0.73183	0.22870	0.74003	0.88698
1.7844																									0.95978	0.93427	0.72483	0.46102	0.75775	0.25274	0.76541	0.90030
1.8106																									0.96514	0.94252	0.75075	0.49442	0.78153	0.27811	0.78867	0.91210
1.8368																									0.96979	0.94975	0.77461	0.52731	0.80327	0.30467	0.80988	0.92253
1.8631																									0.97382	0.95607	0.79649	0.55943	0.82306	0.33227	0.82916	0.93175
1.8893																									0.97731	0.96161	0.81647	0.59053	0.84102	0.36070	0.84664	0.93989
1.9156																									0.98034	0.96645	0.83466	0.62042	0.85729	0.38976	0.86245	0.94707
1.9418																									0.98297	0.97068	0.85118	0.64896	0.87198	0.41920	0.87671	0.95340
1.9681																									0.98524	0.97438	0.86615	0.67605	0.88523	0.44881	0.88956	0.95898
1.9943																									0.98721	0.97762	0.87969	0.70161	0.89716	0.47836	0.90111	0.96389
2.0205																									0.98892	0.98044	0.89191	0.72561	0.90789	0.50762	0.91149	0.96822
2.0468																									0.99040	0.98291	0.90294	0.74806	0.91752	0.53641	0.92081	0.97203
2.0730																									0.99168	0.98507	0.91287	0.76897	0.92617	0.56453	0.92916	0.97539
2.0993																									0.99280	0.98696	0.92181	0.78839	0.93393	0.59184	0.93665	0.97834
2.1255																									0.99376	0.98861	0.92985	0.80636	0.94089	0.61820	0.94336	0.98094
2.1517																									0.99459	0.99005	0.93707	0.82296	0.94712	0.64353	0.94936	0.98323
2.1780																									0.99531	0.99131	0.94356	0.83825	0.95270	0.66773	0.95473	0.98525
2.2042																									0.99594	0.99241	0.94939	0.85232	0.95770	0.69076	0.95954	0.98702
2.2305																									0.99648	0.99337	0.95463	0.86524	0.96217	0.71259	0.96384	0.98858
2.2567																									0.99695	0.99420	0.95932	0.87708	0.96617	0.73321	0.96769	0.98995
2.2829																									0.99736	0.99494	0.96353	0.88793	0.96975	0.75262	0.97113	0.99116
2.3092																									0.99771	0.99558	0.96731	0.89786	0.97295	0.77084	0.97420	0.99222
2.3354																									0.99802	0.99614	0.97070	0.90693	0.97582	0.78791	0.97695	0.99316
2.3617																									0.99828	0.99663	0.97374	0.91522	0.97838	0.80386	0.97940	0.99398
2.3879																									0.99851	0.99705	0.97646	0.92279	0.98067	0.81872	0.98160	0.99470
2.4141																									0.99871	0.99742	0.97891	0.92970	0.98272	0.83257	0.98356	0.99534
2.4404																									0.99888	0.99775	0.98110	0.93599	0.98455	0.84543	0.98531	0.99590
2.4666																									0.99903	0.99803	0.98306	0.94174	0.98619	0.85737	0.98687	0.99639
2.4929																									0.99916	0.99828	0.98482	0.94697	0.98765	0.86845	0.98827	0.99683
2.5191																									0.99927	0.99850	0.98639	0.95173	0.98896	0.87870	0.98952	0.99721
2.5453																									0.99937	0.99869	0.98781	0.95608	0.99013	0.88819	0.99064	0.99754
2.5716																									0.99946	0.99886	0.98907	0.96003	0.99118	0.89697	0.99164	0.99784
2.5978																									0.99953	0.99900	0.99021	0.96363	0.99212	0.90507	0.99253	0.99810
2.6241																									0.99959	0.99913	0.99123	0.96691	0.99295	0.91256	0.99333	0.99833
2.6503																									0.99965	0.99924	0.99214	0.96989	0.99370	0.91947	0.99404	0.99853
2.6766																									0.99969	0.99933	0.99295	0.97261	0.99437	0.92585	0.99467	0.99870
2.7028																									0.99973	0.99942	0.99369	0.97508	0.99497	0.93173	0.99524	0.99886
2.7290																									0.99977	0.99949	0.99434	0.97733	0.99550	0.93715	0.99575	0.99900
2.7553																									0.99980	0.99956	0.99493	0.97937	0.99598	0.94215	0.99620	0.99912
2.7815																									0.99983	0.99961	0.99546	0.98124	0.99640	0.94675	0.99661	0.99922
2.8078																									0.99985	0.99966	0.99593	0.98293	0.99679	0.95099	0.99697	0.99932
2.8340																									0.99987	0.99970	0.99635	0.98447	0.99713	0.95490	0.99729	0.99940
2.8602																									0.99989	0.99974	0.99673	0.98587	0.99743	0.95849	0.99758	0.99947
2.8865																									0.99990	0.99977	0.99707	0.98715	0.99770	0.96181	0.99784	0.99954
2.9127																									0.99992	0.99980	0.99737	0.98831	0.99795	0.96486	0.99807	0.99959
2.9390																									0.99993	0.99983	0.99765	0.98937	0.99817	0.96766	0.99828	0.99964
2.9652																									0.99994	0.99985	0.99789	0.99033	0.99836	0.97025	0.99846	0.99968
2.9914																									0.99995	0.99987	0.99811	0.99120	0.99853	0.97263	0.99862	0.99972
3.0177																									0.99995	0.99989	0.99831	0.99200	0.99869	0.97481	0.99877	0.99975
3.0439																									0.99996	0.99990	0.99848	0.99272	0.99883	0.97683	0.99890	0.99978
3.0702																									0.99996	0.99991	0.99864	0.99338	0.99895	0.97868	0.99902	0.99981
3.0964																									0.99997	0.99992	0.99878	0.99398	0.99906	0.98039	0.99912	0.99983
3.1226																									0.99997	0.99993	0.99891	0.99452	0.99916	0.98196	0.99922	0.99985
3.1489																									0.99998	0.99994	0.99902	0.99502	0.99925	0.98340	0.99930	0.99987
3.1751																									0.99998	0.99995	0.99912	0.99547	0.99933	0.98473	0.99937	0.99989
3.2014																									0.99998	0.99996	0.99921	0.99588	0.99940	0.98595	0.99944	0.99990
3.2276																									0.99998	0.99996	0.99930	0.99625	0.99947	0.98708	0.99950	0.99991
3.2538																									0.99999	0.99997	0.99937	0.99659	0.99952	0.98811	0.99955	0.99992
3.2801																									0.99999	0.99997	0.99943	0.99690	0.99957	0.98906	0.99960	0.99993
3.3063																									0.99999	0.99997	0.99949	0.99718	0.99962	0.98994	0.99964	0.99994
3.3326																									0.99999	0.99998	0.99955	0.99743	0.99966	0.99074	0.99968	0.99995
3.3588																									0.99999	0.99998	0.99959	0.99766	0.99970	0.99148	0.99972	0.99995
3.3851																									0.99999	0.99998	0.99964	0.99787	0.99973	0.99217	0.99975	0.99996
3.4113																									0.99999	0.99998	0.99967	0.99807	0.99976	0.99279	0.99977	0.99996
3.4375																									1.00000	0.99999	0.99971	0.99824	0.99978	0.99337	0.99980	0.99997
3.4638																									1.00000	0.99999	0.99974	0.99840	0.99981	0.99390	0.99982	0.99997
3.4900																									1.00000	0.99999	0.99977	0.99855	0.99983	0.99439	0.99984	0.99998
3.5163																									1.00000	0.99999	0.99979	0.99868	0.99984	0.99484	0.99986	0.99998
3.5425																									1.00000	0.99999	0.99981	0.99880	0.99986	0.99525	0.99987	0.99998
3.5687																									1.00000	0.99999	0.99983	0.99891	0.99988	0.99563	0.99988	0.99998
3.5950																									1.00000	0.99999	0.99985	0.99900	0.99989	0.99598	0.99990	0.99999
3.6212																									1.00000	0.99999	0.99986	0.99909	0.99990	0.99630	0.99991	0.99999
3.6475																									1.00000	1.00000	0.99988	0.99918	0.99991	0.99660	0.99992	0.99999
3.6737																									1.00000	1.00000	0.99989	0.99925	0.99992	0.99687	0.99993	0.99999
3.6999																									1.00000	1.00000	0.99990	0.99932	0.99993	0.99712	0.99993	0.99999
3.7262																									1.00000	1.00000	0.99991	0.99938	0.99994	0.99735	0.99994	0.99999
3.7524																									1.00000	1.00000	0.99992	0.99944	0.99994	0.99757	0.99995	0.99999
3.7787																									1.00000	1.00000	0.99993	0.99949	0.99995	0.99776	0.99995	0.99999
3.8049																									1.00000	1.00000	0.99994	0.99953	0.99995	0.99794	0.99996	0.99999
3.8311																									1.00000	1.00000	0.99994	0.99958	0.99996	0.99810	0.99996	1.00000
3.8574																									1.00000	1.00000	0.99995	0.99961	0.99996	0.99826	0.99997	1.00000
3.8836																									1.00000	1.00000	0.99995	0.99965	0.99997	0.99840	0.99997	1.00000
3.9099																									1.00000	1.00000	0.99996	0.99968	0.99997	0.99852	0.99997	1.00000
3.9361																									1.00000	1.00000	0.99996	0.99971	0.99997	0.99864	0.99998	1.00000
3.9623																									1.00000	1.00000	0.99997	0.99974	0.99998	0.99875	0.99998	1.00000
3.9886																									1.00000	1.00000	0.99997	0.99976	0.99998	0.99885	0.99998	1.00000
4.0148																									1.00000	1.00000	0.99997	0.99978	0.99998	0.99894	0.99998	1.00000
4.0411																									1.00000	1.00000	0.99998	0.99980	0.99998	0.99903	0.99998	1.00000
4.0673																									1.00000	1.00000	0.99998	0.99982	0.99999	0.99911	0.99999	1.00000
4.0935																									1.00000	1.00000	0.99998	0.99984	0.99999	0.99918	0.99999	1.00000
4.1198																									1.00000	1.00000	0.99998	0.99985	0.99999	0.99924	0.99999	1.00000
4.1460																									1.00000	1.00000	0.99998	0.99986	0.99999	0.99930	0.99999	1.00000
4.1723																									1.00000	1.00000	0.99999	0.99988	0.99999	0.99936	0.99999	1.00000
4.1985																									1.00000	1.00000	0.99999	0.99989	0.99999	0.99941	0.99999	1.00000
4.2248																									1.00000	1.00000	0.99999	0.99990	0.99999	0.99946	0.99999	1.00000
4.2510																									1.00000	1.00000	0.99999	0.99991	0.99999	0.99950	0.99999	1.00000
4.2772																									1.00000	1.00000	0.99999	0.99992	0.99999	0.99954	0.99999	1.00000
4.3035																									1.00000	1.00000	0.99999	0.99992	0.99999	0.99958	1.00000	1.00000
4.3297																									1.00000	1.00000	0.99999	0.99993	1.00000	0.99961	1.00000	1.00000
4.3560																									1.00000	1.00000	0.99999	0.99994	1.00000	0.99964	1.00000	1.00000
4.3822																									1.00000	1.00000	0.99999	0.99994	1.00000	0.99967	1.00000	1.00000
4.4084																									1.00000	1.00000	0.99999	0.99995	1.00000	0.99970	1.00000	1.00000
4.4347																									1.00000	1.00000	1.00000	0.99995	1.00000	0.99972	1.00000	1.00000
4.4609																									1.00000	1.00000	1.00000	0.99996	1.00000	0.99974	1.00000	1.00000
4.4872																									1.00000	1.00000	1.00000	0.99996	1.00000	0.99976	1.00000	1.00000
4.5134																									1.00000	1.00000	1.00000	0.99996	1.00000	0.99978	1.00000	1.00000
4.5396																									1.00000	1.00000	1.00000	0.99997	1.00000	0.99980	1.00000	1.00000
4.5659																									1.00000	1.00000	1.00000	0.99997	1.00000	0.99982	1.00000	1.00000
4.5921																									1.00000	1.00000	1.00000	0.99997	1.00000	0.99983	1.00000	1.00000
4.6184																									1.00000	1.00000	1.00000	0.99998	1.00000	0.99985	1.00000	1.00000
4.6446																									1.00000	1.00000	1.00000	0.99998	1.00000	0.99986	1.00000	1.00000
4.6708																									1.00000	1.00000	1.00000	0.99998	1.00000	0.99987	1.00000	1.00000
4.6971																									1.00000	1.00000	1.00000	0.99998	1.00000	0.99988	1.00000	1.00000
4.7233																									1.00000	1.00000	1.00000	0.99998	1.00000	0.99989	1.00000	1.00000
4.7496																									1.00000	1.00000	1.00000	0.99998	1.00000	0.99990	1.00000	1.00000
4.7758																									1.00000	1.00000	1.00000	0.99999	1.00000	0.99991	1.00000	1.00000
4.8020																									1.00000	1.00000	1.00000	0.99999	1.00000	0.99991	1.00000	1.00000
4.8283																									1.00000	1.00000	1.00000	0.99999	1.00000	0.99992	1.00000	1.00000
4.8545																									1.00000	1.00000	1.00000	0.99999	1.00000	0.99993	1.00000	1.00000
4.8808																									1.00000	1.00000	1.00000	0.99999	1.00000	0.99993	1.00000	1.00000
4.9070																									1.00000	1.00000	1.00000	0.99999	1.00000	0.99994	1.00000	1.00000
4.9333																									1.00000	1.00000	1.00000	0.99999	1.00000	0.99994	1.00000	1.00000
4.9595																									1.00000	1.00000	1.00000	0.99999	1.00000	0.99995	1.00000	1.00000
4.9857																									1.00000	1.00000	1.00000	0.99999	1.00000	0.99995	1.00000	1.00000
5.0120																									1.00000	1.00000	1.00000	0.99999	1.00000	0.99996	1.00000	1.00000
5.0382																									1.00000	1.00000	1.00000	0.99999	1.00000	0.99996	1.00000	1.00000
5.0645																									1.00000	1.00000	1.00000	1.00000	1.00000	0.99996	1.00000	1.00000
5.0907																									1.00000	1.00000	1.00000	1.00000	1.00000	0.99997	1.00000	1.00000
5.1169																									1.00000	1.00000	1.00000	1.00000	1.00000	0.99997	1.00000	1.00000
5.1432																									1.00000	1.00000	1.00000	1.00000	1.00000	0.99997	1.00000	1.00000
5.1694																									1.00000	1.00000	1.00000	1.00000	1.00000	0.99997	1.00000	1.00000
5.1957																									1.00000	1.00000	1.00000	1.00000	1.00000	0.99998	1.00000	1.00000
5.2219																									1.00000	1.00000	1.00000	1.00000	1.00000	0.99998	1.00000	1.00000
