TITLE	01_water
DATA TYPE	
ORIGIN	JASCO
OWNER	
DATE	25/07/17
TIME	13:13:58
SPECTROMETER/DATA SYSTEM	JASCO Corp., J-715, Rev. 1.00
RESOLUTION	
DELTAX	-0.1
XUNITS	NANOMETERS
YUNITS	CD[mdeg]
Y2UNITS	HT[V]
FIRSTX	260.0000
LASTX	185.0000
NPOINTS	751
FIRSTY	0.14735
MAXY	0.23146
MINY	-0.40408
XYDATA
260.0000	0.14735	253.993
259.9000	0.1342	254.02
259.8000	0.145931	254.055
259.7000	0.154857	254.101
259.6000	0.152457	254.163
259.5000	0.172243	254.232
259.4000	0.171844	254.307
259.3000	0.182715	254.379
259.2000	0.212492	254.446
259.1000	0.214227	254.517
259.0000	0.200173	254.591
258.9000	0.205944	254.661
258.8000	0.194953	254.731
258.7000	0.193947	254.804
258.6000	0.18085	254.88
258.5000	0.188509	254.954
258.4000	0.168271	255.027
258.3000	0.175066	255.094
258.2000	0.146298	255.161
258.1000	0.143125	255.236
258.0000	0.161975	255.309
257.9000	0.167785	255.378
257.8000	0.150176	255.446
257.7000	0.16683	255.516
257.6000	0.160834	255.587
257.5000	0.174201	255.659
257.4000	0.156355	255.723
257.3000	0.147769	255.788
257.2000	0.154562	255.852
257.1000	0.17798	255.916
257.0000	0.18559	255.981
256.9000	0.200452	256.048
256.8000	0.200615	256.113
256.7000	0.211621	256.18
256.6000	0.176025	256.248
256.5000	0.154798	256.317
256.4000	0.121701	256.384
256.3000	0.107889	256.452
256.2000	0.0753678	256.52
256.1000	0.0741723	256.587
256.0000	0.0470323	256.654
255.9000	0.0582625	256.72
255.8000	0.0770999	256.787
255.7000	0.100672	256.857
255.6000	0.102455	256.924
255.5000	0.145062	256.994
255.4000	0.189805	257.062
255.3000	0.221758	257.13
255.2000	0.221238	257.201
255.1000	0.185571	257.27
255.0000	0.159649	257.338
254.9000	0.13841	257.406
254.8000	0.122612	257.47
254.7000	0.117381	257.535
254.6000	0.121536	257.6
254.5000	0.133199	257.666
254.4000	0.158884	257.733
254.3000	0.196829	257.799
254.2000	0.231455	257.869
254.1000	0.225021	257.94
254.0000	0.190605	258.012
253.9000	0.177783	258.083
253.8000	0.19115	258.155
253.7000	0.205268	258.23
253.6000	0.19629	258.304
253.5000	0.15281	258.376
253.4000	0.140728	258.447
253.3000	0.142613	258.519
253.2000	0.139421	258.591
253.1000	0.113741	258.661
253.0000	0.110909	258.731
252.9000	0.10874	258.801
252.8000	0.124995	258.869
252.7000	0.111771	258.937
252.6000	0.127991	259.011
252.5000	0.148738	259.081
252.4000	0.154969	259.154
252.3000	0.145745	259.229
252.2000	0.172236	259.305
252.1000	0.159292	259.385
252.0000	0.185113	259.465
251.9000	0.166095	259.536
251.8000	0.143864	259.61
251.7000	0.113966	259.682
251.6000	0.114682	259.75
251.5000	0.0789118	259.819
251.4000	0.0880736	259.889
251.3000	0.0723255	259.96
251.2000	0.0866227	260.034
251.1000	0.109696	260.106
251.0000	0.124758	260.181
250.9000	0.114483	260.253
250.8000	0.118411	260.329
250.7000	0.139328	260.406
250.6000	0.16548	260.478
250.5000	0.160229	260.549
250.4000	0.131233	260.622
250.3000	0.14805	260.694
250.2000	0.181296	260.765
250.1000	0.165383	260.833
250.0000	0.13222	260.901
249.9000	0.0928278	260.966
249.8000	0.0937181	261.034
249.7000	0.0941398	261.108
249.6000	0.0749809	261.18
249.5000	0.0616496	261.252
249.4000	0.0968263	261.322
249.3000	0.127798	261.395
249.2000	0.158356	261.473
249.1000	0.171069	261.545
249.0000	0.169055	261.614
248.9000	0.159498	261.685
248.8000	0.160377	261.758
248.7000	0.138057	261.829
248.6000	0.0916464	261.897
248.5000	0.0799639	261.966
248.4000	0.0550635	262.04
248.3000	0.0620462	262.11
248.2000	0.0571604	262.183
248.1000	0.066333	262.253
248.0000	0.059847	262.324
247.9000	0.0498367	262.397
247.8000	0.0547046	262.467
247.7000	0.072592	262.534
247.6000	0.0595619	262.603
247.5000	0.081788	262.669
247.4000	0.0869731	262.739
247.3000	0.126102	262.812
247.2000	0.139675	262.883
247.1000	0.141151	262.958
247.0000	0.151578	263.034
246.9000	0.158526	263.109
246.8000	0.156191	263.186
246.7000	0.14939	263.259
246.6000	0.148049	263.336
246.5000	0.173544	263.411
246.4000	0.189256	263.488
246.3000	0.194441	263.565
246.2000	0.170674	263.639
246.1000	0.147336	263.714
246.0000	0.142027	263.788
245.9000	0.126106	263.862
245.8000	0.113834	263.936
245.7000	0.108648	264.008
245.6000	0.0948464	264.083
245.5000	0.100443	264.156
245.4000	0.0996696	264.231
245.3000	0.0943673	264.306
245.2000	0.0945017	264.379
245.1000	0.0622618	264.452
245.0000	0.0396557	264.523
244.9000	0.0378768	264.594
244.8000	0.0404584	264.667
244.7000	0.0589617	264.738
244.6000	0.0670659	264.816
244.5000	0.050579	264.889
244.4000	0.0854502	264.966
244.3000	0.101891	265.038
244.2000	0.0864923	265.116
244.1000	0.116192	265.191
244.0000	0.108904	265.269
243.9000	0.114449	265.343
243.8000	0.135028	265.418
243.7000	0.096606	265.496
243.6000	0.109417	265.579
243.5000	0.13944	265.66
243.4000	0.116449	265.744
243.3000	0.104881	265.829
243.2000	0.0923206	265.916
243.1000	0.0709275	266.004
243.0000	0.090495	266.09
242.9000	0.0688034	266.177
242.8000	0.0465418	266.267
242.7000	0.0615497	266.356
242.6000	0.0815099	266.443
242.5000	0.087362	266.531
242.4000	0.113681	266.62
242.3000	0.121347	266.717
242.2000	0.140024	266.808
242.1000	0.12863	266.9
242.0000	0.0980934	266.994
241.9000	0.115164	267.091
241.8000	0.115498	267.188
241.7000	0.107165	267.288
241.6000	0.0875955	267.384
241.5000	0.0808423	267.485
241.4000	0.0867012	267.588
241.3000	0.110539	267.691
241.2000	0.0676518	267.789
241.1000	0.0593588	267.895
241.0000	0.0629547	267.996
240.9000	0.0702071	268.098
240.8000	0.0860234	268.199
240.7000	0.0775841	268.304
240.6000	0.0697176	268.409
240.5000	0.103912	268.517
240.4000	0.118061	268.62
240.3000	0.120552	268.728
240.2000	0.114438	268.837
240.1000	0.102732	268.946
240.0000	0.120504	269.056
239.9000	0.123267	269.169
239.8000	0.0821027	269.286
239.7000	0.0640531	269.402
239.6000	0.0569825	269.523
239.5000	0.0652817	269.65
239.4000	0.0845159	269.776
239.3000	0.0874701	269.903
239.2000	0.0964324	270.031
239.1000	0.103602	270.157
239.0000	0.141669	270.284
238.9000	0.143026	270.41
238.8000	0.132961	270.536
238.7000	0.0982741	270.657
238.6000	0.0877298	270.783
238.5000	0.0681487	270.911
238.4000	0.0620365	271.046
238.3000	0.0127636	271.177
238.2000	-0.0132697	271.307
238.1000	-0.0107276	271.442
238.0000	-0.00425552	271.581
237.9000	0.0163359	271.72
237.8000	0.018206	271.856
237.7000	0.01281	271.988
237.6000	0.0445314	272.121
237.5000	0.0754061	272.256
237.4000	0.0978075	272.391
237.3000	0.0906987	272.525
237.2000	0.0559884	272.656
237.1000	0.0462301	272.793
237.0000	0.035285	272.931
236.9000	0.0515292	273.071
236.8000	0.0412568	273.209
236.7000	0.047796	273.343
236.6000	0.0451428	273.484
236.5000	0.0461876	273.622
236.4000	0.0548869	273.757
236.3000	0.0771734	273.892
236.2000	0.0571286	274.027
236.1000	0.0446772	274.164
236.0000	0.0248998	274.302
235.9000	0.0085853	274.434
235.8000	0.0295994	274.57
235.7000	0.0354831	274.709
235.6000	0.0168552	274.848
235.5000	0.0249932	274.985
235.4000	0.0117516	275.115
235.3000	0.0166771	275.248
235.2000	0.0543922	275.383
235.1000	0.0804998	275.521
235.0000	0.078138	275.656
234.9000	0.101123	275.796
234.8000	0.0975698	275.933
234.7000	0.130633	276.075
234.6000	0.144534	276.217
234.5000	0.12468	276.357
234.4000	0.0777962	276.494
234.3000	0.0538088	276.623
234.2000	0.0264111	276.75
234.1000	0.00647555	276.887
234.0000	-0.00791724	277.022
233.9000	-0.00675743	277.159
233.8000	-0.0350061	277.294
233.7000	-0.032073	277.43
233.6000	-0.024454	277.574
233.5000	-0.0190387	277.716
233.4000	-0.0161884	277.855
233.3000	-0.0277492	277.992
233.2000	-0.0262432	278.132
233.1000	-0.0445758	278.27
233.0000	-0.0794567	278.407
232.9000	-0.102495	278.544
232.8000	-0.0837455	278.686
232.7000	-0.0593297	278.83
232.6000	-0.0840182	278.97
232.5000	-0.105085	279.11
232.4000	-0.0783774	279.255
232.3000	-0.0289073	279.4
232.2000	-0.0350309	279.54
232.1000	-0.0507462	279.683
232.0000	-0.0711612	279.826
231.9000	-0.067803	279.968
231.8000	-0.0490328	280.109
231.7000	-0.0621736	280.25
231.6000	-0.0667396	280.391
231.5000	-0.0415708	280.536
231.4000	-0.0735275	280.675
231.3000	-0.0670013	280.816
231.2000	-0.0371392	280.965
231.1000	-0.0234577	281.113
231.0000	-0.0148654	281.264
230.9000	-0.0157217	281.414
230.8000	-0.0482346	281.564
230.7000	-0.0476884	281.716
230.6000	-0.0551979	281.862
230.5000	-0.087512	282.005
230.4000	-0.120425	282.142
230.3000	-0.114157	282.282
230.2000	-0.130878	282.419
230.1000	-0.145646	282.552
230.0000	-0.130127	282.686
229.9000	-0.139258	282.825
229.8000	-0.145201	282.965
229.7000	-0.129846	283.109
229.6000	-0.121198	283.253
229.5000	-0.112984	283.401
229.4000	-0.0731384	283.552
229.3000	-0.120549	283.702
229.2000	-0.108098	283.855
229.1000	-0.0784072	284.006
229.0000	-0.0900035	284.156
228.9000	-0.119682	284.304
228.8000	-0.156115	284.453
228.7000	-0.157772	284.602
228.6000	-0.0998927	284.757
228.5000	-0.0732655	284.914
228.4000	-0.0978788	285.071
228.3000	-0.0744658	285.231
228.2000	-0.0687766	285.392
228.1000	-0.0247141	285.55
228.0000	-0.0236422	285.71
227.9000	-0.0294462	285.863
227.8000	-0.0641068	286.013
227.7000	-0.07922	286.167
227.6000	-0.0945037	286.316
227.5000	-0.113269	286.462
227.4000	-0.162569	286.603
227.3000	-0.179741	286.745
227.2000	-0.204505	286.89
227.1000	-0.185726	287.03
227.0000	-0.172693	287.166
226.9000	-0.206196	287.304
226.8000	-0.167508	287.449
226.7000	-0.148714	287.593
226.6000	-0.159206	287.735
226.5000	-0.160926	287.88
226.4000	-0.194387	288.021
226.3000	-0.192003	288.161
226.2000	-0.134646	288.302
226.1000	-0.105285	288.438
226.0000	-0.141127	288.576
225.9000	-0.137905	288.711
225.8000	-0.135816	288.847
225.7000	-0.127443	288.984
225.6000	-0.130871	289.118
225.5000	-0.208757	289.253
225.4000	-0.209954	289.387
225.3000	-0.182233	289.517
225.2000	-0.146089	289.648
225.1000	-0.130917	289.78
225.0000	-0.15214	289.911
224.9000	-0.152317	290.04
224.8000	-0.109124	290.173
224.7000	-0.124885	290.307
224.6000	-0.128084	290.444
224.5000	-0.148149	290.581
224.4000	-0.155721	290.716
224.3000	-0.172209	290.854
224.2000	-0.187896	290.993
224.1000	-0.210659	291.13
224.0000	-0.239223	291.268
223.9000	-0.302012	291.405
223.8000	-0.32962	291.543
223.7000	-0.351864	291.679
223.6000	-0.32237	291.817
223.5000	-0.290942	291.952
223.4000	-0.325591	292.096
223.3000	-0.301649	292.233
223.2000	-0.249887	292.373
223.1000	-0.227295	292.512
223.0000	-0.210622	292.653
222.9000	-0.221601	292.798
222.8000	-0.228984	292.942
222.7000	-0.226237	293.083
222.6000	-0.24987	293.227
222.5000	-0.288993	293.37
222.4000	-0.256409	293.513
222.3000	-0.255872	293.657
222.2000	-0.250781	293.799
222.1000	-0.254307	293.938
222.0000	-0.221509	294.074
221.9000	-0.176645	294.21
221.8000	-0.190219	294.347
221.7000	-0.214074	294.49
221.6000	-0.225281	294.627
221.5000	-0.213182	294.763
221.4000	-0.231166	294.903
221.3000	-0.230667	295.043
221.2000	-0.269601	295.178
221.1000	-0.256419	295.318
221.0000	-0.272851	295.449
220.9000	-0.274334	295.582
220.8000	-0.285699	295.713
220.7000	-0.285994	295.84
220.6000	-0.263208	295.968
220.5000	-0.24528	296.096
220.4000	-0.233898	296.22
220.3000	-0.260116	296.345
220.2000	-0.254164	296.475
220.1000	-0.258134	296.605
220.0000	-0.267949	296.733
219.9000	-0.306658	296.863
219.8000	-0.300036	296.99
219.7000	-0.30968	297.12
219.6000	-0.279399	297.25
219.5000	-0.282088	297.377
219.4000	-0.255605	297.5
219.3000	-0.247473	297.623
219.2000	-0.246824	297.746
219.1000	-0.243275	297.867
219.0000	-0.208052	297.987
218.9000	-0.230159	298.111
218.8000	-0.258867	298.231
218.7000	-0.275318	298.351
218.6000	-0.258401	298.476
218.5000	-0.240256	298.598
218.4000	-0.228556	298.725
218.3000	-0.238928	298.851
218.2000	-0.243556	298.975
218.1000	-0.210576	299.102
218.0000	-0.215491	299.228
217.9000	-0.237003	299.351
217.8000	-0.261519	299.481
217.7000	-0.279983	299.613
217.6000	-0.26887	299.741
217.5000	-0.24416	299.869
217.4000	-0.199074	300.001
217.3000	-0.168025	300.136
217.2000	-0.153602	300.268
217.1000	-0.131575	300.396
217.0000	-0.11845	300.522
216.9000	-0.126856	300.654
216.8000	-0.158317	300.785
216.7000	-0.175062	300.919
216.6000	-0.23245	301.055
216.5000	-0.267233	301.192
216.4000	-0.306161	301.33
216.3000	-0.330437	301.467
216.2000	-0.364414	301.603
216.1000	-0.348806	301.738
216.0000	-0.357096	301.868
215.9000	-0.305733	301.996
215.8000	-0.266987	302.123
215.7000	-0.255622	302.248
215.6000	-0.244411	302.368
215.5000	-0.210474	302.485
215.4000	-0.226098	302.605
215.3000	-0.262874	302.723
215.2000	-0.312055	302.841
215.1000	-0.315925	302.957
215.0000	-0.276494	303.073
214.9000	-0.309192	303.191
214.8000	-0.323657	303.308
214.7000	-0.282459	303.422
214.6000	-0.227902	303.536
214.5000	-0.186868	303.649
214.4000	-0.186788	303.755
214.3000	-0.219981	303.865
214.2000	-0.201364	303.978
214.1000	-0.207608	304.093
214.0000	-0.211236	304.201
213.9000	-0.226256	304.311
213.8000	-0.24647	304.424
213.7000	-0.231263	304.543
213.6000	-0.256723	304.656
213.5000	-0.272224	304.769
213.4000	-0.22699	304.887
213.3000	-0.242136	305.011
213.2000	-0.225198	305.136
213.1000	-0.217646	305.261
213.0000	-0.211286	305.387
212.9000	-0.158665	305.521
212.8000	-0.148621	305.651
212.7000	-0.203802	305.779
212.6000	-0.190834	305.909
212.5000	-0.221563	306.041
212.4000	-0.205397	306.175
212.3000	-0.185918	306.308
212.2000	-0.159913	306.444
212.1000	-0.154381	306.585
212.0000	-0.160932	306.726
211.9000	-0.144217	306.868
211.8000	-0.117485	307.006
211.7000	-0.126699	307.145
211.6000	-0.143545	307.282
211.5000	-0.169615	307.414
211.4000	-0.164298	307.545
211.3000	-0.178466	307.675
211.2000	-0.208053	307.806
211.1000	-0.205619	307.941
211.0000	-0.230299	308.072
210.9000	-0.256804	308.202
210.8000	-0.244757	308.335
210.7000	-0.271305	308.466
210.6000	-0.237614	308.594
210.5000	-0.257351	308.722
210.4000	-0.245468	308.841
210.3000	-0.226003	308.965
210.2000	-0.203194	309.089
210.1000	-0.203506	309.211
210.0000	-0.170509	309.335
209.9000	-0.177373	309.462
209.8000	-0.146278	309.586
209.7000	-0.184181	309.715
209.6000	-0.196744	309.843
209.5000	-0.164272	309.968
209.4000	-0.153404	310.094
209.3000	-0.119054	310.221
209.2000	-0.152243	310.347
209.1000	-0.145625	310.477
209.0000	-0.13727	310.612
208.9000	-0.142524	310.748
208.8000	-0.172284	310.883
208.7000	-0.200954	311.018
208.6000	-0.218998	311.153
208.5000	-0.195514	311.29
208.4000	-0.216047	311.427
208.3000	-0.175574	311.559
208.2000	-0.17913	311.695
208.1000	-0.187373	311.828
208.0000	-0.201489	311.968
207.9000	-0.236192	312.108
207.8000	-0.274964	312.25
207.7000	-0.28344	312.395
207.6000	-0.322045	312.541
207.5000	-0.306127	312.686
207.4000	-0.271965	312.835
207.3000	-0.293353	312.975
207.2000	-0.294494	313.115
207.1000	-0.255579	313.251
207.0000	-0.228105	313.382
206.9000	-0.25565	313.51
206.8000	-0.253033	313.64
206.7000	-0.263445	313.766
206.6000	-0.210184	313.891
206.5000	-0.217273	314.012
206.4000	-0.299954	314.132
206.3000	-0.305861	314.255
206.2000	-0.209782	314.381
206.1000	-0.242655	314.503
206.0000	-0.203301	314.625
205.9000	-0.185526	314.748
205.8000	-0.131917	314.869
205.7000	-0.082276	314.986
205.6000	-0.0974787	315.101
205.5000	-0.180164	315.21
205.4000	-0.226055	315.32
205.3000	-0.236831	315.432
205.2000	-0.275505	315.538
205.1000	-0.310072	315.652
205.0000	-0.311251	315.764
204.9000	-0.274065	315.873
204.8000	-0.201713	315.987
204.7000	-0.159246	316.101
204.6000	-0.172393	316.211
204.5000	-0.181548	316.326
204.4000	-0.120736	316.435
204.3000	-0.123729	316.551
204.2000	-0.11892	316.666
204.1000	-0.134981	316.778
204.0000	-0.10856	316.889
203.9000	-0.0884888	316.999
203.8000	-0.0387075	317.102
203.7000	-0.0659684	317.21
203.6000	-0.0678937	317.313
203.5000	-0.0854351	317.414
203.4000	-0.100138	317.514
203.3000	-0.0669181	317.619
203.2000	-0.0700675	317.729
203.1000	-0.085288	317.841
203.0000	-0.128692	317.947
202.9000	-0.144341	318.047
202.8000	-0.147248	318.15
202.7000	-0.163791	318.25
202.6000	-0.171451	318.342
202.5000	-0.228277	318.431
202.4000	-0.202858	318.521
202.3000	-0.194579	318.611
202.2000	-0.163908	318.702
202.1000	-0.125599	318.791
202.0000	-0.140656	318.881
201.9000	-0.138015	318.972
201.8000	-0.075795	319.062
201.7000	-0.132943	319.149
201.6000	-0.126783	319.241
201.5000	-0.169622	319.328
201.4000	-0.217123	319.411
201.3000	-0.222669	319.496
201.2000	-0.230766	319.583
201.1000	-0.22407	319.672
201.0000	-0.214936	319.76
200.9000	-0.199475	319.845
200.8000	-0.138273	319.937
200.7000	-0.164062	320.028
200.6000	-0.178008	320.118
200.5000	-0.157222	320.204
200.4000	-0.17033	320.286
200.3000	-0.125399	320.368
200.2000	-0.109889	320.45
200.1000	-0.186605	320.529
200.0000	-0.166616	320.612
199.9000	-0.2053	320.689
199.8000	-0.232356	320.768
199.7000	-0.264518	320.847
199.6000	-0.293406	320.924
199.5000	-0.288483	320.998
199.4000	-0.249201	321.069
199.3000	-0.221941	321.142
199.2000	-0.139311	321.208
199.1000	-0.0983628	321.27
199.0000	-0.100628	321.333
198.9000	-0.0884314	321.393
198.8000	-0.1415	321.449
198.7000	-0.156433	321.502
198.6000	-0.184321	321.553
198.5000	-0.278983	321.606
198.4000	-0.30515	321.663
198.3000	-0.266755	321.714
198.2000	-0.258038	321.766
198.1000	-0.238899	321.816
198.0000	-0.182736	321.863
197.9000	-0.182767	321.916
197.8000	-0.178497	321.967
197.7000	-0.189533	322.014
197.6000	-0.155828	322.063
197.5000	-0.188597	322.113
197.4000	-0.211554	322.164
197.3000	-0.231468	322.217
197.2000	-0.213218	322.265
197.1000	-0.212458	322.311
197.0000	-0.277984	322.358
196.9000	-0.346301	322.406
196.8000	-0.309232	322.453
196.7000	-0.287821	322.501
196.6000	-0.302006	322.546
196.5000	-0.261689	322.589
196.4000	-0.260541	322.635
196.3000	-0.196481	322.675
196.2000	-0.169376	322.715
196.1000	-0.191576	322.748
196.0000	-0.196758	322.777
195.9000	-0.180919	322.803
195.8000	-0.228706	322.828
195.7000	-0.155002	322.851
195.6000	-0.158271	322.872
195.5000	-0.132298	322.89
195.4000	-0.127106	322.913
195.3000	-0.171603	322.942
195.2000	-0.193022	322.983
195.1000	-0.163353	323.034
195.0000	-0.160616	323.091
194.9000	-0.118859	323.159
194.8000	-0.139773	323.242
194.7000	-0.163229	323.331
194.6000	-0.124073	323.427
194.5000	-0.110575	323.521
194.4000	-0.0874934	323.618
194.3000	-0.11871	323.719
194.2000	-0.124031	323.821
194.1000	-0.0871139	323.92
194.0000	-0.0102992	324.022
193.9000	-0.00797684	324.126
193.8000	0.00233054	324.227
193.7000	0.00591924	324.327
193.6000	-0.0143831	324.43
193.5000	-0.0558014	324.533
193.4000	-0.0673895	324.634
193.3000	-0.150889	324.735
193.2000	-0.143282	324.835
193.1000	-0.15917	324.94
193.0000	-0.185597	325.043
192.9000	-0.141692	325.146
192.8000	-0.108463	325.248
192.7000	-0.101161	325.353
192.6000	-0.067686	325.459
192.5000	-0.0763123	325.56
192.4000	-0.0426017	325.658
192.3000	-0.0307716	325.761
192.2000	-0.0867228	325.865
192.1000	-0.0977168	325.97
192.0000	-0.117421	326.075
191.9000	-0.102659	326.177
191.8000	-0.105493	326.293
191.7000	-0.144206	326.409
191.6000	-0.107514	326.525
191.5000	-0.0597484	326.639
191.4000	-0.0437669	326.759
191.3000	-0.062453	326.883
191.2000	-0.159233	327.01
191.1000	-0.173256	327.133
191.0000	-0.118036	327.258
190.9000	-0.149232	327.386
190.8000	-0.191574	327.518
190.7000	-0.265559	327.646
190.6000	-0.273629	327.777
190.5000	-0.284062	327.911
190.4000	-0.263191	328.048
190.3000	-0.342089	328.19
190.2000	-0.40408	328.332
190.1000	-0.384733	328.479
190.0000	-0.296637	328.63
189.9000	-0.310535	328.788
189.8000	-0.260019	328.946
189.7000	-0.252627	329.113
189.6000	-0.18506	329.281
189.5000	-0.141046	329.461
189.4000	-0.118122	329.644
189.3000	-0.120169	329.836
189.2000	-0.041684	330.031
189.1000	-0.0151845	330.233
189.0000	-0.0275334	330.444
188.9000	-0.0755603	330.665
188.8000	-0.0873474	330.889
188.7000	-0.104665	331.122
188.6000	-0.136766	331.364
188.5000	-0.188394	331.615
188.4000	-0.2363	331.871
188.3000	-0.226728	332.13
188.2000	-0.209119	332.401
188.1000	-0.238341	332.686
188.0000	-0.221062	332.979
187.9000	-0.221679	333.281
187.8000	-0.244451	333.599
187.7000	-0.214047	333.931
187.6000	-0.247143	334.28
187.5000	-0.248755	334.64
187.4000	-0.250516	335.018
187.3000	-0.270065	335.421
187.2000	-0.199709	335.847
187.1000	-0.147472	336.295
187.0000	-0.157224	336.766
186.9000	-0.180955	337.262
186.8000	-0.201793	337.778
186.7000	-0.191435	338.318
186.6000	-0.220801	338.88
186.5000	-0.249967	339.464
186.4000	-0.244767	340.07
186.3000	-0.215523	340.701
186.2000	-0.202608	341.359
186.1000	-0.173756	342.052
186.0000	-0.132266	342.783
185.9000	-0.181218	343.55
185.8000	-0.204406	344.358
185.7000	-0.218059	345.211
185.6000	-0.207471	346.117
185.5000	-0.151638	347.076
185.4000	-0.0642339	348.085
185.3000	-0.0387818	349.151
185.2000	0.0335072	350.275
185.1000	0.0676952	351.47
185.0000	0.136875	352.72
