TITLE	06_251002O_4days
DATA TYPE	
ORIGIN	JASCO
OWNER	
DATE	25/10/06
TIME	16:40:43
SPECTROMETER/DATA SYSTEM	JASCO Corp., J-715, Rev. 1.00
RESOLUTION	
DELTAX	-0.1
XUNITS	NANOMETERS
YUNITS	CD[mdeg]
Y2UNITS	HT[V]
FIRSTX	260.0000
LASTX	185.0000
NPOINTS	751
FIRSTY	0.10923
MAXY	2.87077
MINY	-1.75444
XYDATA
260.0000	0.109233	254.925
259.9000	0.098295	254.951
259.8000	0.0953992	254.986
259.7000	0.106084	255.032
259.6000	0.0891152	255.082
259.5000	0.0905082	255.149
259.4000	0.0886733	255.226
259.3000	0.0892445	255.302
259.2000	0.0994508	255.372
259.1000	0.10104	255.446
259.0000	0.119718	255.522
258.9000	0.135091	255.595
258.8000	0.148503	255.665
258.7000	0.142383	255.737
258.6000	0.138052	255.811
258.5000	0.149539	255.884
258.4000	0.150934	255.954
258.3000	0.141546	256.021
258.2000	0.145184	256.093
258.1000	0.158952	256.167
258.0000	0.17925	256.236
257.9000	0.181179	256.304
257.8000	0.145095	256.372
257.7000	0.121774	256.44
257.6000	0.130296	256.506
257.5000	0.112031	256.573
257.4000	0.0936305	256.641
257.3000	0.0899799	256.71
257.2000	0.10256	256.775
257.1000	0.110992	256.842
257.0000	0.143743	256.911
256.9000	0.139059	256.985
256.8000	0.135786	257.054
256.7000	0.152756	257.122
256.6000	0.160326	257.193
256.5000	0.146019	257.264
256.4000	0.160105	257.338
256.3000	0.164143	257.409
256.2000	0.181502	257.48
256.1000	0.185366	257.553
256.0000	0.166776	257.624
255.9000	0.161342	257.695
255.8000	0.149254	257.761
255.7000	0.134692	257.824
255.6000	0.125616	257.887
255.5000	0.0836221	257.952
255.4000	0.062485	258.016
255.3000	0.060151	258.081
255.2000	0.0417608	258.152
255.1000	0.0423933	258.225
255.0000	0.0397484	258.295
254.9000	0.0535615	258.367
254.8000	0.0807179	258.436
254.7000	0.0853884	258.504
254.6000	0.0605437	258.57
254.5000	0.0833263	258.636
254.4000	0.10588	258.707
254.3000	0.131028	258.778
254.2000	0.115342	258.852
254.1000	0.131026	258.924
254.0000	0.148774	258.997
253.9000	0.160222	259.074
253.8000	0.145233	259.148
253.7000	0.129684	259.221
253.6000	0.0978105	259.293
253.5000	0.0718981	259.362
253.4000	0.0611588	259.434
253.3000	0.0563333	259.503
253.2000	0.054732	259.572
253.1000	0.0703938	259.646
253.0000	0.0761241	259.718
252.9000	0.0759872	259.792
252.8000	0.0827675	259.863
252.7000	0.0467665	259.937
252.6000	0.0261796	260.017
252.5000	0.0374792	260.093
252.4000	0.00549605	260.166
252.3000	0.011611	260.246
252.2000	0.0196199	260.325
252.1000	0.0349261	260.406
252.0000	0.0787387	260.483
251.9000	0.116989	260.558
251.8000	0.119446	260.637
251.7000	0.131029	260.711
251.6000	0.140127	260.781
251.5000	0.146473	260.853
251.4000	0.136011	260.923
251.3000	0.112134	260.998
251.2000	0.087826	261.074
251.1000	0.0741365	261.15
251.0000	0.0744618	261.228
250.9000	0.0431937	261.308
250.8000	0.0376912	261.387
250.7000	0.0374061	261.468
250.6000	0.0480319	261.544
250.5000	0.0640718	261.616
250.4000	0.0818841	261.689
250.3000	0.0892997	261.761
250.2000	0.0946452	261.83
250.1000	0.0818225	261.899
250.0000	0.0904565	261.969
249.9000	0.0876529	262.041
249.8000	0.0686189	262.118
249.7000	0.0408197	262.195
249.6000	0.0367184	262.273
249.5000	0.0363104	262.352
249.4000	0.0307995	262.426
249.3000	0.0215918	262.504
249.2000	0.0228976	262.579
249.1000	0.0403754	262.65
249.0000	0.0575942	262.716
248.9000	0.0480985	262.787
248.8000	0.053702	262.864
248.7000	0.0680511	262.939
248.6000	0.0697484	263.007
248.5000	0.0705982	263.079
248.4000	0.0563259	263.156
248.3000	0.0377983	263.233
248.2000	0.029518	263.306
248.1000	0.0589569	263.375
248.0000	0.0901833	263.451
247.9000	0.0888119	263.526
247.8000	0.0819276	263.596
247.7000	0.085301	263.668
247.6000	0.0787171	263.743
247.5000	0.0875264	263.813
247.4000	0.042325	263.891
247.3000	-0.00598232	263.966
247.2000	-0.0115879	264.041
247.1000	-0.0141265	264.121
247.0000	-0.00509371	264.2
246.9000	0.0212041	264.279
246.8000	0.000899037	264.357
246.7000	0.0280256	264.436
246.6000	0.0674886	264.514
246.5000	0.100581	264.599
246.4000	0.123919	264.675
246.3000	0.108479	264.754
246.2000	0.0887208	264.832
246.1000	0.103867	264.911
246.0000	0.099843	264.985
245.9000	0.0614757	265.065
245.8000	0.0546078	265.142
245.7000	0.0375435	265.219
245.6000	0.0253407	265.297
245.5000	0.0545621	265.378
245.4000	0.0622722	265.455
245.3000	0.0479862	265.531
245.2000	0.064873	265.609
245.1000	0.0608678	265.684
245.0000	0.0897487	265.763
244.9000	0.102788	265.838
244.8000	0.0941478	265.919
244.7000	0.0936307	265.999
244.6000	0.105029	266.083
244.5000	0.0875299	266.161
244.4000	0.0616449	266.245
244.3000	0.060347	266.326
244.2000	0.0529105	266.409
244.1000	0.0475928	266.486
244.0000	0.0476646	266.571
243.9000	0.0595428	266.65
243.8000	0.0588683	266.732
243.7000	0.0767445	266.813
243.6000	0.0663474	266.899
243.5000	0.0661055	266.988
243.4000	0.0746409	267.078
243.3000	0.0736704	267.165
243.2000	0.0500133	267.251
243.1000	0.0390259	267.342
243.0000	-0.00821079	267.436
242.9000	-0.0292184	267.524
242.8000	-0.0116693	267.613
242.7000	-0.00634963	267.702
242.6000	0.016851	267.795
242.5000	0.0274072	267.896
242.4000	0.0626209	267.993
242.3000	0.114338	268.089
242.2000	0.132489	268.19
242.1000	0.124655	268.288
242.0000	0.0959309	268.39
241.9000	0.0771649	268.495
241.8000	0.0615994	268.592
241.7000	0.060714	268.694
241.6000	0.0338659	268.797
241.5000	0.0130442	268.901
241.4000	0.0045908	269.012
241.3000	0.00133117	269.12
241.2000	-0.0182311	269.227
241.1000	-0.0120722	269.339
241.0000	-0.0102441	269.449
240.9000	-0.00392174	269.558
240.8000	0.0142289	269.668
240.7000	0.0243828	269.777
240.6000	0.0213042	269.887
240.5000	0.0399644	269.998
240.4000	0.0177187	270.109
240.3000	-0.00626395	270.224
240.2000	0.00535945	270.338
240.1000	0.00174642	270.451
240.0000	-0.0224407	270.569
239.9000	-0.0579201	270.687
239.8000	-0.0847901	270.811
239.7000	-0.0746983	270.936
239.6000	-0.0847471	271.064
239.5000	-0.141455	271.197
239.4000	-0.167332	271.334
239.3000	-0.171829	271.468
239.2000	-0.120005	271.605
239.1000	-0.121988	271.742
239.0000	-0.0998688	271.874
238.9000	-0.103071	272.011
238.8000	-0.071085	272.146
238.7000	-0.0390912	272.278
238.6000	-0.0164263	272.414
238.5000	-0.0428205	272.547
238.4000	-0.0393264	272.68
238.3000	-0.0816474	272.817
238.2000	-0.0754572	272.958
238.1000	-0.0778084	273.095
238.0000	-0.109076	273.238
237.9000	-0.116409	273.375
237.8000	-0.129249	273.517
237.7000	-0.109837	273.66
237.6000	-0.103345	273.804
237.5000	-0.10334	273.943
237.4000	-0.10291	274.092
237.3000	-0.0994248	274.236
237.2000	-0.132613	274.382
237.1000	-0.150859	274.527
237.0000	-0.163011	274.671
236.9000	-0.166651	274.819
236.8000	-0.179875	274.968
236.7000	-0.197237	275.113
236.6000	-0.184487	275.262
236.5000	-0.158261	275.412
236.4000	-0.144105	275.56
236.3000	-0.137489	275.71
236.2000	-0.127552	275.855
236.1000	-0.126687	276.004
236.0000	-0.134683	276.15
235.9000	-0.153939	276.293
235.8000	-0.133708	276.439
235.7000	-0.16553	276.587
235.6000	-0.208583	276.736
235.5000	-0.259595	276.88
235.4000	-0.285677	277.02
235.3000	-0.311096	277.163
235.2000	-0.342157	277.31
235.1000	-0.389176	277.456
235.0000	-0.391725	277.601
234.9000	-0.398059	277.747
234.8000	-0.401009	277.892
234.7000	-0.398433	278.04
234.6000	-0.369235	278.188
234.5000	-0.377363	278.336
234.4000	-0.361363	278.483
234.3000	-0.347079	278.629
234.2000	-0.353942	278.776
234.1000	-0.354795	278.924
234.0000	-0.393077	279.072
233.9000	-0.416479	279.219
233.8000	-0.415092	279.368
233.7000	-0.398963	279.516
233.6000	-0.437286	279.661
233.5000	-0.435063	279.809
233.4000	-0.427122	279.958
233.3000	-0.402945	280.11
233.2000	-0.414445	280.257
233.1000	-0.435726	280.407
233.0000	-0.48418	280.562
232.9000	-0.481762	280.718
232.8000	-0.469652	280.875
232.7000	-0.493013	281.04
232.6000	-0.525536	281.206
232.5000	-0.526198	281.372
232.4000	-0.547782	281.534
232.3000	-0.557872	281.697
232.2000	-0.576983	281.859
232.1000	-0.597218	282.016
232.0000	-0.613037	282.172
231.9000	-0.654416	282.328
231.8000	-0.672176	282.484
231.7000	-0.667801	282.637
231.6000	-0.6535	282.791
231.5000	-0.637398	282.948
231.4000	-0.639884	283.105
231.3000	-0.642001	283.254
231.2000	-0.605318	283.407
231.1000	-0.594923	283.559
231.0000	-0.637742	283.714
230.9000	-0.672617	283.865
230.8000	-0.688986	284.017
230.7000	-0.713658	284.168
230.6000	-0.731219	284.324
230.5000	-0.755941	284.474
230.4000	-0.796827	284.626
230.3000	-0.798551	284.781
230.2000	-0.801857	284.932
230.1000	-0.828071	285.085
230.0000	-0.832304	285.235
229.9000	-0.817107	285.386
229.8000	-0.848488	285.54
229.7000	-0.865108	285.694
229.6000	-0.898504	285.848
229.5000	-0.896606	286.007
229.4000	-0.910779	286.168
229.3000	-0.94583	286.336
229.2000	-0.958351	286.5
229.1000	-0.947513	286.669
229.0000	-0.91846	286.839
228.9000	-0.891719	287.007
228.8000	-0.896582	287.175
228.7000	-0.90407	287.346
228.6000	-0.911336	287.517
228.5000	-0.927129	287.688
228.4000	-0.965013	287.857
228.3000	-0.968623	288.026
228.2000	-1.00774	288.197
228.1000	-1.05247	288.369
228.0000	-1.04299	288.533
227.9000	-1.06366	288.698
227.8000	-1.06602	288.864
227.7000	-1.08467	289.032
227.6000	-1.11733	289.196
227.5000	-1.14144	289.356
227.4000	-1.10792	289.517
227.3000	-1.14627	289.679
227.2000	-1.22327	289.84
227.1000	-1.22897	289.999
227.0000	-1.21564	290.152
226.9000	-1.22134	290.305
226.8000	-1.2202	290.465
226.7000	-1.25871	290.62
226.6000	-1.25982	290.778
226.5000	-1.21181	290.937
226.4000	-1.22038	291.093
226.3000	-1.21646	291.255
226.2000	-1.22882	291.412
226.1000	-1.21404	291.57
226.0000	-1.21977	291.73
225.9000	-1.21062	291.882
225.8000	-1.24809	292.035
225.7000	-1.30487	292.183
225.6000	-1.33962	292.329
225.5000	-1.34836	292.485
225.4000	-1.35502	292.633
225.3000	-1.34481	292.781
225.2000	-1.36542	292.934
225.1000	-1.34252	293.085
225.0000	-1.31028	293.24
224.9000	-1.29286	293.391
224.8000	-1.31257	293.538
224.7000	-1.33837	293.693
224.6000	-1.37466	293.848
224.5000	-1.39412	294.001
224.4000	-1.40073	294.156
224.3000	-1.38012	294.313
224.2000	-1.43378	294.473
224.1000	-1.43835	294.631
224.0000	-1.45427	294.788
223.9000	-1.47445	294.945
223.8000	-1.52499	295.104
223.7000	-1.57329	295.262
223.6000	-1.61393	295.415
223.5000	-1.60824	295.568
223.4000	-1.61927	295.725
223.3000	-1.59727	295.884
223.2000	-1.55563	296.042
223.1000	-1.521	296.199
223.0000	-1.50536	296.358
222.9000	-1.50265	296.523
222.8000	-1.50255	296.687
222.7000	-1.50422	296.847
222.6000	-1.5333	297.006
222.5000	-1.53832	297.167
222.4000	-1.52001	297.329
222.3000	-1.52254	297.493
222.2000	-1.54827	297.653
222.1000	-1.56133	297.818
222.0000	-1.55014	297.982
221.9000	-1.5863	298.146
221.8000	-1.59213	298.306
221.7000	-1.62446	298.467
221.6000	-1.61924	298.628
221.5000	-1.61137	298.789
221.4000	-1.62549	298.946
221.3000	-1.64504	299.099
221.2000	-1.64152	299.258
221.1000	-1.6779	299.413
221.0000	-1.69215	299.561
220.9000	-1.72306	299.706
220.8000	-1.73521	299.859
220.7000	-1.75444	300.005
220.6000	-1.75343	300.151
220.5000	-1.74457	300.298
220.4000	-1.73659	300.448
220.3000	-1.73886	300.601
220.2000	-1.70856	300.75
220.1000	-1.65759	300.896
220.0000	-1.61176	301.045
219.9000	-1.59394	301.192
219.8000	-1.5792	301.336
219.7000	-1.585	301.479
219.6000	-1.58864	301.625
219.5000	-1.58764	301.77
219.4000	-1.63241	301.909
219.3000	-1.66556	302.05
219.2000	-1.71716	302.194
219.1000	-1.71567	302.337
219.0000	-1.67299	302.479
218.9000	-1.62145	302.621
218.8000	-1.61969	302.761
218.7000	-1.55801	302.907
218.6000	-1.55134	303.054
218.5000	-1.4874	303.195
218.4000	-1.49273	303.343
218.3000	-1.49517	303.492
218.2000	-1.51165	303.643
218.1000	-1.54977	303.797
218.0000	-1.60331	303.947
217.9000	-1.6061	304.1
217.8000	-1.64731	304.255
217.7000	-1.6331	304.409
217.6000	-1.67879	304.562
217.5000	-1.63896	304.713
217.4000	-1.63133	304.864
217.3000	-1.59562	305.02
217.2000	-1.54534	305.171
217.1000	-1.48474	305.319
217.0000	-1.52363	305.47
216.9000	-1.49459	305.627
216.8000	-1.47616	305.781
216.7000	-1.46311	305.937
216.6000	-1.47768	306.091
216.5000	-1.49191	306.249
216.4000	-1.46786	306.411
216.3000	-1.40922	306.564
216.2000	-1.41939	306.72
216.1000	-1.45677	306.877
216.0000	-1.43455	307.032
215.9000	-1.39029	307.185
215.8000	-1.38189	307.335
215.7000	-1.42628	307.482
215.6000	-1.45466	307.628
215.5000	-1.47178	307.776
215.4000	-1.50274	307.922
215.3000	-1.50307	308.063
215.2000	-1.4578	308.203
215.1000	-1.47072	308.342
215.0000	-1.47062	308.483
214.9000	-1.43575	308.621
214.8000	-1.42884	308.755
214.7000	-1.39913	308.888
214.6000	-1.45552	309.026
214.5000	-1.47079	309.16
214.4000	-1.42869	309.297
214.3000	-1.40632	309.436
214.2000	-1.40313	309.576
214.1000	-1.38371	309.715
214.0000	-1.31842	309.857
213.9000	-1.27779	310.001
213.8000	-1.30126	310.148
213.7000	-1.32465	310.292
213.6000	-1.30548	310.433
213.5000	-1.23459	310.579
213.4000	-1.20996	310.728
213.3000	-1.25022	310.88
213.2000	-1.24172	311.031
213.1000	-1.18108	311.188
213.0000	-1.08438	311.346
212.9000	-1.03522	311.506
212.8000	-1.0912	311.67
212.7000	-1.0365	311.836
212.6000	-1.02777	312.001
212.5000	-1.0544	312.168
212.4000	-1.12508	312.339
212.3000	-1.20403	312.513
212.2000	-1.27236	312.692
212.1000	-1.20639	312.866
212.0000	-1.24142	313.038
211.9000	-1.19282	313.22
211.8000	-1.1848	313.399
211.7000	-1.14662	313.578
211.6000	-1.09971	313.755
211.5000	-0.999768	313.929
211.4000	-1.01173	314.11
211.3000	-0.98968	314.287
211.2000	-0.991489	314.456
211.1000	-0.98541	314.629
211.0000	-0.949452	314.798
210.9000	-0.919609	314.964
210.8000	-0.96922	315.13
210.7000	-0.976514	315.293
210.6000	-0.974668	315.457
210.5000	-0.903936	315.628
210.4000	-0.827126	315.793
210.3000	-0.830925	315.963
210.2000	-0.877052	316.136
210.1000	-0.839318	316.308
210.0000	-0.801279	316.483
209.9000	-0.731727	316.661
209.8000	-0.727843	316.837
209.7000	-0.709071	317.014
209.6000	-0.636313	317.189
209.5000	-0.617172	317.37
209.4000	-0.620665	317.551
209.3000	-0.63546	317.73
209.2000	-0.673745	317.911
209.1000	-0.722413	318.094
209.0000	-0.670287	318.279
208.9000	-0.718264	318.465
208.8000	-0.668221	318.651
208.7000	-0.696882	318.841
208.6000	-0.630227	319.031
208.5000	-0.555471	319.229
208.4000	-0.572181	319.425
208.3000	-0.571416	319.628
208.2000	-0.508757	319.831
208.1000	-0.46892	320.031
208.0000	-0.425242	320.237
207.9000	-0.429048	320.439
207.8000	-0.423432	320.638
207.7000	-0.319493	320.847
207.6000	-0.300871	321.058
207.5000	-0.290663	321.269
207.4000	-0.274351	321.485
207.3000	-0.2184	321.698
207.2000	-0.193668	321.915
207.1000	-0.224706	322.127
207.0000	-0.268329	322.339
206.9000	-0.305517	322.544
206.8000	-0.27883	322.753
206.7000	-0.292669	322.966
206.6000	-0.290307	323.177
206.5000	-0.302546	323.39
206.4000	-0.186365	323.602
206.3000	-0.143203	323.817
206.2000	-0.0463533	324.031
206.1000	-0.00135725	324.247
206.0000	-0.00282774	324.457
205.9000	0.0703427	324.669
205.8000	0.157139	324.883
205.7000	0.214474	325.095
205.6000	0.271777	325.304
205.5000	0.242962	325.517
205.4000	0.253606	325.724
205.3000	0.348091	325.94
205.2000	0.351377	326.155
205.1000	0.383016	326.371
205.0000	0.356394	326.591
204.9000	0.404148	326.808
204.8000	0.405478	327.027
204.7000	0.438882	327.255
204.6000	0.430972	327.479
204.5000	0.437211	327.709
204.4000	0.402926	327.942
204.3000	0.452377	328.177
204.2000	0.47901	328.417
204.1000	0.564896	328.657
204.0000	0.64965	328.892
203.9000	0.695832	329.131
203.8000	0.742852	329.37
203.7000	0.811367	329.607
203.6000	0.843711	329.841
203.5000	0.849315	330.08
203.4000	0.868244	330.321
203.3000	0.83663	330.562
203.2000	0.864983	330.803
203.1000	0.881681	331.049
203.0000	0.893581	331.299
202.9000	0.930968	331.55
202.8000	0.952808	331.798
202.7000	0.957914	332.049
202.6000	1.02438	332.309
202.5000	1.07855	332.568
202.4000	1.13388	332.822
202.3000	1.17783	333.083
202.2000	1.18031	333.347
202.1000	1.19015	333.61
202.0000	1.23624	333.875
201.9000	1.2143	334.14
201.8000	1.21553	334.411
201.7000	1.23765	334.684
201.6000	1.22713	334.958
201.5000	1.26057	335.232
201.4000	1.2654	335.511
201.3000	1.31231	335.788
201.2000	1.34304	336.071
201.1000	1.41104	336.356
201.0000	1.43329	336.64
200.9000	1.45918	336.93
200.8000	1.48442	337.222
200.7000	1.54093	337.523
200.6000	1.53553	337.828
200.5000	1.61676	338.136
200.4000	1.56891	338.444
200.3000	1.59869	338.758
200.2000	1.62214	339.071
200.1000	1.64627	339.392
200.0000	1.68447	339.713
199.9000	1.73932	340.033
199.8000	1.72917	340.354
199.7000	1.77181	340.677
199.6000	1.78679	341.002
199.5000	1.80524	341.334
199.4000	1.76867	341.663
199.3000	1.72494	341.989
199.2000	1.7243	342.316
199.1000	1.72167	342.652
199.0000	1.66973	342.995
198.9000	1.69735	343.344
198.8000	1.7056	343.69
198.7000	1.77757	344.045
198.6000	1.87146	344.404
198.5000	1.89943	344.763
198.4000	1.94788	345.121
198.3000	2.06908	345.475
198.2000	2.09306	345.835
198.1000	2.12415	346.194
198.0000	2.1287	346.557
197.9000	2.10239	346.924
197.8000	2.07425	347.3
197.7000	2.01876	347.682
197.6000	2.0277	348.066
197.5000	2.04311	348.455
197.4000	2.10534	348.852
197.3000	2.13021	349.249
197.2000	2.25048	349.655
197.1000	2.30256	350.065
197.0000	2.38767	350.478
196.9000	2.42757	350.896
196.8000	2.39821	351.315
196.7000	2.39227	351.737
196.6000	2.43017	352.164
196.5000	2.41129	352.592
196.4000	2.41376	353.024
196.3000	2.40338	353.464
196.2000	2.38118	353.905
196.1000	2.28729	354.351
196.0000	2.31765	354.797
195.9000	2.32359	355.246
195.8000	2.30553	355.694
195.7000	2.34403	356.142
195.6000	2.29241	356.587
195.5000	2.42408	357.032
195.4000	2.59854	357.484
195.3000	2.53147	357.949
195.2000	2.56625	358.428
195.1000	2.60913	358.93
195.0000	2.60535	359.449
194.9000	2.71382	359.987
194.8000	2.61651	360.541
194.7000	2.53671	361.112
194.6000	2.56801	361.695
194.5000	2.4865	362.284
194.4000	2.43582	362.872
194.3000	2.38679	363.468
194.2000	2.40647	364.073
194.1000	2.408	364.684
194.0000	2.4979	365.299
193.9000	2.59511	365.92
193.8000	2.74768	366.547
193.7000	2.80785	367.183
193.6000	2.87077	367.825
193.5000	2.81159	368.479
193.4000	2.86007	369.14
193.3000	2.7585	369.808
193.2000	2.63411	370.479
193.1000	2.56863	371.167
193.0000	2.44444	371.854
192.9000	2.39545	372.551
192.8000	2.44949	373.251
192.7000	2.40868	373.958
192.6000	2.41196	374.672
192.5000	2.38327	375.395
192.4000	2.29088	376.122
192.3000	2.42347	376.863
192.2000	2.45987	377.609
192.1000	2.43097	378.364
192.0000	2.42406	379.128
191.9000	2.43854	379.904
191.8000	2.47775	380.685
191.7000	2.38104	381.47
191.6000	2.38761	382.26
191.5000	2.32312	383.06
191.4000	2.27282	383.867
191.3000	2.2163	384.681
191.2000	2.17194	385.5
191.1000	2.31476	386.33
191.0000	2.48928	387.17
190.9000	2.37917	388.028
190.8000	2.35823	388.899
190.7000	2.28553	389.783
190.6000	2.32265	390.671
190.5000	2.36061	391.577
190.4000	2.21238	392.491
190.3000	2.12353	393.424
190.2000	2.14386	394.362
190.1000	2.20761	395.309
190.0000	2.20543	396.267
189.9000	2.20016	397.245
189.8000	2.13683	398.232
189.7000	2.0169	399.235
189.6000	1.97069	400.25
189.5000	1.90289	401.286
189.4000	1.85476	402.335
189.3000	1.88038	403.414
189.2000	1.77314	404.51
189.1000	1.85434	405.635
189.0000	1.9676	406.776
188.9000	2.04943	407.94
188.8000	2.10025	409.124
188.7000	2.2083	410.339
188.6000	2.22147	411.561
188.5000	2.30749	412.812
188.4000	2.21832	414.09
188.3000	2.26222	415.396
188.2000	2.33955	416.734
188.1000	2.48207	418.104
188.0000	2.51765	419.501
187.9000	2.60443	420.936
187.8000	2.57921	422.407
187.7000	2.70324	423.914
187.6000	2.59391	425.461
187.5000	2.4639	427.043
187.4000	2.3961	428.67
187.3000	2.42874	430.35
187.2000	2.3758	432.086
187.1000	2.33612	433.873
187.0000	2.1687	435.714
186.9000	2.19094	437.608
186.8000	2.02894	439.563
186.7000	1.84411	441.573
186.6000	1.60224	443.637
186.5000	1.51407	445.754
186.4000	1.49245	447.927
186.3000	1.59315	450.157
186.2000	1.37312	452.447
186.1000	1.37682	454.797
186.0000	1.29345	457.221
185.9000	1.55284	459.727
185.8000	1.64458	462.318
185.7000	1.63228	465.015
185.6000	1.76495	467.814
185.5000	2.05949	470.719
185.4000	1.99118	473.738
185.3000	2.04234	476.874
185.2000	2.00291	480.118
185.1000	1.91779	483.493
185.0000	1.74267	486.959
