TITLE	11_251002K_1days
DATA TYPE	
ORIGIN	JASCO
OWNER	
DATE	25/10/03
TIME	20:30:07
SPECTROMETER/DATA SYSTEM	JASCO Corp., J-715, Rev. 1.00
RESOLUTION	
DELTAX	-0.1
XUNITS	NANOMETERS
YUNITS	CD[mdeg]
Y2UNITS	HT[V]
FIRSTX	260.0000
LASTX	185.0000
NPOINTS	751
FIRSTY	0.13625
MAXY	0.71681
MINY	-0.89493
XYDATA
260.0000	0.136247	254.82
259.9000	0.133332	254.833
259.8000	0.133738	254.856
259.7000	0.151509	254.891
259.6000	0.138978	254.929
259.5000	0.12971	254.979
259.4000	0.122515	255.042
259.3000	0.0980563	255.111
259.2000	0.0657837	255.176
259.1000	0.0519725	255.25
259.0000	0.0218791	255.32
258.9000	0.0458442	255.4
258.8000	0.0768565	255.474
258.7000	0.0602859	255.545
258.6000	0.0859427	255.624
258.5000	0.133768	255.697
258.4000	0.13145	255.77
258.3000	0.141136	255.835
258.2000	0.126225	255.907
258.1000	0.11898	255.977
258.0000	0.137213	256.051
257.9000	0.116638	256.12
257.8000	0.076663	256.184
257.7000	0.0971104	256.261
257.6000	0.102756	256.326
257.5000	0.104092	256.399
257.4000	0.0582961	256.467
257.3000	0.0506746	256.536
257.2000	0.0726218	256.606
257.1000	0.0820997	256.675
257.0000	0.0672201	256.741
256.9000	0.0918224	256.809
256.8000	0.101605	256.88
256.7000	0.140679	256.946
256.6000	0.158524	257.015
256.5000	0.15608	257.082
256.4000	0.174284	257.152
256.3000	0.159956	257.223
256.2000	0.128351	257.295
256.1000	0.130979	257.363
256.0000	0.107829	257.434
255.9000	0.0841831	257.502
255.8000	0.0470569	257.573
255.7000	0.0400039	257.641
255.6000	0.0381341	257.707
255.5000	0.0183212	257.768
255.4000	0.00338232	257.838
255.3000	0.00243187	257.906
255.2000	0.00755911	257.973
255.1000	0.024195	258.045
255.0000	0.0320154	258.111
254.9000	0.0501953	258.184
254.8000	0.0762758	258.256
254.7000	0.0874043	258.321
254.6000	0.102225	258.388
254.5000	0.0915118	258.459
254.4000	0.0903202	258.524
254.3000	0.109984	258.592
254.2000	0.0851879	258.669
254.1000	0.0726593	258.739
254.0000	0.0822417	258.812
253.9000	0.0670691	258.884
253.8000	0.0667075	258.958
253.7000	0.0676793	259.034
253.6000	0.0625846	259.108
253.5000	0.0814915	259.176
253.4000	0.0932982	259.253
253.3000	0.0690567	259.325
253.2000	0.0767887	259.401
253.1000	0.0839079	259.477
253.0000	0.0669301	259.548
252.9000	0.0429355	259.623
252.8000	0.0260803	259.691
252.7000	0.018878	259.762
252.6000	0.0389946	259.831
252.5000	0.0549063	259.907
252.4000	0.0735472	259.979
252.3000	0.0951976	260.057
252.2000	0.119487	260.133
252.1000	0.125524	260.21
252.0000	0.128928	260.288
251.9000	0.111047	260.361
251.8000	0.0783732	260.438
251.7000	0.0181248	260.507
251.6000	0.00503461	260.578
251.5000	-0.00979404	260.651
251.4000	0.00847975	260.727
251.3000	0.0165656	260.804
251.2000	0.012066	260.881
251.1000	0.0560351	260.957
251.0000	0.0967458	261.041
250.9000	0.0988369	261.118
250.8000	0.0865375	261.203
250.7000	0.0673316	261.28
250.6000	0.0882482	261.357
250.5000	0.0989487	261.427
250.4000	0.0634457	261.5
250.3000	0.0249798	261.571
250.2000	0.0224608	261.641
250.1000	0.0317802	261.712
250.0000	0.0305156	261.782
249.9000	-0.00209957	261.855
249.8000	0.00516698	261.929
249.7000	0.0138414	262.003
249.6000	0.043046	262.078
249.5000	0.049792	262.149
249.4000	0.0458213	262.218
249.3000	0.0353001	262.291
249.2000	0.0465649	262.366
249.1000	0.0352564	262.438
249.0000	0.0352753	262.512
248.9000	0.0250573	262.585
248.8000	0.0125182	262.662
248.7000	-0.0202072	262.731
248.6000	0.0065123	262.807
248.5000	-0.00503808	262.879
248.4000	-0.00108108	262.955
248.3000	-0.0249098	263.03
248.2000	-0.0329219	263.103
248.1000	-0.0173757	263.175
248.0000	-0.00732541	263.25
247.9000	-0.0205504	263.322
247.8000	-0.0198568	263.391
247.7000	-0.0236449	263.462
247.6000	-0.0218761	263.534
247.5000	-0.0354881	263.607
247.4000	-0.0284076	263.684
247.3000	-0.0265708	263.759
247.2000	-0.0416217	263.832
247.1000	-0.0548293	263.908
247.0000	-0.0234832	263.983
246.9000	0.00207524	264.057
246.8000	0.025663	264.131
246.7000	0.027631	264.207
246.6000	0.0543967	264.291
246.5000	0.0655981	264.373
246.4000	0.0494259	264.453
246.3000	0.0373125	264.538
246.2000	0.029207	264.619
246.1000	0.0359205	264.699
246.0000	0.0377876	264.775
245.9000	0.0223887	264.853
245.8000	0.0397012	264.932
245.7000	0.0513131	265.009
245.6000	0.0518218	265.086
245.5000	0.0463868	265.161
245.4000	0.051983	265.246
245.3000	0.057061	265.321
245.2000	0.0749792	265.401
245.1000	0.0789935	265.473
245.0000	0.0853275	265.55
244.9000	0.105454	265.63
244.8000	0.116439	265.705
244.7000	0.111239	265.78
244.6000	0.0925469	265.857
244.5000	0.0501727	265.932
244.4000	0.0362247	266.017
244.3000	0.0230583	266.096
244.2000	0.00556385	266.178
244.1000	-0.0158404	266.261
244.0000	-0.00647729	266.348
243.9000	-0.0134843	266.431
243.8000	0.0144586	266.512
243.7000	-0.00233402	266.593
243.6000	0.00554348	266.672
243.5000	0.021225	266.759
243.4000	0.0195729	266.84
243.3000	0.0067686	266.926
243.2000	0.0276593	267.012
243.1000	0.0326164	267.097
243.0000	0.0425299	267.185
242.9000	0.0389492	267.275
242.8000	0.0226418	267.362
242.7000	0.0266346	267.448
242.6000	0.024947	267.535
242.5000	0.00815814	267.628
242.4000	0.00480885	267.724
242.3000	-0.00653714	267.822
242.2000	0.00123506	267.923
242.1000	0.00255505	268.026
242.0000	0.00477607	268.129
241.9000	0.0261597	268.231
241.8000	0.00883862	268.331
241.7000	0.0201364	268.436
241.6000	0.0365573	268.537
241.5000	0.0130075	268.638
241.4000	0.0243289	268.745
241.3000	0.0468604	268.852
241.2000	0.028686	268.96
241.1000	0.0650778	269.069
241.0000	0.0701904	269.175
240.9000	0.0914156	269.284
240.8000	0.103256	269.391
240.7000	0.0945255	269.5
240.6000	0.0789948	269.608
240.5000	0.0767725	269.716
240.4000	0.0485328	269.827
240.3000	0.0416823	269.941
240.2000	0.0204432	270.052
240.1000	0.0230901	270.167
240.0000	0.048843	270.283
239.9000	0.0378489	270.399
239.8000	0.0176472	270.518
239.7000	0.020544	270.638
239.6000	0.0245223	270.763
239.5000	0.0188179	270.893
239.4000	0.0010103	271.023
239.3000	0.00598828	271.151
239.2000	0.048775	271.28
239.1000	0.0451865	271.413
239.0000	0.0413184	271.547
238.9000	0.029552	271.68
238.8000	0.0216889	271.811
238.7000	0.0414689	271.939
238.6000	0.0150835	272.077
238.5000	0.00306045	272.21
238.4000	0.0145721	272.351
238.3000	0.0108379	272.487
238.2000	0.0244016	272.62
238.1000	0.0507029	272.76
238.0000	0.0336878	272.898
237.9000	0.0429399	273.035
237.8000	0.0178722	273.174
237.7000	0.0159132	273.306
237.6000	-0.0273451	273.445
237.5000	-0.0545623	273.583
237.4000	-0.0729404	273.726
237.3000	-0.0842638	273.866
237.2000	-0.0945317	274.008
237.1000	-0.0910218	274.152
237.0000	-0.0701673	274.293
236.9000	-0.0340598	274.438
236.8000	-0.0133378	274.581
236.7000	-0.0105388	274.728
236.6000	0.0264863	274.878
236.5000	0.0260835	275.025
236.4000	0.0115601	275.169
236.3000	0.00554994	275.314
236.2000	0.0220967	275.462
236.1000	-0.00463128	275.607
236.0000	-0.035651	275.751
235.9000	-0.0637186	275.892
235.8000	-0.0654613	276.031
235.7000	-0.113696	276.174
235.6000	-0.11146	276.318
235.5000	-0.123365	276.459
235.4000	-0.110449	276.601
235.3000	-0.0987376	276.738
235.2000	-0.100377	276.886
235.1000	-0.0327878	277.034
235.0000	-0.000337015	277.183
234.9000	-0.011686	277.331
234.8000	-0.00997484	277.476
234.7000	-0.000766913	277.626
234.6000	-0.0177369	277.775
234.5000	-0.0314054	277.92
234.4000	-0.0595023	278.064
234.3000	-0.0634109	278.206
234.2000	-0.0713989	278.35
234.1000	-0.0936419	278.491
234.0000	-0.120313	278.634
233.9000	-0.0937589	278.777
233.8000	-0.0763399	278.922
233.7000	-0.0950587	279.069
233.6000	-0.0964619	279.219
233.5000	-0.107038	279.367
233.4000	-0.089168	279.515
233.3000	-0.0727539	279.66
233.2000	-0.113991	279.807
233.1000	-0.172008	279.952
233.0000	-0.15808	280.1
232.9000	-0.172867	280.246
232.8000	-0.203902	280.395
232.7000	-0.185388	280.547
232.6000	-0.222651	280.702
232.5000	-0.228639	280.856
232.4000	-0.204238	281.013
232.3000	-0.184736	281.173
232.2000	-0.136317	281.337
232.1000	-0.131405	281.503
232.0000	-0.177839	281.663
231.9000	-0.177573	281.825
231.8000	-0.169968	281.989
231.7000	-0.200371	282.145
231.6000	-0.232688	282.297
231.5000	-0.290699	282.449
231.4000	-0.292733	282.597
231.3000	-0.242367	282.746
231.2000	-0.220951	282.897
231.1000	-0.21104	283.041
231.0000	-0.194949	283.191
230.9000	-0.180596	283.338
230.8000	-0.15673	283.487
230.7000	-0.125404	283.637
230.6000	-0.144008	283.788
230.5000	-0.158116	283.932
230.4000	-0.158687	284.078
230.3000	-0.129578	284.225
230.2000	-0.14541	284.377
230.1000	-0.196306	284.526
230.0000	-0.22984	284.671
229.9000	-0.242614	284.818
229.8000	-0.252935	284.972
229.7000	-0.25098	285.125
229.6000	-0.243592	285.278
229.5000	-0.2235	285.43
229.4000	-0.216558	285.588
229.3000	-0.206236	285.75
229.2000	-0.212651	285.91
229.1000	-0.238149	286.071
229.0000	-0.281668	286.235
228.9000	-0.306819	286.394
228.8000	-0.301444	286.556
228.7000	-0.257212	286.713
228.6000	-0.273659	286.875
228.5000	-0.233088	287.04
228.4000	-0.213721	287.203
228.3000	-0.204549	287.376
228.2000	-0.194627	287.547
228.1000	-0.225143	287.718
228.0000	-0.252676	287.885
227.9000	-0.229401	288.048
227.8000	-0.244864	288.209
227.7000	-0.223545	288.368
227.6000	-0.256419	288.523
227.5000	-0.279276	288.675
227.4000	-0.244839	288.831
227.3000	-0.276252	288.99
227.2000	-0.304692	289.142
227.1000	-0.335736	289.297
227.0000	-0.335573	289.455
226.9000	-0.303925	289.607
226.8000	-0.27243	289.757
226.7000	-0.287337	289.904
226.6000	-0.262769	290.055
226.5000	-0.217182	290.205
226.4000	-0.234124	290.35
226.3000	-0.260123	290.495
226.2000	-0.260869	290.648
226.1000	-0.280843	290.802
226.0000	-0.251496	290.951
225.9000	-0.257404	291.1
225.8000	-0.278921	291.251
225.7000	-0.255713	291.404
225.6000	-0.263514	291.552
225.5000	-0.260058	291.696
225.4000	-0.280339	291.841
225.3000	-0.325162	291.984
225.2000	-0.324219	292.129
225.1000	-0.309263	292.273
225.0000	-0.29727	292.419
224.9000	-0.282574	292.563
224.8000	-0.301965	292.71
224.7000	-0.310996	292.855
224.6000	-0.285519	293.006
224.5000	-0.294785	293.153
224.4000	-0.329486	293.302
224.3000	-0.327564	293.451
224.2000	-0.344922	293.6
224.1000	-0.361166	293.744
224.0000	-0.354939	293.896
223.9000	-0.366637	294.048
223.8000	-0.400922	294.202
223.7000	-0.398003	294.355
223.6000	-0.437046	294.501
223.5000	-0.443511	294.657
223.4000	-0.397073	294.813
223.3000	-0.403128	294.966
223.2000	-0.382685	295.12
223.1000	-0.306932	295.272
223.0000	-0.311244	295.424
222.9000	-0.289345	295.578
222.8000	-0.242545	295.732
222.7000	-0.257803	295.887
222.6000	-0.295673	296.042
222.5000	-0.34951	296.196
222.4000	-0.441318	296.349
222.3000	-0.447318	296.508
222.2000	-0.485124	296.664
222.1000	-0.586398	296.823
222.0000	-0.629945	296.983
221.9000	-0.564084	297.14
221.8000	-0.55467	297.296
221.7000	-0.516681	297.452
221.6000	-0.498592	297.606
221.5000	-0.458474	297.758
221.4000	-0.388658	297.913
221.3000	-0.339458	298.061
221.2000	-0.359335	298.21
221.1000	-0.361721	298.361
221.0000	-0.379447	298.505
220.9000	-0.346647	298.652
220.8000	-0.364005	298.794
220.7000	-0.356113	298.933
220.6000	-0.366324	299.078
220.5000	-0.379966	299.219
220.4000	-0.395482	299.358
220.3000	-0.406837	299.499
220.2000	-0.431998	299.636
220.1000	-0.416373	299.779
220.0000	-0.401155	299.92
219.9000	-0.395685	300.054
219.8000	-0.37604	300.193
219.7000	-0.333662	300.333
219.6000	-0.358036	300.471
219.5000	-0.354586	300.607
219.4000	-0.370163	300.744
219.3000	-0.426457	300.883
219.2000	-0.442469	301.025
219.1000	-0.431693	301.166
219.0000	-0.468872	301.304
218.9000	-0.453963	301.445
218.8000	-0.477972	301.584
218.7000	-0.461601	301.721
218.6000	-0.457308	301.86
218.5000	-0.475597	301.999
218.4000	-0.503508	302.139
218.3000	-0.458252	302.278
218.2000	-0.398727	302.422
218.1000	-0.412132	302.57
218.0000	-0.444002	302.72
217.9000	-0.420074	302.869
217.8000	-0.422395	303.013
217.7000	-0.40586	303.159
217.6000	-0.402217	303.308
217.5000	-0.422277	303.452
217.4000	-0.414007	303.6
217.3000	-0.388504	303.744
217.2000	-0.358006	303.885
217.1000	-0.361749	304.032
217.0000	-0.38881	304.177
216.9000	-0.427001	304.325
216.8000	-0.39431	304.471
216.7000	-0.397981	304.616
216.6000	-0.417107	304.763
216.5000	-0.447469	304.917
216.4000	-0.4102	305.072
216.3000	-0.405411	305.223
216.2000	-0.349129	305.373
216.1000	-0.344061	305.527
216.0000	-0.344803	305.676
215.9000	-0.33424	305.824
215.8000	-0.378065	305.963
215.7000	-0.443632	306.104
215.6000	-0.455867	306.248
215.5000	-0.498291	306.385
215.4000	-0.50559	306.524
215.3000	-0.530497	306.661
215.2000	-0.508121	306.799
215.1000	-0.430892	306.934
215.0000	-0.440991	307.066
214.9000	-0.433496	307.198
214.8000	-0.410479	307.329
214.7000	-0.398346	307.457
214.6000	-0.369318	307.586
214.5000	-0.403882	307.714
214.4000	-0.462891	307.847
214.3000	-0.464059	307.98
214.2000	-0.526331	308.114
214.1000	-0.528194	308.25
214.0000	-0.498809	308.386
213.9000	-0.500989	308.524
213.8000	-0.521186	308.662
213.7000	-0.468088	308.803
213.6000	-0.404308	308.942
213.5000	-0.379721	309.082
213.4000	-0.425322	309.224
213.3000	-0.472456	309.37
213.2000	-0.486453	309.511
213.1000	-0.454723	309.654
213.0000	-0.505081	309.803
212.9000	-0.544701	309.954
212.8000	-0.532629	310.109
212.7000	-0.553581	310.266
212.6000	-0.591733	310.423
212.5000	-0.562908	310.588
212.4000	-0.553345	310.753
212.3000	-0.565109	310.912
212.2000	-0.579377	311.077
212.1000	-0.558241	311.24
212.0000	-0.48438	311.405
211.9000	-0.455079	311.57
211.8000	-0.493273	311.733
211.7000	-0.53569	311.896
211.6000	-0.517008	312.064
211.5000	-0.521152	312.231
211.4000	-0.511915	312.403
211.3000	-0.513533	312.576
211.2000	-0.475075	312.751
211.1000	-0.415478	312.925
211.0000	-0.382438	313.097
210.9000	-0.353807	313.264
210.8000	-0.33923	313.425
210.7000	-0.351309	313.585
210.6000	-0.421777	313.743
210.5000	-0.45185	313.902
210.4000	-0.476988	314.058
210.3000	-0.486322	314.216
210.2000	-0.518808	314.377
210.1000	-0.519852	314.542
210.0000	-0.556554	314.702
209.9000	-0.550044	314.862
209.8000	-0.596395	315.023
209.7000	-0.564116	315.189
209.6000	-0.511484	315.356
209.5000	-0.50143	315.525
209.4000	-0.507004	315.697
209.3000	-0.504121	315.867
209.2000	-0.497415	316.044
209.1000	-0.463718	316.221
209.0000	-0.540478	316.399
208.9000	-0.614381	316.581
208.8000	-0.610443	316.759
208.7000	-0.619497	316.94
208.6000	-0.609572	317.125
208.5000	-0.592908	317.309
208.4000	-0.566523	317.497
208.3000	-0.520668	317.685
208.2000	-0.47482	317.879
208.1000	-0.479391	318.074
208.0000	-0.487863	318.27
207.9000	-0.481752	318.469
207.8000	-0.535048	318.668
207.7000	-0.550737	318.868
207.6000	-0.60969	319.065
207.5000	-0.598743	319.259
207.4000	-0.585621	319.457
207.3000	-0.609173	319.655
207.2000	-0.648542	319.854
207.1000	-0.571274	320.052
207.0000	-0.553326	320.25
206.9000	-0.480343	320.451
206.8000	-0.527349	320.653
206.7000	-0.570274	320.853
206.6000	-0.590017	321.051
206.5000	-0.580423	321.247
206.4000	-0.555841	321.445
206.3000	-0.608629	321.647
206.2000	-0.615361	321.85
206.1000	-0.614995	322.049
206.0000	-0.584164	322.253
205.9000	-0.561578	322.46
205.8000	-0.568807	322.667
205.7000	-0.625242	322.872
205.6000	-0.633644	323.077
205.5000	-0.68781	323.277
205.4000	-0.629421	323.48
205.3000	-0.579506	323.682
205.2000	-0.506588	323.89
205.1000	-0.542347	324.099
205.0000	-0.568864	324.307
204.9000	-0.549116	324.519
204.8000	-0.517205	324.739
204.7000	-0.498605	324.959
204.6000	-0.554633	325.178
204.5000	-0.652051	325.394
204.4000	-0.658563	325.619
204.3000	-0.657951	325.844
204.2000	-0.621365	326.072
204.1000	-0.675475	326.297
204.0000	-0.733219	326.527
203.9000	-0.735388	326.758
203.8000	-0.681076	326.988
203.7000	-0.699457	327.223
203.6000	-0.689023	327.46
203.5000	-0.712749	327.696
203.4000	-0.695207	327.942
203.3000	-0.703433	328.185
203.2000	-0.708222	328.43
203.1000	-0.719323	328.677
203.0000	-0.686421	328.925
202.9000	-0.640869	329.174
202.8000	-0.66204	329.421
202.7000	-0.668625	329.663
202.6000	-0.628176	329.915
202.5000	-0.645029	330.169
202.4000	-0.636732	330.419
202.3000	-0.675103	330.668
202.2000	-0.711152	330.926
202.1000	-0.698486	331.191
202.0000	-0.702558	331.459
201.9000	-0.713626	331.731
201.8000	-0.744777	332.005
201.7000	-0.74172	332.283
201.6000	-0.696194	332.563
201.5000	-0.721853	332.839
201.4000	-0.740995	333.124
201.3000	-0.752922	333.41
201.2000	-0.754848	333.697
201.1000	-0.749294	333.992
201.0000	-0.788352	334.29
200.9000	-0.827971	334.587
200.8000	-0.784525	334.893
200.7000	-0.763972	335.198
200.6000	-0.797406	335.506
200.5000	-0.723773	335.818
200.4000	-0.660047	336.13
200.3000	-0.647667	336.447
200.2000	-0.684959	336.774
200.1000	-0.755155	337.095
200.0000	-0.758938	337.423
199.9000	-0.70875	337.756
199.8000	-0.793251	338.089
199.7000	-0.777684	338.422
199.6000	-0.784402	338.766
199.5000	-0.748595	339.103
199.4000	-0.711422	339.452
199.3000	-0.699048	339.796
199.2000	-0.750883	340.144
199.1000	-0.714913	340.496
199.0000	-0.67458	340.851
198.9000	-0.642839	341.202
198.8000	-0.614109	341.564
198.7000	-0.617238	341.923
198.6000	-0.600674	342.288
198.5000	-0.622842	342.653
198.4000	-0.670584	343.034
198.3000	-0.729218	343.415
198.2000	-0.727801	343.802
198.1000	-0.793638	344.189
198.0000	-0.882999	344.578
197.9000	-0.887703	344.973
197.8000	-0.893414	345.372
197.7000	-0.894934	345.766
197.6000	-0.835391	346.169
197.5000	-0.827457	346.577
197.4000	-0.756068	346.994
197.3000	-0.688816	347.421
197.2000	-0.660087	347.848
197.1000	-0.594983	348.28
197.0000	-0.581337	348.719
196.9000	-0.636091	349.16
196.8000	-0.62554	349.603
196.7000	-0.638647	350.052
196.6000	-0.646499	350.502
196.5000	-0.663637	350.96
196.4000	-0.747959	351.417
196.3000	-0.715589	351.877
196.2000	-0.68132	352.342
196.1000	-0.648765	352.811
196.0000	-0.656464	353.281
195.9000	-0.607587	353.756
195.8000	-0.520195	354.231
195.7000	-0.470651	354.715
195.6000	-0.487438	355.197
195.5000	-0.409645	355.68
195.4000	-0.42655	356.167
195.3000	-0.419852	356.663
195.2000	-0.425708	357.171
195.1000	-0.391168	357.698
195.0000	-0.327518	358.246
194.9000	-0.314504	358.81
194.8000	-0.415896	359.395
194.7000	-0.36573	359.996
194.6000	-0.342937	360.606
194.5000	-0.373854	361.224
194.4000	-0.380704	361.845
194.3000	-0.435545	362.466
194.2000	-0.433018	363.102
194.1000	-0.433307	363.74
194.0000	-0.494292	364.389
193.9000	-0.486133	365.041
193.8000	-0.469349	365.702
193.7000	-0.515041	366.364
193.6000	-0.499392	367.042
193.5000	-0.49917	367.717
193.4000	-0.495892	368.398
193.3000	-0.49273	369.086
193.2000	-0.550992	369.781
193.1000	-0.554777	370.487
193.0000	-0.526577	371.198
192.9000	-0.439777	371.913
192.8000	-0.440647	372.643
192.7000	-0.338779	373.385
192.6000	-0.151915	374.135
192.5000	-0.0273893	374.887
192.4000	0.00546649	375.648
192.3000	-0.0224764	376.415
192.2000	-0.0564173	377.191
192.1000	-0.110844	377.974
192.0000	-0.276266	378.761
191.9000	-0.458634	379.549
191.8000	-0.522687	380.345
191.7000	-0.622425	381.15
191.6000	-0.523184	381.963
191.5000	-0.52367	382.785
191.4000	-0.520899	383.607
191.3000	-0.466696	384.435
191.2000	-0.31414	385.281
191.1000	-0.349281	386.138
191.0000	-0.286699	387.005
190.9000	-0.298549	387.885
190.8000	-0.278216	388.776
190.7000	-0.144297	389.687
190.6000	-0.0931986	390.606
190.5000	-0.17365	391.533
190.4000	-0.0551191	392.473
190.3000	0.0167775	393.426
190.2000	-0.0363184	394.39
190.1000	-0.0519747	395.361
190.0000	-0.0163967	396.342
189.9000	-0.0188182	397.335
189.8000	-0.0655087	398.346
189.7000	-0.136324	399.368
189.6000	-0.104876	400.41
189.5000	-0.182454	401.463
189.4000	-0.152766	402.542
189.3000	-0.155091	403.641
189.2000	-0.136112	404.768
189.1000	-0.178384	405.908
189.0000	-0.15291	407.069
188.9000	-0.194897	408.245
188.8000	-0.0678465	409.449
188.7000	-0.164687	410.676
188.6000	-0.205463	411.924
188.5000	-0.0702019	413.189
188.4000	0.0540259	414.486
188.3000	0.0671183	415.805
188.2000	0.128558	417.156
188.1000	0.0210633	418.529
188.0000	0.160617	419.933
187.9000	0.242085	421.366
187.8000	0.322015	422.832
187.7000	0.269033	424.338
187.6000	0.158612	425.888
187.5000	0.282606	427.475
187.4000	0.177462	429.109
187.3000	0.171158	430.797
187.2000	0.172443	432.538
187.1000	0.102646	434.335
187.0000	0.31786	436.177
186.9000	0.450781	438.074
186.8000	0.52735	440.033
186.7000	0.716812	442.051
186.6000	0.496965	444.126
186.5000	0.29092	446.254
186.4000	0.255579	448.444
186.3000	0.068069	450.696
186.2000	-0.0530203	453.009
186.1000	-0.144371	455.379
186.0000	-0.177816	457.812
185.9000	-0.1321	460.321
185.8000	0.108866	462.918
185.7000	0.276835	465.599
185.6000	0.314279	468.375
185.5000	0.563574	471.241
185.4000	0.543434	474.217
185.3000	0.443425	477.301
185.2000	0.613895	480.499
185.1000	0.449732	483.806
185.0000	0.380899	487.241
