TITLE	07_251002P_4days
DATA TYPE	
ORIGIN	JASCO
OWNER	
DATE	25/10/06
TIME	17:26:14
SPECTROMETER/DATA SYSTEM	JASCO Corp., J-715, Rev. 1.00
RESOLUTION	
DELTAX	-0.1
XUNITS	NANOMETERS
YUNITS	CD[mdeg]
Y2UNITS	HT[V]
FIRSTX	260.0000
LASTX	185.0000
NPOINTS	751
FIRSTY	0.11564
MAXY	1.84692
MINY	-1.48530
XYDATA
260.0000	0.11564	254.959
259.9000	0.139279	254.983
259.8000	0.126765	255.02
259.7000	0.141059	255.07
259.6000	0.145564	255.126
259.5000	0.148044	255.198
259.4000	0.129063	255.281
259.3000	0.132031	255.357
259.2000	0.100035	255.427
259.1000	0.0952005	255.5
259.0000	0.0737761	255.577
258.9000	0.0714898	255.652
258.8000	0.0691019	255.719
258.7000	0.0823657	255.785
258.6000	0.095324	255.861
258.5000	0.0906534	255.933
258.4000	0.0923629	256.001
258.3000	0.0929323	256.068
258.2000	0.0856837	256.136
258.1000	0.101165	256.212
258.0000	0.0899466	256.285
257.9000	0.0975969	256.354
257.8000	0.115627	256.426
257.7000	0.133111	256.499
257.6000	0.134145	256.572
257.5000	0.143978	256.642
257.4000	0.122893	256.706
257.3000	0.122431	256.77
257.2000	0.140813	256.833
257.1000	0.141197	256.901
257.0000	0.145209	256.969
256.9000	0.154587	257.039
256.8000	0.141962	257.108
256.7000	0.150358	257.177
256.6000	0.152382	257.245
256.5000	0.116816	257.317
256.4000	0.087325	257.389
256.3000	0.0679061	257.46
256.2000	0.0740203	257.529
256.1000	0.0659344	257.597
256.0000	0.0500001	257.66
255.9000	0.0202931	257.731
255.8000	0.0134101	257.802
255.7000	0.0127581	257.869
255.6000	0.0124805	257.933
255.5000	0.00660916	257.997
255.4000	0.00782659	258.067
255.3000	0.00583579	258.143
255.2000	0.0156132	258.21
255.1000	0.0415834	258.281
255.0000	0.0490186	258.353
254.9000	0.061356	258.424
254.8000	0.0603236	258.491
254.7000	0.0856951	258.555
254.6000	0.0851346	258.618
254.5000	0.083407	258.689
254.4000	0.0736013	258.758
254.3000	0.070025	258.826
254.2000	0.0836772	258.9
254.1000	0.0747417	258.973
254.0000	0.0527707	259.046
253.9000	0.0781201	259.124
253.8000	0.0805256	259.199
253.7000	0.097202	259.279
253.6000	0.106643	259.353
253.5000	0.0917944	259.427
253.4000	0.0926174	259.501
253.3000	0.0950178	259.569
253.2000	0.0653133	259.64
253.1000	0.0563107	259.713
253.0000	0.0174587	259.779
252.9000	0.0313476	259.848
252.8000	0.0272058	259.916
252.7000	0.027998	259.988
252.6000	0.0258292	260.063
252.5000	0.0302315	260.137
252.4000	0.0741782	260.214
252.3000	0.100647	260.294
252.2000	0.0710408	260.375
252.1000	0.0675358	260.452
252.0000	0.0748217	260.526
251.9000	0.0768612	260.602
251.8000	0.0756763	260.675
251.7000	0.0520942	260.743
251.6000	0.0518168	260.817
251.5000	0.0619732	260.894
251.4000	0.0708128	260.967
251.3000	0.0743998	261.042
251.2000	0.081147	261.117
251.1000	0.0882253	261.195
251.0000	0.0847516	261.277
250.9000	0.0562405	261.356
250.8000	0.067007	261.426
250.7000	0.0617812	261.504
250.6000	0.0373671	261.579
250.5000	0.0429032	261.653
250.4000	0.0314564	261.724
250.3000	0.0121509	261.799
250.2000	0.0454302	261.871
250.1000	0.047151	261.947
250.0000	0.0459768	262.02
249.9000	0.0530131	262.093
249.8000	0.0464812	262.169
249.7000	0.0579009	262.247
249.6000	0.0677163	262.318
249.5000	0.0770994	262.391
249.4000	0.0852868	262.464
249.3000	0.0897112	262.534
249.2000	0.0943964	262.608
249.1000	0.0829528	262.684
249.0000	0.0817989	262.755
248.9000	0.102014	262.832
248.8000	0.076208	262.906
248.7000	0.0545201	262.976
248.6000	0.0540627	263.049
248.5000	0.0629321	263.126
248.4000	0.0709414	263.195
248.3000	0.0481049	263.272
248.2000	0.0526759	263.345
248.1000	0.0512548	263.412
248.0000	0.0736785	263.491
247.9000	0.0674856	263.568
247.8000	0.0457471	263.642
247.7000	0.0142696	263.722
247.6000	-0.000351419	263.796
247.5000	-0.0213886	263.87
247.4000	-0.0169116	263.948
247.3000	-0.0128979	264.02
247.2000	-0.015032	264.088
247.1000	-0.0120925	264.165
247.0000	0.00224039	264.241
246.9000	-0.00264049	264.315
246.8000	-0.0139544	264.395
246.7000	-0.0260758	264.472
246.6000	-0.0333553	264.552
246.5000	-0.0346812	264.635
246.4000	0.00081559	264.706
246.3000	0.00556583	264.783
246.2000	0.0244394	264.862
246.1000	0.0395209	264.939
246.0000	0.0475409	265.016
245.9000	0.0454155	265.097
245.8000	0.0127102	265.177
245.7000	0.00618771	265.262
245.6000	0.0288477	265.343
245.5000	0.0420978	265.421
245.4000	0.0503761	265.5
245.3000	0.0573769	265.581
245.2000	0.0395231	265.659
245.1000	0.0507111	265.738
245.0000	0.0601908	265.813
244.9000	0.0624085	265.889
244.8000	0.0133244	265.966
244.7000	-0.0121815	266.045
244.6000	-0.00636081	266.127
244.5000	-0.0150042	266.206
244.4000	-0.0306144	266.287
244.3000	-0.0554172	266.365
244.2000	-0.0739502	266.448
244.1000	-0.0559874	266.526
244.0000	-0.0366392	266.607
243.9000	-0.0473589	266.687
243.8000	-0.0346767	266.767
243.7000	-0.0126161	266.848
243.6000	-0.000542899	266.93
243.5000	0.0243721	267.015
243.4000	0.0453485	267.1
243.3000	0.0299076	267.187
243.2000	0.0296307	267.276
243.1000	0.0105845	267.362
243.0000	0.0159256	267.452
242.9000	0.0449551	267.544
242.8000	0.0311427	267.633
242.7000	0.023072	267.726
242.6000	0.0252714	267.819
242.5000	0.0350381	267.915
242.4000	0.0383362	268.012
242.3000	0.00776947	268.111
242.2000	-0.0242139	268.21
242.1000	-0.0210382	268.309
242.0000	-0.0115223	268.416
241.9000	-0.0428364	268.516
241.8000	-0.044096	268.619
241.7000	-0.0338485	268.728
241.6000	-0.0125642	268.832
241.5000	-0.024379	268.936
241.4000	-0.0617047	269.044
241.3000	-0.0781695	269.146
241.2000	-0.0596973	269.254
241.1000	-0.0673262	269.369
241.0000	-0.0597457	269.476
240.9000	-0.0661361	269.586
240.8000	-0.0388004	269.693
240.7000	-0.0151128	269.804
240.6000	-0.0160913	269.919
240.5000	-0.0122222	270.032
240.4000	0.0200125	270.143
240.3000	-0.00659699	270.257
240.2000	-0.00707805	270.369
240.1000	-0.0329457	270.484
240.0000	-0.0317611	270.601
239.9000	-0.0420441	270.72
239.8000	-0.0257033	270.842
239.7000	-0.0127296	270.968
239.6000	0.000415991	271.096
239.5000	0.00222176	271.226
239.4000	0.0279278	271.359
239.3000	0.0218287	271.497
239.2000	0.0188132	271.629
239.1000	0.00266855	271.761
239.0000	-0.040329	271.89
238.9000	-0.0665503	272.025
238.8000	-0.101201	272.159
238.7000	-0.131987	272.288
238.6000	-0.153111	272.422
238.5000	-0.167579	272.557
238.4000	-0.18115	272.7
238.3000	-0.189594	272.84
238.2000	-0.174381	272.977
238.1000	-0.15274	273.12
238.0000	-0.157059	273.264
237.9000	-0.146882	273.408
237.8000	-0.157702	273.548
237.7000	-0.164826	273.687
237.6000	-0.143205	273.826
237.5000	-0.151722	273.963
237.4000	-0.134527	274.103
237.3000	-0.117968	274.246
237.2000	-0.111304	274.394
237.1000	-0.109377	274.544
237.0000	-0.133108	274.693
236.9000	-0.172366	274.84
236.8000	-0.205575	274.986
236.7000	-0.247988	275.131
236.6000	-0.277279	275.279
236.5000	-0.298364	275.429
236.4000	-0.320751	275.573
236.3000	-0.299973	275.717
236.2000	-0.311891	275.866
236.1000	-0.274151	276.014
236.0000	-0.276313	276.163
235.9000	-0.258913	276.309
235.8000	-0.25959	276.449
235.7000	-0.258532	276.592
235.6000	-0.275895	276.736
235.5000	-0.262775	276.882
235.4000	-0.287332	277.026
235.3000	-0.309246	277.17
235.2000	-0.307338	277.316
235.1000	-0.32217	277.467
235.0000	-0.325935	277.621
234.9000	-0.309082	277.772
234.8000	-0.31616	277.921
234.7000	-0.31931	278.072
234.6000	-0.276605	278.224
234.5000	-0.287225	278.376
234.4000	-0.283755	278.522
234.3000	-0.272789	278.663
234.2000	-0.272682	278.806
234.1000	-0.287066	278.947
234.0000	-0.285969	279.09
233.9000	-0.343113	279.228
233.8000	-0.347052	279.373
233.7000	-0.360395	279.521
233.6000	-0.402403	279.672
233.5000	-0.408539	279.823
233.4000	-0.446578	279.974
233.3000	-0.45284	280.125
233.2000	-0.442641	280.279
233.1000	-0.439092	280.429
233.0000	-0.428193	280.584
232.9000	-0.436834	280.737
232.8000	-0.446974	280.894
232.7000	-0.439449	281.057
232.6000	-0.446665	281.218
232.5000	-0.467231	281.383
232.4000	-0.483233	281.548
232.3000	-0.505496	281.711
232.2000	-0.537923	281.871
232.1000	-0.535511	282.029
232.0000	-0.527262	282.184
231.9000	-0.498466	282.345
231.8000	-0.516956	282.502
231.7000	-0.53011	282.654
231.6000	-0.529761	282.801
231.5000	-0.53668	282.953
231.4000	-0.54745	283.103
231.3000	-0.534621	283.255
231.2000	-0.553023	283.406
231.1000	-0.55056	283.554
231.0000	-0.570041	283.707
230.9000	-0.589089	283.86
230.8000	-0.600481	284.013
230.7000	-0.610867	284.166
230.6000	-0.661323	284.321
230.5000	-0.710041	284.471
230.4000	-0.718263	284.625
230.3000	-0.712768	284.777
230.2000	-0.703582	284.929
230.1000	-0.705704	285.079
230.0000	-0.692636	285.23
229.9000	-0.682812	285.385
229.8000	-0.627062	285.543
229.7000	-0.590771	285.694
229.6000	-0.617696	285.85
229.5000	-0.622884	286.016
229.4000	-0.642153	286.179
229.3000	-0.699306	286.343
229.2000	-0.692964	286.503
229.1000	-0.726473	286.669
229.0000	-0.744968	286.839
228.9000	-0.748671	287.006
228.8000	-0.783426	287.168
228.7000	-0.784044	287.336
228.6000	-0.786191	287.502
228.5000	-0.81323	287.67
228.4000	-0.836458	287.839
228.3000	-0.861786	288.009
228.2000	-0.851471	288.177
228.1000	-0.833692	288.347
228.0000	-0.870603	288.512
227.9000	-0.889145	288.678
227.8000	-0.949108	288.843
227.7000	-0.965975	289.007
227.6000	-0.97482	289.169
227.5000	-0.983463	289.331
227.4000	-1.02038	289.487
227.3000	-1.01565	289.649
227.2000	-0.9795	289.81
227.1000	-0.966003	289.968
227.0000	-0.958426	290.124
226.9000	-1.00289	290.281
226.8000	-0.99757	290.439
226.7000	-0.986715	290.596
226.6000	-1.00498	290.748
226.5000	-1.05456	290.905
226.4000	-1.04717	291.064
226.3000	-1.05015	291.224
226.2000	-1.04009	291.379
226.1000	-1.05436	291.536
226.0000	-1.04496	291.693
225.9000	-1.01433	291.845
225.8000	-1.01624	291.994
225.7000	-1.04933	292.147
225.6000	-1.07428	292.294
225.5000	-1.09026	292.447
225.4000	-1.07032	292.593
225.3000	-1.10181	292.741
225.2000	-1.08026	292.893
225.1000	-1.05981	293.044
225.0000	-1.06447	293.194
224.9000	-1.04533	293.346
224.8000	-1.05464	293.498
224.7000	-1.09562	293.647
224.6000	-1.0812	293.799
224.5000	-1.12055	293.951
224.4000	-1.12329	294.106
224.3000	-1.09149	294.258
224.2000	-1.09959	294.409
224.1000	-1.11839	294.566
224.0000	-1.12147	294.723
223.9000	-1.15553	294.881
223.8000	-1.1137	295.036
223.7000	-1.10711	295.191
223.6000	-1.14692	295.349
223.5000	-1.15829	295.502
223.4000	-1.16685	295.656
223.3000	-1.17969	295.809
223.2000	-1.19714	295.961
223.1000	-1.24868	296.123
223.0000	-1.23812	296.283
222.9000	-1.27512	296.448
222.8000	-1.29344	296.617
222.7000	-1.30974	296.781
222.6000	-1.3094	296.948
222.5000	-1.25479	297.115
222.4000	-1.24346	297.274
222.3000	-1.27557	297.439
222.2000	-1.25047	297.598
222.1000	-1.27404	297.756
222.0000	-1.28267	297.913
221.9000	-1.27472	298.072
221.8000	-1.33923	298.231
221.7000	-1.38002	298.39
221.6000	-1.41064	298.547
221.5000	-1.39436	298.7
221.4000	-1.38013	298.856
221.3000	-1.37197	299.011
221.2000	-1.39415	299.163
221.1000	-1.36716	299.318
221.0000	-1.37125	299.473
220.9000	-1.38301	299.622
220.8000	-1.37668	299.775
220.7000	-1.37164	299.926
220.6000	-1.3819	300.077
220.5000	-1.38326	300.227
220.4000	-1.41676	300.373
220.3000	-1.42124	300.518
220.2000	-1.4119	300.663
220.1000	-1.39006	300.811
220.0000	-1.3695	300.956
219.9000	-1.36688	301.104
219.8000	-1.37784	301.253
219.7000	-1.34798	301.398
219.6000	-1.30681	301.54
219.5000	-1.30632	301.681
219.4000	-1.30535	301.823
219.3000	-1.32724	301.966
219.2000	-1.32759	302.106
219.1000	-1.31232	302.246
219.0000	-1.30366	302.388
218.9000	-1.34924	302.533
218.8000	-1.3624	302.68
218.7000	-1.38321	302.826
218.6000	-1.4301	302.97
218.5000	-1.42197	303.117
218.4000	-1.47497	303.262
218.3000	-1.4797	303.411
218.2000	-1.46329	303.557
218.1000	-1.4853	303.705
218.0000	-1.4691	303.855
217.9000	-1.36548	304.007
217.8000	-1.34532	304.161
217.7000	-1.34047	304.311
217.6000	-1.33622	304.461
217.5000	-1.31167	304.611
217.4000	-1.28322	304.759
217.3000	-1.28837	304.909
217.2000	-1.29257	305.061
217.1000	-1.26092	305.211
217.0000	-1.26759	305.363
216.9000	-1.24508	305.516
216.8000	-1.29145	305.671
216.7000	-1.29922	305.826
216.6000	-1.26653	305.981
216.5000	-1.32142	306.134
216.4000	-1.35324	306.29
216.3000	-1.32175	306.443
216.2000	-1.32913	306.6
216.1000	-1.27838	306.754
216.0000	-1.24452	306.908
215.9000	-1.25025	307.06
215.8000	-1.23047	307.211
215.7000	-1.23178	307.357
215.6000	-1.22975	307.507
215.5000	-1.22968	307.653
215.4000	-1.22548	307.798
215.3000	-1.2582	307.939
215.2000	-1.24529	308.079
215.1000	-1.22814	308.216
215.0000	-1.25292	308.354
214.9000	-1.23848	308.487
214.8000	-1.22715	308.623
214.7000	-1.26478	308.762
214.6000	-1.28717	308.899
214.5000	-1.30025	309.039
214.4000	-1.23889	309.182
214.3000	-1.16893	309.322
214.2000	-1.19283	309.463
214.1000	-1.13402	309.603
214.0000	-1.10805	309.739
213.9000	-1.06739	309.875
213.8000	-1.06947	310.01
213.7000	-1.09505	310.151
213.6000	-1.10967	310.295
213.5000	-1.08944	310.436
213.4000	-1.10047	310.582
213.3000	-1.07127	310.737
213.2000	-1.08187	310.894
213.1000	-1.04874	311.048
213.0000	-1.04482	311.206
212.9000	-1.04503	311.37
212.8000	-1.04153	311.54
212.7000	-1.03751	311.706
212.6000	-1.05613	311.872
212.5000	-1.01648	312.041
212.4000	-1.0271	312.214
212.3000	-1.03563	312.387
212.2000	-1.02556	312.562
212.1000	-1.01333	312.739
212.0000	-0.997929	312.918
211.9000	-0.980509	313.092
211.8000	-1.03889	313.267
211.7000	-1.03429	313.442
211.6000	-1.03584	313.619
211.5000	-1.01281	313.792
211.4000	-0.995032	313.961
211.3000	-1.01925	314.132
211.2000	-0.995125	314.307
211.1000	-0.970517	314.48
211.0000	-0.987125	314.653
210.9000	-0.960809	314.824
210.8000	-0.956457	314.993
210.7000	-0.958962	315.163
210.6000	-0.936342	315.331
210.5000	-0.924033	315.497
210.4000	-0.910351	315.667
210.3000	-0.874677	315.837
210.2000	-0.875574	316.004
210.1000	-0.881866	316.174
210.0000	-0.855431	316.347
209.9000	-0.841154	316.526
209.8000	-0.868518	316.701
209.7000	-0.846058	316.873
209.6000	-0.799461	317.044
209.5000	-0.7624	317.222
209.4000	-0.742202	317.399
209.3000	-0.745008	317.581
209.2000	-0.749516	317.76
209.1000	-0.704625	317.942
209.0000	-0.741497	318.129
208.9000	-0.751338	318.319
208.8000	-0.791059	318.51
208.7000	-0.777969	318.706
208.6000	-0.774624	318.891
208.5000	-0.746689	319.09
208.4000	-0.701038	319.288
208.3000	-0.637217	319.49
208.2000	-0.617758	319.687
208.1000	-0.59914	319.885
208.0000	-0.578403	320.082
207.9000	-0.538805	320.286
207.8000	-0.586836	320.484
207.7000	-0.633734	320.69
207.6000	-0.624196	320.893
207.5000	-0.635544	321.101
207.4000	-0.576102	321.314
207.3000	-0.567659	321.53
207.2000	-0.537212	321.741
207.1000	-0.483843	321.955
207.0000	-0.426006	322.169
206.9000	-0.40216	322.383
206.8000	-0.34821	322.596
206.7000	-0.347545	322.809
206.6000	-0.346493	323.021
206.5000	-0.403953	323.233
206.4000	-0.414392	323.441
206.3000	-0.423789	323.651
206.2000	-0.381354	323.861
206.1000	-0.351502	324.072
206.0000	-0.329907	324.282
205.9000	-0.315393	324.497
205.8000	-0.216151	324.708
205.7000	-0.120273	324.923
205.6000	-0.0796015	325.136
205.5000	-0.0954581	325.347
205.4000	-0.15872	325.561
205.3000	-0.180313	325.774
205.2000	-0.223271	325.984
205.1000	-0.236818	326.201
205.0000	-0.260515	326.417
204.9000	-0.22622	326.638
204.8000	-0.233194	326.862
204.7000	-0.161713	327.083
204.6000	-0.0924391	327.311
204.5000	-0.0220835	327.54
204.4000	0.00262584	327.771
204.3000	0.0347773	328.005
204.2000	0.0519854	328.24
204.1000	0.0806972	328.482
204.0000	0.137309	328.721
203.9000	0.14598	328.966
203.8000	0.193656	329.209
203.7000	0.217498	329.454
203.6000	0.196216	329.7
203.5000	0.243856	329.943
203.4000	0.304933	330.185
203.3000	0.296606	330.429
203.2000	0.265222	330.67
203.1000	0.253209	330.915
203.0000	0.252147	331.161
202.9000	0.245678	331.409
202.8000	0.226769	331.666
202.7000	0.229591	331.919
202.6000	0.300973	332.178
202.5000	0.356324	332.442
202.4000	0.389755	332.704
202.3000	0.435579	332.968
202.2000	0.462309	333.235
202.1000	0.498094	333.494
202.0000	0.449748	333.764
201.9000	0.43225	334.034
201.8000	0.440135	334.308
201.7000	0.443253	334.585
201.6000	0.474822	334.861
201.5000	0.465672	335.135
201.4000	0.403559	335.42
201.3000	0.420331	335.708
201.2000	0.406807	335.994
201.1000	0.408029	336.283
201.0000	0.425081	336.574
200.9000	0.430284	336.875
200.8000	0.413488	337.179
200.7000	0.444415	337.486
200.6000	0.515984	337.795
200.5000	0.521092	338.108
200.4000	0.537305	338.424
200.3000	0.495655	338.742
200.2000	0.465321	339.06
200.1000	0.517287	339.388
200.0000	0.589143	339.714
199.9000	0.598031	340.04
199.8000	0.675526	340.369
199.7000	0.746471	340.704
199.6000	0.805953	341.039
199.5000	0.837536	341.375
199.4000	0.830267	341.707
199.3000	0.798357	342.041
199.2000	0.853558	342.377
199.1000	0.784049	342.721
199.0000	0.727503	343.072
198.9000	0.753999	343.43
198.8000	0.76742	343.791
198.7000	0.835325	344.151
198.6000	0.810692	344.515
198.5000	0.723778	344.889
198.4000	0.775351	345.261
198.3000	0.802395	345.626
198.2000	0.756016	345.995
198.1000	0.73201	346.368
198.0000	0.683718	346.748
197.9000	0.706239	347.132
197.8000	0.812372	347.519
197.7000	0.754373	347.91
197.6000	0.882949	348.307
197.5000	0.983966	348.706
197.4000	1.03374	349.112
197.3000	1.05865	349.527
197.2000	1.06876	349.946
197.1000	1.05875	350.37
197.0000	1.19067	350.796
196.9000	1.15444	351.229
196.8000	1.21568	351.668
196.7000	1.27933	352.109
196.6000	1.29281	352.548
196.5000	1.26162	352.991
196.4000	1.22057	353.431
196.3000	1.10102	353.878
196.2000	1.02639	354.328
196.1000	0.939219	354.783
196.0000	0.897288	355.239
195.9000	0.989705	355.696
195.8000	1.03569	356.154
195.7000	1.0597	356.615
195.6000	1.11082	357.077
195.5000	1.17774	357.543
195.4000	1.16015	358.012
195.3000	1.16897	358.494
195.2000	1.13802	358.993
195.1000	1.19445	359.513
195.0000	1.26483	360.048
194.9000	1.25325	360.602
194.8000	1.20814	361.17
194.7000	1.19132	361.755
194.6000	1.15357	362.354
194.5000	1.20962	362.956
194.4000	1.18399	363.563
194.3000	1.1983	364.177
194.2000	1.24636	364.794
194.1000	1.35349	365.424
194.0000	1.46754	366.049
193.9000	1.4391	366.683
193.8000	1.36961	367.323
193.7000	1.37663	367.973
193.6000	1.36595	368.627
193.5000	1.31764	369.292
193.4000	1.2773	369.965
193.3000	1.20967	370.647
193.2000	1.28798	371.336
193.1000	1.32688	372.032
193.0000	1.25804	372.733
192.9000	1.32198	373.451
192.8000	1.36241	374.171
192.7000	1.31211	374.894
192.6000	1.35681	375.622
192.5000	1.28607	376.361
192.4000	1.25958	377.108
192.3000	1.32671	377.861
192.2000	1.31973	378.611
192.1000	1.28968	379.372
192.0000	1.28252	380.143
191.9000	1.25147	380.923
191.8000	1.31616	381.711
191.7000	1.29566	382.505
191.6000	1.28797	383.303
191.5000	1.25293	384.114
191.4000	1.28725	384.937
191.3000	1.23858	385.768
191.2000	1.11633	386.602
191.1000	1.02085	387.448
191.0000	1.12246	388.31
190.9000	1.04955	389.188
190.8000	0.974581	390.066
190.7000	0.980004	390.952
190.6000	1.06005	391.847
190.5000	1.21221	392.766
190.4000	1.24959	393.69
190.3000	1.05598	394.619
190.2000	1.10431	395.566
190.1000	1.25804	396.531
190.0000	1.23337	397.506
189.9000	1.27385	398.498
189.8000	1.24698	399.496
189.7000	1.23986	400.513
189.6000	1.32561	401.547
189.5000	1.19957	402.598
189.4000	1.15307	403.665
189.3000	1.16937	404.761
189.2000	1.11473	405.874
189.1000	1.09381	407.008
189.0000	1.11308	408.161
188.9000	1.26391	409.335
188.8000	1.36297	410.528
188.7000	1.38728	411.743
188.6000	1.42527	412.975
188.5000	1.48302	414.238
188.4000	1.6678	415.53
188.3000	1.54975	416.849
188.2000	1.371	418.193
188.1000	1.29548	419.572
188.0000	1.13028	420.982
187.9000	1.14422	422.429
187.8000	1.14742	423.904
187.7000	1.16552	425.42
187.6000	1.26318	426.979
187.5000	1.33295	428.583
187.4000	1.49406	430.23
187.3000	1.43191	431.93
187.2000	1.50705	433.682
187.1000	1.57191	435.488
187.0000	1.51857	437.348
186.9000	1.5992	439.261
186.8000	1.68761	441.232
186.7000	1.55363	443.252
186.6000	1.77044	445.323
186.5000	1.84692	447.453
186.4000	1.681	449.637
186.3000	1.73048	451.876
186.2000	1.63636	454.174
186.1000	1.63156	456.541
186.0000	1.6754	458.98
185.9000	1.59691	461.505
185.8000	1.44338	464.103
185.7000	1.50209	466.809
185.6000	1.5798	469.604
185.5000	1.51021	472.51
185.4000	1.60235	475.516
185.3000	1.55233	478.644
185.2000	1.35618	481.873
185.1000	1.37242	485.229
185.0000	1.35076	488.682
