TITLE	10_251002J_1days
DATA TYPE	
ORIGIN	JASCO
OWNER	
DATE	25/10/03
TIME	19:42:26
SPECTROMETER/DATA SYSTEM	JASCO Corp., J-715, Rev. 1.00
RESOLUTION	
DELTAX	-0.1
XUNITS	NANOMETERS
YUNITS	CD[mdeg]
Y2UNITS	HT[V]
FIRSTX	260.0000
LASTX	185.0000
NPOINTS	751
FIRSTY	0.05403
MAXY	0.26824
MINY	-1.32923
XYDATA
260.0000	0.0540346	254.843
259.9000	0.0914628	254.858
259.8000	0.0894807	254.879
259.7000	0.0975907	254.912
259.6000	0.0788535	254.952
259.5000	0.0654285	255.004
259.4000	0.0790896	255.061
259.3000	0.0509396	255.133
259.2000	0.0143679	255.202
259.1000	0.0252441	255.278
259.0000	0.0239171	255.354
258.9000	0.0443163	255.431
258.8000	0.0482393	255.505
258.7000	0.072849	255.581
258.6000	0.0981107	255.654
258.5000	0.100866	255.724
258.4000	0.067692	255.796
258.3000	0.079039	255.859
258.2000	0.0953225	255.928
258.1000	0.0909033	255.999
258.0000	0.0551311	256.068
257.9000	0.0549244	256.137
257.8000	0.0652924	256.205
257.7000	0.103355	256.275
257.6000	0.0843073	256.343
257.5000	0.0469466	256.418
257.4000	0.0496844	256.482
257.3000	0.0931288	256.552
257.2000	0.0876298	256.618
257.1000	0.0881339	256.686
257.0000	0.0534291	256.753
256.9000	0.0781531	256.826
256.8000	0.098669	256.901
256.7000	0.108156	256.971
256.6000	0.102287	257.044
256.5000	0.0939379	257.109
256.4000	0.0894596	257.18
256.3000	0.0888045	257.247
256.2000	0.0823992	257.314
256.1000	0.07583	257.384
256.0000	0.0860684	257.451
255.9000	0.0811182	257.522
255.8000	0.105867	257.589
255.7000	0.108647	257.661
255.6000	0.107321	257.73
255.5000	0.120419	257.794
255.4000	0.111741	257.864
255.3000	0.0740645	257.928
255.2000	0.0764365	258
255.1000	0.0609127	258.068
255.0000	0.0544349	258.137
254.9000	0.0463287	258.209
254.8000	0.0575262	258.274
254.7000	0.071126	258.344
254.6000	0.12494	258.41
254.5000	0.115919	258.483
254.4000	0.0997027	258.551
254.3000	0.110932	258.618
254.2000	0.104939	258.689
254.1000	0.0860629	258.757
254.0000	0.0769277	258.833
253.9000	0.0519209	258.904
253.8000	0.05179	258.974
253.7000	0.0535153	259.051
253.6000	0.059471	259.123
253.5000	0.0836941	259.198
253.4000	0.0836325	259.27
253.3000	0.091892	259.347
253.2000	0.0951665	259.42
253.1000	0.101184	259.493
253.0000	0.112522	259.565
252.9000	0.100774	259.636
252.8000	0.0799986	259.708
252.7000	0.0604058	259.779
252.6000	0.0380201	259.845
252.5000	0.030226	259.923
252.4000	0.00351891	259.998
252.3000	0.00205884	260.081
252.2000	-0.00250787	260.16
252.1000	0.00775059	260.242
252.0000	0.0209865	260.324
251.9000	0.0250171	260.403
251.8000	0.0298709	260.484
251.7000	0.0414858	260.551
251.6000	0.0222161	260.625
251.5000	0.0545	260.695
251.4000	0.0467499	260.769
251.3000	0.0224548	260.843
251.2000	0.00452921	260.915
251.1000	-0.00896727	260.993
251.0000	-0.00498692	261.069
250.9000	-0.0139157	261.149
250.8000	-0.0309212	261.225
250.7000	-0.00114391	261.305
250.6000	0.0122152	261.379
250.5000	0.00926356	261.45
250.4000	0.0446034	261.527
250.3000	0.0623288	261.597
250.2000	0.0700663	261.67
250.1000	0.0824521	261.739
250.0000	0.0680943	261.813
249.9000	0.0854482	261.882
249.8000	0.0871859	261.953
249.7000	0.052244	262.024
249.6000	0.021521	262.099
249.5000	0.0208281	262.17
249.4000	-0.026837	262.243
249.3000	-0.0133527	262.313
249.2000	0.00401661	262.393
249.1000	0.0291678	262.468
249.0000	0.0487968	262.535
248.9000	0.0658592	262.611
248.8000	0.0730967	262.683
248.7000	0.0911516	262.753
248.6000	0.0714702	262.825
248.5000	0.0462517	262.897
248.4000	0.0351168	262.974
248.3000	0.0371332	263.048
248.2000	0.00882645	263.121
248.1000	-0.00221183	263.195
248.0000	0.00095889	263.269
247.9000	0.00932242	263.341
247.8000	0.0111262	263.41
247.7000	0.0149069	263.484
247.6000	0.0354322	263.555
247.5000	0.0627448	263.628
247.4000	0.0755876	263.702
247.3000	0.0835548	263.779
247.2000	0.0805708	263.855
247.1000	0.0700476	263.932
247.0000	0.0820381	264.009
246.9000	0.0859196	264.085
246.8000	0.0690021	264.169
246.7000	0.0470407	264.246
246.6000	0.0402781	264.323
246.5000	0.0312281	264.404
246.4000	0.049676	264.482
246.3000	0.0347552	264.561
246.2000	0.0151585	264.634
246.1000	0.047114	264.712
246.0000	0.0457081	264.79
245.9000	0.0173631	264.866
245.8000	-0.000246118	264.948
245.7000	-0.0552336	265.022
245.6000	-0.0707127	265.106
245.5000	-0.0503093	265.184
245.4000	-0.0472185	265.262
245.3000	-0.0205102	265.34
245.2000	0.0262938	265.419
245.1000	0.0320541	265.499
245.0000	0.0410346	265.575
244.9000	0.0613905	265.652
244.8000	0.0532396	265.728
244.7000	0.0351466	265.806
244.6000	0.015336	265.886
244.5000	-0.00523652	265.963
244.4000	0.00455156	266.042
244.3000	0.05849	266.119
244.2000	0.0254249	266.201
244.1000	0.021591	266.286
244.0000	0.00982955	266.367
243.9000	0.0284495	266.442
243.8000	0.0608953	266.521
243.7000	0.0696058	266.601
243.6000	0.0364895	266.684
243.5000	0.027559	266.766
243.4000	0.00311037	266.844
243.3000	-0.00837669	266.935
243.2000	-0.0208974	267.028
243.1000	-0.025661	267.115
243.0000	-0.021592	267.204
242.9000	-0.00639781	267.296
242.8000	0.0256802	267.385
242.7000	0.0513824	267.476
242.6000	0.0698738	267.56
242.5000	0.0629281	267.655
242.4000	0.0514363	267.752
242.3000	0.0419284	267.848
242.2000	0.0379436	267.947
242.1000	0.0300986	268.049
242.0000	0.0248003	268.157
241.9000	0.0290473	268.261
241.8000	0.0314288	268.362
241.7000	0.0144325	268.463
241.6000	-0.00135799	268.562
241.5000	-0.0296585	268.66
241.4000	-0.015942	268.766
241.3000	0.00840922	268.863
241.2000	-0.0377027	268.968
241.1000	-0.0330021	269.077
241.0000	-0.0257661	269.189
240.9000	-0.00330706	269.298
240.8000	0.0163086	269.402
240.7000	-0.0213365	269.508
240.6000	-0.0403603	269.62
240.5000	-0.023219	269.731
240.4000	-0.0417069	269.838
240.3000	-0.0212585	269.947
240.2000	-0.0131177	270.065
240.1000	0.0161134	270.181
240.0000	0.0451197	270.295
239.9000	0.0424055	270.411
239.8000	0.0264707	270.531
239.7000	0.0210797	270.652
239.6000	0.000679741	270.778
239.5000	-0.0345717	270.907
239.4000	-0.0542427	271.041
239.3000	-0.0696398	271.175
239.2000	-0.0691295	271.306
239.1000	-0.0872634	271.435
239.0000	-0.0716584	271.569
238.9000	-0.0556653	271.699
238.8000	-0.0575503	271.833
238.7000	-0.0459358	271.961
238.6000	-0.0660586	272.095
238.5000	-0.0437118	272.229
238.4000	-0.0194555	272.364
238.3000	-0.00321915	272.499
238.2000	0.00690048	272.633
238.1000	-0.0106896	272.771
238.0000	-0.0573784	272.908
237.9000	-0.0249125	273.045
237.8000	-0.0268367	273.185
237.7000	-0.0160823	273.327
237.6000	-0.029969	273.473
237.5000	-0.0675092	273.61
237.4000	-0.0633538	273.75
237.3000	-0.0110393	273.891
237.2000	-0.0108329	274.033
237.1000	-0.0381758	274.18
237.0000	-0.0559966	274.32
236.9000	-0.0840507	274.461
236.8000	-0.0666035	274.611
236.7000	-0.0761335	274.76
236.6000	-0.0961264	274.911
236.5000	-0.097927	275.062
236.4000	-0.0946792	275.21
236.3000	-0.0943008	275.358
236.2000	-0.0461755	275.504
236.1000	-0.0258374	275.652
236.0000	-0.0128239	275.802
235.9000	-0.0142949	275.948
235.8000	-0.0202291	276.089
235.7000	-0.0238597	276.233
235.6000	-0.0120742	276.378
235.5000	-0.0170981	276.522
235.4000	-0.0429116	276.662
235.3000	-0.0377183	276.798
235.2000	-0.0559534	276.939
235.1000	-0.0490986	277.085
235.0000	-0.0427643	277.229
234.9000	-0.024806	277.374
234.8000	-0.024128	277.522
234.7000	-0.0340303	277.672
234.6000	-0.0467852	277.824
234.5000	-0.0399445	277.972
234.4000	-0.0309587	278.119
234.3000	-0.0176566	278.266
234.2000	-0.0417113	278.41
234.1000	-0.0314477	278.555
234.0000	-0.0274959	278.705
233.9000	-0.0370209	278.85
233.8000	-0.0345424	278.996
233.7000	-0.0650187	279.144
233.6000	-0.0792642	279.294
233.5000	-0.106851	279.446
233.4000	-0.148415	279.591
233.3000	-0.137706	279.733
233.2000	-0.133962	279.879
233.1000	-0.172144	280.029
233.0000	-0.16571	280.18
232.9000	-0.168526	280.325
232.8000	-0.182712	280.476
232.7000	-0.178781	280.633
232.6000	-0.181726	280.793
232.5000	-0.167767	280.952
232.4000	-0.154106	281.108
232.3000	-0.142748	281.274
232.2000	-0.111927	281.44
232.1000	-0.122148	281.602
232.0000	-0.127909	281.765
231.9000	-0.120377	281.92
231.8000	-0.133181	282.078
231.7000	-0.12741	282.233
231.6000	-0.124487	282.387
231.5000	-0.170734	282.536
231.4000	-0.148505	282.692
231.3000	-0.150594	282.841
231.2000	-0.200286	282.994
231.1000	-0.235308	283.143
231.0000	-0.253528	283.295
230.9000	-0.299381	283.439
230.8000	-0.284007	283.59
230.7000	-0.293411	283.738
230.6000	-0.290789	283.89
230.5000	-0.26448	284.039
230.4000	-0.210434	284.193
230.3000	-0.188698	284.344
230.2000	-0.186746	284.497
230.1000	-0.178919	284.646
230.0000	-0.193831	284.793
229.9000	-0.182449	284.942
229.8000	-0.239072	285.099
229.7000	-0.24397	285.255
229.6000	-0.234226	285.413
229.5000	-0.277493	285.57
229.4000	-0.28629	285.732
229.3000	-0.283233	285.894
229.2000	-0.296575	286.055
229.1000	-0.282974	286.213
229.0000	-0.312356	286.374
228.9000	-0.33549	286.537
228.8000	-0.333126	286.698
228.7000	-0.351302	286.862
228.6000	-0.357135	287.028
228.5000	-0.357337	287.197
228.4000	-0.337775	287.37
228.3000	-0.349407	287.535
228.2000	-0.352775	287.702
228.1000	-0.328122	287.875
228.0000	-0.318738	288.042
227.9000	-0.336146	288.211
227.8000	-0.326197	288.374
227.7000	-0.360318	288.535
227.6000	-0.359361	288.7
227.5000	-0.383296	288.858
227.4000	-0.395597	289.018
227.3000	-0.431807	289.178
227.2000	-0.431607	289.336
227.1000	-0.443278	289.487
227.0000	-0.404732	289.643
226.9000	-0.395885	289.79
226.8000	-0.383183	289.945
226.7000	-0.409356	290.094
226.6000	-0.377865	290.244
226.5000	-0.391195	290.4
226.4000	-0.406799	290.556
226.3000	-0.393184	290.705
226.2000	-0.403024	290.862
226.1000	-0.359252	291.021
226.0000	-0.330904	291.172
225.9000	-0.333509	291.321
225.8000	-0.33048	291.472
225.7000	-0.309589	291.623
225.6000	-0.381138	291.774
225.5000	-0.387286	291.922
225.4000	-0.412327	292.066
225.3000	-0.433219	292.215
225.2000	-0.443887	292.362
225.1000	-0.449256	292.508
225.0000	-0.470307	292.656
224.9000	-0.448546	292.804
224.8000	-0.466657	292.953
224.7000	-0.457634	293.104
224.6000	-0.472863	293.258
224.5000	-0.464398	293.414
224.4000	-0.470696	293.569
224.3000	-0.506606	293.723
224.2000	-0.466177	293.875
224.1000	-0.450606	294.027
224.0000	-0.437204	294.179
223.9000	-0.432402	294.332
223.8000	-0.453731	294.477
223.7000	-0.408621	294.626
223.6000	-0.399077	294.78
223.5000	-0.417492	294.938
223.4000	-0.427533	295.098
223.3000	-0.44089	295.251
223.2000	-0.446366	295.406
223.1000	-0.45788	295.565
223.0000	-0.529384	295.722
222.9000	-0.523101	295.881
222.8000	-0.531339	296.037
222.7000	-0.576114	296.192
222.6000	-0.570527	296.353
222.5000	-0.525661	296.512
222.4000	-0.508066	296.674
222.3000	-0.474424	296.837
222.2000	-0.462876	296.996
222.1000	-0.431125	297.153
222.0000	-0.420928	297.316
221.9000	-0.433204	297.473
221.8000	-0.420324	297.633
221.7000	-0.416803	297.793
221.6000	-0.46075	297.952
221.5000	-0.515408	298.111
221.4000	-0.542188	298.27
221.3000	-0.544998	298.423
221.2000	-0.565018	298.573
221.1000	-0.569991	298.725
221.0000	-0.564673	298.869
220.9000	-0.516306	299.013
220.8000	-0.479643	299.158
220.7000	-0.477127	299.303
220.6000	-0.481504	299.451
220.5000	-0.476708	299.596
220.4000	-0.505092	299.739
220.3000	-0.457036	299.89
220.2000	-0.442717	300.038
220.1000	-0.452828	300.183
220.0000	-0.432844	300.329
219.9000	-0.41256	300.473
219.8000	-0.397938	300.617
219.7000	-0.380488	300.761
219.6000	-0.464547	300.9
219.5000	-0.473051	301.041
219.4000	-0.454581	301.186
219.3000	-0.487663	301.326
219.2000	-0.520422	301.473
219.1000	-0.521193	301.617
219.0000	-0.549074	301.76
218.9000	-0.526175	301.907
218.8000	-0.560425	302.049
218.7000	-0.609156	302.19
218.6000	-0.588502	302.335
218.5000	-0.558643	302.473
218.4000	-0.563398	302.621
218.3000	-0.545325	302.767
218.2000	-0.517292	302.911
218.1000	-0.463082	303.061
218.0000	-0.425252	303.209
217.9000	-0.410699	303.359
217.8000	-0.412414	303.512
217.7000	-0.380828	303.657
217.6000	-0.368495	303.803
217.5000	-0.377924	303.954
217.4000	-0.409759	304.102
217.3000	-0.448436	304.251
217.2000	-0.470898	304.401
217.1000	-0.475109	304.551
217.0000	-0.508206	304.708
216.9000	-0.552281	304.862
216.8000	-0.5884	305.013
216.7000	-0.564122	305.171
216.6000	-0.52944	305.324
216.5000	-0.5215	305.477
216.4000	-0.526759	305.63
216.3000	-0.537544	305.779
216.2000	-0.520849	305.929
216.1000	-0.534521	306.079
216.0000	-0.531846	306.229
215.9000	-0.551405	306.379
215.8000	-0.534787	306.535
215.7000	-0.529721	306.681
215.6000	-0.558154	306.83
215.5000	-0.567222	306.976
215.4000	-0.487127	307.117
215.3000	-0.490695	307.256
215.2000	-0.482708	307.396
215.1000	-0.54624	307.535
215.0000	-0.543254	307.675
214.9000	-0.507087	307.812
214.8000	-0.528201	307.952
214.7000	-0.598766	308.091
214.6000	-0.622274	308.233
214.5000	-0.661188	308.367
214.4000	-0.60365	308.503
214.3000	-0.622821	308.641
214.2000	-0.598835	308.78
214.1000	-0.596201	308.922
214.0000	-0.592109	309.057
213.9000	-0.584187	309.195
213.8000	-0.554232	309.337
213.7000	-0.534329	309.477
213.6000	-0.497282	309.62
213.5000	-0.557625	309.757
213.4000	-0.524589	309.901
213.3000	-0.599771	310.047
213.2000	-0.615067	310.2
213.1000	-0.650667	310.352
213.0000	-0.65075	310.51
212.9000	-0.657106	310.669
212.8000	-0.58783	310.829
212.7000	-0.564539	310.99
212.6000	-0.515557	311.156
212.5000	-0.524179	311.32
212.4000	-0.513126	311.484
212.3000	-0.563895	311.651
212.2000	-0.566882	311.821
212.1000	-0.630463	311.993
212.0000	-0.633442	312.174
211.9000	-0.569537	312.348
211.8000	-0.528065	312.527
211.7000	-0.55723	312.71
211.6000	-0.585021	312.89
211.5000	-0.59004	313.073
211.4000	-0.600073	313.253
211.3000	-0.589139	313.43
211.2000	-0.60843	313.602
211.1000	-0.608861	313.771
211.0000	-0.581319	313.936
210.9000	-0.570583	314.1
210.8000	-0.614051	314.262
210.7000	-0.624798	314.422
210.6000	-0.62694	314.588
210.5000	-0.664422	314.758
210.4000	-0.713953	314.926
210.3000	-0.75509	315.091
210.2000	-0.774465	315.261
210.1000	-0.76241	315.434
210.0000	-0.795111	315.605
209.9000	-0.796901	315.773
209.8000	-0.780493	315.945
209.7000	-0.766357	316.121
209.6000	-0.764573	316.302
209.5000	-0.759698	316.48
209.4000	-0.743628	316.661
209.3000	-0.722647	316.842
209.2000	-0.785256	317.023
209.1000	-0.822627	317.205
209.0000	-0.804702	317.387
208.9000	-0.764838	317.57
208.8000	-0.715665	317.757
208.7000	-0.725759	317.943
208.6000	-0.732475	318.134
208.5000	-0.738951	318.33
208.4000	-0.74595	318.528
208.3000	-0.781751	318.722
208.2000	-0.855474	318.924
208.1000	-0.912049	319.125
208.0000	-0.891569	319.326
207.9000	-0.8901	319.526
207.8000	-0.889322	319.725
207.7000	-0.879692	319.927
207.6000	-0.862404	320.134
207.5000	-0.825637	320.339
207.4000	-0.855282	320.548
207.3000	-0.906877	320.757
207.2000	-0.858054	320.97
207.1000	-0.817241	321.183
207.0000	-0.861205	321.398
206.9000	-0.843883	321.61
206.8000	-0.840614	321.825
206.7000	-0.846318	322.039
206.6000	-0.861324	322.253
206.5000	-0.901579	322.467
206.4000	-0.934396	322.68
206.3000	-0.880661	322.889
206.2000	-0.910265	323.101
206.1000	-0.897059	323.313
206.0000	-0.86386	323.526
205.9000	-0.845529	323.738
205.8000	-0.837667	323.951
205.7000	-0.891838	324.165
205.6000	-0.981723	324.384
205.5000	-1.00375	324.599
205.4000	-1.0535	324.81
205.3000	-1.07974	325.026
205.2000	-1.05407	325.243
205.1000	-1.0366	325.463
205.0000	-0.986544	325.683
204.9000	-0.955814	325.902
204.8000	-0.936335	326.13
204.7000	-0.928232	326.365
204.6000	-0.909245	326.597
204.5000	-0.959737	326.829
204.4000	-1.01617	327.063
204.3000	-1.0355	327.299
204.2000	-1.03404	327.542
204.1000	-1.02207	327.786
204.0000	-1.02095	328.032
203.9000	-1.06786	328.283
203.8000	-1.07805	328.534
203.7000	-1.07844	328.786
203.6000	-1.07011	329.043
203.5000	-1.06706	329.294
203.4000	-1.0225	329.543
203.3000	-0.952835	329.793
203.2000	-0.930977	330.046
203.1000	-0.97942	330.303
203.0000	-1.01397	330.56
202.9000	-0.977769	330.821
202.8000	-1.04087	331.088
202.7000	-1.13061	331.358
202.6000	-1.17712	331.629
202.5000	-1.21187	331.899
202.4000	-1.17942	332.169
202.3000	-1.21359	332.446
202.2000	-1.25085	332.726
202.1000	-1.23989	333.003
202.0000	-1.22695	333.281
201.9000	-1.19454	333.568
201.8000	-1.21298	333.859
201.7000	-1.26038	334.157
201.6000	-1.2661	334.453
201.5000	-1.23223	334.749
201.4000	-1.203	335.052
201.3000	-1.21252	335.354
201.2000	-1.28881	335.655
201.1000	-1.2634	335.963
201.0000	-1.19165	336.267
200.9000	-1.21817	336.578
200.8000	-1.25224	336.894
200.7000	-1.27472	337.214
200.6000	-1.22581	337.541
200.5000	-1.17342	337.869
200.4000	-1.17197	338.203
200.3000	-1.17287	338.548
200.2000	-1.06959	338.889
200.1000	-1.05189	339.234
200.0000	-1.07356	339.586
199.9000	-1.11642	339.934
199.8000	-1.12073	340.29
199.7000	-1.15143	340.644
199.6000	-1.21533	340.998
199.5000	-1.30962	341.352
199.4000	-1.30932	341.707
199.3000	-1.28461	342.062
199.2000	-1.30969	342.431
199.1000	-1.28566	342.801
199.0000	-1.25753	343.177
198.9000	-1.22921	343.557
198.8000	-1.22087	343.946
198.7000	-1.26987	344.332
198.6000	-1.30999	344.717
198.5000	-1.27751	345.102
198.4000	-1.25102	345.493
198.3000	-1.26201	345.881
198.2000	-1.23913	346.274
198.1000	-1.18031	346.674
198.0000	-1.21022	347.082
197.9000	-1.14635	347.495
197.8000	-1.19985	347.91
197.7000	-1.26518	348.326
197.6000	-1.25432	348.75
197.5000	-1.30805	349.176
197.4000	-1.32923	349.604
197.3000	-1.30267	350.04
197.2000	-1.27631	350.488
197.1000	-1.23785	350.939
197.0000	-1.24926	351.388
196.9000	-1.25986	351.849
196.8000	-1.21887	352.314
196.7000	-1.1953	352.783
196.6000	-1.15708	353.249
196.5000	-1.13576	353.716
196.4000	-1.12284	354.189
196.3000	-1.03248	354.675
196.2000	-1.03385	355.162
196.1000	-1.00845	355.65
196.0000	-1.03298	356.144
195.9000	-1.14306	356.645
195.8000	-1.14501	357.143
195.7000	-1.16426	357.641
195.6000	-1.15225	358.139
195.5000	-1.21725	358.639
195.4000	-1.21227	359.142
195.3000	-1.23409	359.654
195.2000	-1.23915	360.186
195.1000	-1.26252	360.735
195.0000	-1.20421	361.301
194.9000	-1.1989	361.88
194.8000	-1.14411	362.479
194.7000	-1.11446	363.097
194.6000	-1.0519	363.725
194.5000	-0.953017	364.351
194.4000	-0.963305	364.985
194.3000	-1.03707	365.625
194.2000	-1.00642	366.272
194.1000	-0.990873	366.927
194.0000	-1.05756	367.582
193.9000	-1.00211	368.238
193.8000	-1.05674	368.909
193.7000	-0.989272	369.588
193.6000	-0.915067	370.276
193.5000	-0.932381	370.965
193.4000	-0.945817	371.661
193.3000	-0.900526	372.367
193.2000	-0.900083	373.086
193.1000	-0.801929	373.807
193.0000	-0.822951	374.538
192.9000	-0.910716	375.275
192.8000	-0.944579	376.023
192.7000	-0.89145	376.772
192.6000	-0.896699	377.525
192.5000	-0.945366	378.277
192.4000	-0.935845	379.037
192.3000	-0.878584	379.8
192.2000	-0.822703	380.567
192.1000	-0.673198	381.338
192.0000	-0.726628	382.118
191.9000	-0.630854	382.903
191.8000	-0.545998	383.694
191.7000	-0.629027	384.493
191.6000	-0.597673	385.298
191.5000	-0.690451	386.117
191.4000	-0.671303	386.946
191.3000	-0.563623	387.779
191.2000	-0.626347	388.633
191.1000	-0.533037	389.491
191.0000	-0.499164	390.361
190.9000	-0.494522	391.236
190.8000	-0.431527	392.121
190.7000	-0.504813	393.016
190.6000	-0.525575	393.924
190.5000	-0.533201	394.84
190.4000	-0.582021	395.77
190.3000	-0.530536	396.711
190.2000	-0.451888	397.665
190.1000	-0.277956	398.625
190.0000	-0.201675	399.601
189.9000	-0.195462	400.593
189.8000	-0.194518	401.596
189.7000	-0.174393	402.609
189.6000	-0.164713	403.647
189.5000	-0.228925	404.701
189.4000	-0.385833	405.779
189.3000	-0.47306	406.862
189.2000	-0.492799	407.966
189.1000	-0.549091	409.09
189.0000	-0.607822	410.231
188.9000	-0.532582	411.379
188.8000	-0.387291	412.554
188.7000	-0.243888	413.746
188.6000	-0.0515737	414.969
188.5000	0.00520225	416.215
188.4000	0.0199921	417.486
188.3000	0.0229845	418.784
188.2000	-0.0129876	420.119
188.1000	-0.275974	421.473
188.0000	-0.148538	422.862
187.9000	-0.113936	424.28
187.8000	-0.0694474	425.725
187.7000	0.049416	427.208
187.6000	0.134865	428.729
187.5000	0.263979	430.285
187.4000	0.268238	431.893
187.3000	0.0491458	433.549
187.2000	0.211156	435.255
187.1000	0.152243	437.02
187.0000	0.17043	438.835
186.9000	0.123185	440.696
186.8000	0.0840671	442.62
186.7000	0.164851	444.592
186.6000	-0.0617859	446.619
186.5000	-0.291135	448.704
186.4000	-0.329648	450.839
186.3000	-0.362704	453.031
186.2000	-0.454719	455.288
186.1000	-0.600557	457.598
186.0000	-0.703933	459.979
185.9000	-0.6352	462.436
185.8000	-0.63739	464.964
185.7000	-0.554981	467.581
185.6000	-0.521889	470.292
185.5000	-0.414193	473.098
185.4000	-0.294666	476.019
185.3000	-0.16426	479.027
185.2000	0.0687117	482.152
185.1000	0.190985	485.394
185.0000	0.156004	488.762
