TITLE	02_250626E_1day
DATA TYPE	
ORIGIN	JASCO
OWNER	
DATE	25/06/27
TIME	10:22:38
SPECTROMETER/DATA SYSTEM	JASCO Corp., J-715, Rev. 1.00
RESOLUTION	
DELTAX	-0.1
XUNITS	NANOMETERS
YUNITS	CD[mdeg]
Y2UNITS	HT[V]
FIRSTX	260.0000
LASTX	185.0000
NPOINTS	751
FIRSTY	0.20384
MAXY	0.20384
MINY	-0.44356
XYDATA
260.0000	0.203836	253.79
259.9000	0.187058	253.812
259.8000	0.144259	253.841
259.7000	0.156482	253.875
259.6000	0.152041	253.92
259.5000	0.113866	253.98
259.4000	0.0844886	254.05
259.3000	0.0878491	254.128
259.2000	0.0897989	254.199
259.1000	0.0960511	254.274
259.0000	0.107095	254.349
258.9000	0.123678	254.42
258.8000	0.137095	254.49
258.7000	0.141326	254.558
258.6000	0.131527	254.628
258.5000	0.11676	254.693
258.4000	0.0949989	254.761
258.3000	0.0611298	254.826
258.2000	0.0521255	254.892
258.1000	0.0377335	254.961
258.0000	0.0336851	255.034
257.9000	0.0290471	255.101
257.8000	0.036108	255.17
257.7000	0.0300984	255.234
257.6000	0.0209687	255.305
257.5000	0.000634044	255.377
257.4000	0.00822072	255.444
257.3000	0.0129585	255.509
257.2000	0.0449506	255.578
257.1000	0.0520289	255.64
257.0000	0.0739492	255.71
256.9000	0.0948787	255.78
256.8000	0.117849	255.847
256.7000	0.0979125	255.916
256.6000	0.106299	255.982
256.5000	0.0817108	256.048
256.4000	0.0785537	256.12
256.3000	0.0643032	256.187
256.2000	0.0462306	256.255
256.1000	0.0426198	256.324
256.0000	0.0736468	256.392
255.9000	0.0799388	256.461
255.8000	0.0923246	256.531
255.7000	0.104166	256.6
255.6000	0.129711	256.667
255.5000	0.127415	256.73
255.4000	0.120215	256.799
255.3000	0.0933416	256.866
255.2000	0.077233	256.94
255.1000	0.085259	257.01
255.0000	0.0513501	257.078
254.9000	0.0330185	257.146
254.8000	0.0460754	257.215
254.7000	0.0592276	257.278
254.6000	0.0543125	257.344
254.5000	0.0729886	257.408
254.4000	0.0795315	257.477
254.3000	0.098102	257.543
254.2000	0.109211	257.615
254.1000	0.112026	257.681
254.0000	0.0952167	257.752
253.9000	0.100054	257.821
253.8000	0.0757811	257.892
253.7000	0.0564441	257.963
253.6000	0.0662985	258.033
253.5000	0.041052	258.101
253.4000	0.0304086	258.175
253.3000	0.0463886	258.244
253.2000	0.0427934	258.318
253.1000	0.0452243	258.385
253.0000	0.0643151	258.456
252.9000	0.0274653	258.527
252.8000	0.0308665	258.598
252.7000	0.041377	258.671
252.6000	0.0302717	258.744
252.5000	0.0354623	258.814
252.4000	0.0183463	258.889
252.3000	-0.00187407	258.964
252.2000	0.00479892	259.04
252.1000	0.00593439	259.115
252.0000	0.00657886	259.183
251.9000	0.00768478	259.258
251.8000	0.000145038	259.332
251.7000	-0.00723352	259.403
251.6000	-0.0110455	259.475
251.5000	-0.00881453	259.543
251.4000	-0.0250195	259.611
251.3000	-0.0351993	259.687
251.2000	-0.0216057	259.76
251.1000	-0.0279667	259.832
251.0000	-0.00890171	259.905
250.9000	0.00782385	259.98
250.8000	0.0224739	260.059
250.7000	0.0470512	260.14
250.6000	0.0495508	260.217
250.5000	0.0549411	260.29
250.4000	0.0743384	260.367
250.3000	0.100022	260.443
250.2000	0.0903072	260.513
250.1000	0.0723978	260.586
250.0000	0.0518526	260.658
249.9000	0.0493084	260.721
249.8000	0.0401343	260.79
249.7000	0.00935023	260.857
249.6000	-0.0178576	260.929
249.5000	-0.0351563	260.997
249.4000	-0.0213375	261.063
249.3000	0.00846982	261.132
249.2000	0.000521789	261.205
249.1000	0.0113301	261.274
249.0000	0.0152816	261.346
248.9000	0.0276116	261.416
248.8000	0.0519373	261.493
248.7000	0.070449	261.565
248.6000	0.0563366	261.636
248.5000	0.067878	261.71
248.4000	0.0731481	261.784
248.3000	0.077573	261.857
248.2000	0.0869875	261.928
248.1000	0.0696359	261.997
248.0000	0.0406769	262.072
247.9000	0.042818	262.146
247.8000	0.0246065	262.211
247.7000	0.0185596	262.282
247.6000	0.00911653	262.352
247.5000	-0.00734975	262.422
247.4000	0.0137806	262.491
247.3000	0.0114424	262.556
247.2000	-0.00660717	262.622
247.1000	-0.0031963	262.699
247.0000	0.000453244	262.772
246.9000	0.0132799	262.844
246.8000	0.0265079	262.92
246.7000	0.0342416	262.996
246.6000	0.0357943	263.077
246.5000	0.050249	263.162
246.4000	0.0627495	263.236
246.3000	0.0776077	263.317
246.2000	0.0784412	263.392
246.1000	0.0676277	263.47
246.0000	0.0734898	263.542
245.9000	0.0537239	263.617
245.8000	0.0299215	263.688
245.7000	-0.00163789	263.763
245.6000	-0.0151031	263.835
245.5000	-0.0227265	263.908
245.4000	-0.0300328	263.985
245.3000	-0.00705769	264.064
245.2000	0.00102917	264.137
245.1000	0.0297825	264.21
245.0000	0.0785636	264.285
244.9000	0.0692159	264.358
244.8000	0.0644217	264.436
244.7000	0.0859191	264.507
244.6000	0.043904	264.582
244.5000	0.0348128	264.654
244.4000	0.0152091	264.731
244.3000	0.0130559	264.803
244.2000	0.0143928	264.881
244.1000	0.0126945	264.956
244.0000	-0.00903333	265.032
243.9000	-0.00865683	265.109
243.8000	-0.0123762	265.19
243.7000	-0.0228604	265.266
243.6000	-0.0407127	265.346
243.5000	-0.035361	265.426
243.4000	-0.0451311	265.509
243.3000	-0.0391374	265.593
243.2000	0.0014623	265.673
243.1000	0.0136577	265.759
243.0000	0.0285489	265.855
242.9000	0.0527004	265.943
242.8000	0.0387855	266.03
242.7000	0.0505952	266.12
242.6000	0.0546202	266.209
242.5000	0.0391165	266.31
242.4000	0.0481871	266.403
242.3000	0.0109876	266.492
242.2000	0.0185249	266.585
242.1000	0.0640487	266.679
242.0000	0.0705508	266.775
241.9000	0.0956891	266.867
241.8000	0.092681	266.962
241.7000	0.0843689	267.058
241.6000	0.0670969	267.154
241.5000	0.0348724	267.253
241.4000	-0.00291889	267.357
241.3000	-0.00319978	267.46
241.2000	-0.0311029	267.567
241.1000	-0.0274897	267.669
241.0000	0.00135154	267.769
240.9000	0.0286897	267.875
240.8000	0.0256389	267.977
240.7000	0.0199966	268.079
240.6000	0.0150497	268.181
240.5000	-0.000640253	268.285
240.4000	-0.0171736	268.391
240.3000	-0.0397409	268.5
240.2000	-0.048168	268.609
240.1000	-0.0197828	268.723
240.0000	-0.0261324	268.837
239.9000	-0.0324555	268.951
239.8000	0.0100486	269.068
239.7000	0.0237984	269.191
239.6000	0.0246502	269.316
239.5000	0.0202229	269.444
239.4000	-0.000997881	269.572
239.3000	-0.00789662	269.698
239.2000	-0.00814547	269.825
239.1000	-0.0559859	269.952
239.0000	-0.0260959	270.081
238.9000	-0.0334494	270.208
238.8000	-0.0369839	270.336
238.7000	-0.0148696	270.458
238.6000	-0.0255498	270.587
238.5000	-0.0221948	270.72
238.4000	-0.0353182	270.85
238.3000	-0.0596469	270.978
238.2000	-0.0440873	271.109
238.1000	-0.0341872	271.244
238.0000	-0.0231196	271.38
237.9000	0.0011377	271.515
237.8000	0.00231092	271.648
237.7000	0.00284314	271.784
237.6000	0.0201541	271.92
237.5000	0.0263773	272.058
237.4000	-0.00257045	272.195
237.3000	-0.00102818	272.333
237.2000	-0.0273806	272.472
237.1000	-0.00939469	272.613
237.0000	0.017563	272.749
236.9000	0.00277882	272.887
236.8000	-0.0295267	273.023
236.7000	-0.0354635	273.158
236.6000	-0.0266189	273.294
236.5000	-0.0261538	273.431
236.4000	-0.0466781	273.565
236.3000	-0.0703235	273.705
236.2000	-0.0695512	273.847
236.1000	-0.0596151	273.984
236.0000	-0.0252724	274.125
235.9000	-0.0308732	274.264
235.8000	-0.0323899	274.4
235.7000	-0.0483056	274.537
235.6000	-0.00991747	274.672
235.5000	0.0184039	274.807
235.4000	0.00471572	274.946
235.3000	-0.040371	275.082
235.2000	-0.0680886	275.218
235.1000	-0.0536146	275.362
235.0000	-0.0329127	275.507
234.9000	-0.081526	275.649
234.8000	-0.0732109	275.789
234.7000	-0.0567536	275.926
234.6000	-0.0310632	276.067
234.5000	-0.0239829	276.207
234.4000	0.00727897	276.344
234.3000	0.0299864	276.474
234.2000	0.0383802	276.613
234.1000	-0.0131274	276.747
234.0000	-0.0328563	276.882
233.9000	-0.0489555	277.013
233.8000	-0.0563808	277.15
233.7000	-0.0650967	277.29
233.6000	-0.104676	277.433
233.5000	-0.116687	277.573
233.4000	-0.081154	277.714
233.3000	-0.0889453	277.859
233.2000	-0.101847	278.007
233.1000	-0.0943139	278.149
233.0000	-0.126569	278.292
232.9000	-0.115442	278.434
232.8000	-0.114226	278.576
232.7000	-0.1494	278.719
232.6000	-0.123093	278.86
232.5000	-0.125242	279.001
232.4000	-0.148189	279.142
232.3000	-0.155504	279.281
232.2000	-0.157125	279.423
232.1000	-0.180678	279.567
232.0000	-0.17233	279.713
231.9000	-0.166479	279.864
231.8000	-0.153601	280.009
231.7000	-0.132949	280.155
231.6000	-0.152151	280.303
231.5000	-0.156589	280.448
231.4000	-0.0937	280.592
231.3000	-0.0680558	280.739
231.2000	-0.0581386	280.886
231.1000	-0.0676806	281.034
231.0000	-0.104312	281.182
230.9000	-0.0776455	281.332
230.8000	-0.0921845	281.485
230.7000	-0.127502	281.637
230.6000	-0.178994	281.779
230.5000	-0.228593	281.923
230.4000	-0.212846	282.062
230.3000	-0.198857	282.206
230.2000	-0.22537	282.348
230.1000	-0.218086	282.487
230.0000	-0.192739	282.629
229.9000	-0.178986	282.774
229.8000	-0.169592	282.919
229.7000	-0.186765	283.067
229.6000	-0.227622	283.21
229.5000	-0.227636	283.359
229.4000	-0.231589	283.508
229.3000	-0.250263	283.656
229.2000	-0.230966	283.807
229.1000	-0.246946	283.954
229.0000	-0.210075	284.104
228.9000	-0.16764	284.256
228.8000	-0.16737	284.411
228.7000	-0.16931	284.565
228.6000	-0.152511	284.725
228.5000	-0.149269	284.882
228.4000	-0.148344	285.042
228.3000	-0.159076	285.204
228.2000	-0.175167	285.363
228.1000	-0.170651	285.522
228.0000	-0.170342	285.682
227.9000	-0.227005	285.835
227.8000	-0.235411	285.99
227.7000	-0.271782	286.149
227.6000	-0.278114	286.302
227.5000	-0.275056	286.452
227.4000	-0.291763	286.6
227.3000	-0.286248	286.749
227.2000	-0.265377	286.899
227.1000	-0.261498	287.046
227.0000	-0.220048	287.188
226.9000	-0.243048	287.328
226.8000	-0.227932	287.472
226.7000	-0.218904	287.613
226.6000	-0.244697	287.756
226.5000	-0.25753	287.896
226.4000	-0.281309	288.032
226.3000	-0.259741	288.176
226.2000	-0.221421	288.323
226.1000	-0.208915	288.464
226.0000	-0.224026	288.606
225.9000	-0.193758	288.739
225.8000	-0.171326	288.876
225.7000	-0.155507	289.012
225.6000	-0.176589	289.144
225.5000	-0.23914	289.277
225.4000	-0.290487	289.411
225.3000	-0.318691	289.548
225.2000	-0.3247	289.689
225.1000	-0.31565	289.827
225.0000	-0.31664	289.967
224.9000	-0.309816	290.101
224.8000	-0.304292	290.231
224.7000	-0.239485	290.366
224.6000	-0.216135	290.502
224.5000	-0.21902	290.642
224.4000	-0.228442	290.784
224.3000	-0.240526	290.923
224.2000	-0.223253	291.068
224.1000	-0.202553	291.213
224.0000	-0.226256	291.356
223.9000	-0.222563	291.495
223.8000	-0.256378	291.635
223.7000	-0.252676	291.774
223.6000	-0.274356	291.918
223.5000	-0.291866	292.059
223.4000	-0.298799	292.203
223.3000	-0.31779	292.348
223.2000	-0.316226	292.492
223.1000	-0.33419	292.632
223.0000	-0.376365	292.777
222.9000	-0.406383	292.919
222.8000	-0.398922	293.066
222.7000	-0.403083	293.205
222.6000	-0.405069	293.346
222.5000	-0.398124	293.493
222.4000	-0.366022	293.638
222.3000	-0.336243	293.781
222.2000	-0.315172	293.927
222.1000	-0.305822	294.069
222.0000	-0.307014	294.217
221.9000	-0.302408	294.36
221.8000	-0.328843	294.503
221.7000	-0.323127	294.648
221.6000	-0.316723	294.79
221.5000	-0.291418	294.927
221.4000	-0.308195	295.067
221.3000	-0.31198	295.2
221.2000	-0.310595	295.335
221.1000	-0.272752	295.471
221.0000	-0.264013	295.607
220.9000	-0.291314	295.745
220.8000	-0.299146	295.884
220.7000	-0.274626	296.022
220.6000	-0.248194	296.159
220.5000	-0.224731	296.295
220.4000	-0.254572	296.424
220.3000	-0.230661	296.555
220.2000	-0.224147	296.689
220.1000	-0.241283	296.819
220.0000	-0.254999	296.948
219.9000	-0.272163	297.08
219.8000	-0.321687	297.208
219.7000	-0.318843	297.337
219.6000	-0.388285	297.465
219.5000	-0.371302	297.592
219.4000	-0.365172	297.719
219.3000	-0.35923	297.844
219.2000	-0.344506	297.972
219.1000	-0.326428	298.095
219.0000	-0.348844	298.223
218.9000	-0.342927	298.354
218.8000	-0.386245	298.478
218.7000	-0.375891	298.603
218.6000	-0.410787	298.732
218.5000	-0.439626	298.858
218.4000	-0.43818	298.992
218.3000	-0.443558	299.12
218.2000	-0.423671	299.247
218.1000	-0.412141	299.379
218.0000	-0.427981	299.514
217.9000	-0.412383	299.645
217.8000	-0.379755	299.776
217.7000	-0.34721	299.91
217.6000	-0.331987	300.046
217.5000	-0.315077	300.182
217.4000	-0.262714	300.314
217.3000	-0.192421	300.448
217.2000	-0.191331	300.585
217.1000	-0.202536	300.721
217.0000	-0.252578	300.859
216.9000	-0.217361	300.996
216.8000	-0.248574	301.137
216.7000	-0.308026	301.277
216.6000	-0.386233	301.417
216.5000	-0.387226	301.559
216.4000	-0.382764	301.703
216.3000	-0.377329	301.837
216.2000	-0.42529	301.97
216.1000	-0.385842	302.108
216.0000	-0.364801	302.245
215.9000	-0.359265	302.375
215.8000	-0.342342	302.504
215.7000	-0.330263	302.636
215.6000	-0.289943	302.766
215.5000	-0.247755	302.891
215.4000	-0.263984	303.016
215.3000	-0.295307	303.137
215.2000	-0.273114	303.259
215.1000	-0.286294	303.375
215.0000	-0.277721	303.492
214.9000	-0.315054	303.61
214.8000	-0.329326	303.73
214.7000	-0.327847	303.847
214.6000	-0.307254	303.965
214.5000	-0.322119	304.086
214.4000	-0.353689	304.209
214.3000	-0.372318	304.324
214.2000	-0.392821	304.442
214.1000	-0.411527	304.557
214.0000	-0.39387	304.674
213.9000	-0.398175	304.791
213.8000	-0.370583	304.907
213.7000	-0.326065	305.02
213.6000	-0.35187	305.141
213.5000	-0.348914	305.265
213.4000	-0.339447	305.39
213.3000	-0.344768	305.517
213.2000	-0.343727	305.645
213.1000	-0.351884	305.777
213.0000	-0.371313	305.911
212.9000	-0.364319	306.043
212.8000	-0.325809	306.18
212.7000	-0.365477	306.318
212.6000	-0.3529	306.458
212.5000	-0.381482	306.597
212.4000	-0.380624	306.736
212.3000	-0.380929	306.876
212.2000	-0.348096	307.022
212.1000	-0.342157	307.164
212.0000	-0.355213	307.304
211.9000	-0.361964	307.445
211.8000	-0.343223	307.588
211.7000	-0.340405	307.734
211.6000	-0.330315	307.878
211.5000	-0.363297	308.022
211.4000	-0.359494	308.164
211.3000	-0.328614	308.312
211.2000	-0.290205	308.458
211.1000	-0.292142	308.599
211.0000	-0.277174	308.742
210.9000	-0.289312	308.882
210.8000	-0.233356	309.021
210.7000	-0.259851	309.158
210.6000	-0.254303	309.293
210.5000	-0.268085	309.428
210.4000	-0.289208	309.561
210.3000	-0.294218	309.695
210.2000	-0.288255	309.827
210.1000	-0.329397	309.957
210.0000	-0.322397	310.091
209.9000	-0.345147	310.227
209.8000	-0.356358	310.365
209.7000	-0.33417	310.503
209.6000	-0.343181	310.639
209.5000	-0.282542	310.779
209.4000	-0.283091	310.92
209.3000	-0.254836	311.057
209.2000	-0.235994	311.195
209.1000	-0.234784	311.332
209.0000	-0.24888	311.474
208.9000	-0.22257	311.615
208.8000	-0.262637	311.762
208.7000	-0.264605	311.909
208.6000	-0.333462	312.061
208.5000	-0.343323	312.213
208.4000	-0.370694	312.369
208.3000	-0.342421	312.525
208.2000	-0.349162	312.68
208.1000	-0.373637	312.83
208.0000	-0.364696	312.984
207.9000	-0.283691	313.131
207.8000	-0.267252	313.28
207.7000	-0.267726	313.428
207.6000	-0.284925	313.579
207.5000	-0.317798	313.729
207.4000	-0.312771	313.882
207.3000	-0.319525	314.034
207.2000	-0.333086	314.189
207.1000	-0.296386	314.338
207.0000	-0.242101	314.484
206.9000	-0.27554	314.63
206.8000	-0.252874	314.777
206.7000	-0.259242	314.918
206.6000	-0.254417	315.056
206.5000	-0.269154	315.191
206.4000	-0.290926	315.328
206.3000	-0.307411	315.464
206.2000	-0.320482	315.595
206.1000	-0.311246	315.728
206.0000	-0.328241	315.864
205.9000	-0.31148	315.998
205.8000	-0.292049	316.132
205.7000	-0.276452	316.265
205.6000	-0.226821	316.4
205.5000	-0.169051	316.527
205.4000	-0.14372	316.656
205.3000	-0.144558	316.783
205.2000	-0.139647	316.913
205.1000	-0.220757	317.042
205.0000	-0.293943	317.172
204.9000	-0.338144	317.301
204.8000	-0.317893	317.433
204.7000	-0.329124	317.563
204.6000	-0.369205	317.691
204.5000	-0.338494	317.824
204.4000	-0.252974	317.957
204.3000	-0.183634	318.087
204.2000	-0.213603	318.218
204.1000	-0.273189	318.349
204.0000	-0.258289	318.485
203.9000	-0.197938	318.618
203.8000	-0.231449	318.745
203.7000	-0.250001	318.873
203.6000	-0.240483	318.999
203.5000	-0.161789	319.126
203.4000	-0.145486	319.254
203.3000	-0.128145	319.377
203.2000	-0.147646	319.5
203.1000	-0.131284	319.62
203.0000	-0.122624	319.738
202.9000	-0.157463	319.858
202.8000	-0.185577	319.978
202.7000	-0.213287	320.092
202.6000	-0.2271	320.209
202.5000	-0.160826	320.327
202.4000	-0.176837	320.442
202.3000	-0.192006	320.559
202.2000	-0.1485	320.676
202.1000	-0.122101	320.792
202.0000	-0.077033	320.911
201.9000	-0.0587044	321.03
201.8000	-0.098215	321.147
201.7000	-0.0862149	321.27
201.6000	-0.10794	321.392
201.5000	-0.141897	321.508
201.4000	-0.154663	321.63
201.3000	-0.174859	321.747
201.2000	-0.232902	321.864
201.1000	-0.259565	321.982
201.0000	-0.268658	322.098
200.9000	-0.264311	322.213
200.8000	-0.262697	322.331
200.7000	-0.331978	322.443
200.6000	-0.339083	322.56
200.5000	-0.284422	322.68
200.4000	-0.261083	322.799
200.3000	-0.231936	322.915
200.2000	-0.246027	323.034
200.1000	-0.279504	323.149
200.0000	-0.183063	323.271
199.9000	-0.199767	323.389
199.8000	-0.254434	323.503
199.7000	-0.290148	323.621
199.6000	-0.309683	323.735
199.5000	-0.284634	323.848
199.4000	-0.257626	323.96
199.3000	-0.29017	324.068
199.2000	-0.270489	324.172
199.1000	-0.229072	324.277
199.0000	-0.1782	324.379
198.9000	-0.150901	324.48
198.8000	-0.13726	324.584
198.7000	-0.11431	324.682
198.6000	-0.102548	324.781
198.5000	-0.0836069	324.882
198.4000	-0.0394069	324.982
198.3000	-0.0480314	325.081
198.2000	-0.0466655	325.18
198.1000	-0.0723769	325.279
198.0000	-0.107443	325.38
197.9000	-0.107473	325.477
197.8000	-0.148736	325.579
197.7000	-0.225072	325.677
197.6000	-0.282052	325.775
197.5000	-0.308223	325.88
197.4000	-0.327677	325.988
197.3000	-0.289242	326.09
197.2000	-0.255364	326.196
197.1000	-0.203878	326.302
197.0000	-0.167107	326.408
196.9000	-0.116095	326.515
196.8000	-0.0929887	326.616
196.7000	-0.108764	326.717
196.6000	-0.123821	326.824
196.5000	-0.111048	326.929
196.4000	-0.0395884	327.03
196.3000	-0.0174344	327.136
196.2000	0.0115429	327.242
196.1000	0.039348	327.346
196.0000	0.0615748	327.45
195.9000	0.0871211	327.551
195.8000	0.0476162	327.653
195.7000	-0.077035	327.759
195.6000	-0.0561766	327.861
195.5000	-0.0857872	327.962
195.4000	-0.101226	328.064
195.3000	-0.111396	328.174
195.2000	-0.12676	328.295
195.1000	-0.104763	328.431
195.0000	-0.0498752	328.579
194.9000	-0.087061	328.734
194.8000	-0.138301	328.903
194.7000	-0.12158	329.085
194.6000	-0.112887	329.274
194.5000	-0.10066	329.464
194.4000	-0.105696	329.655
194.3000	-0.112952	329.849
194.2000	-0.112415	330.051
194.1000	-0.0817892	330.25
194.0000	-0.0636836	330.454
193.9000	-0.0665327	330.662
193.8000	-0.10042	330.874
193.7000	-0.177905	331.084
193.6000	-0.147132	331.295
193.5000	-0.16329	331.513
193.4000	-0.178652	331.741
193.3000	-0.208916	331.968
193.2000	-0.183742	332.195
193.1000	-0.130407	332.427
193.0000	-0.0620328	332.664
192.9000	-0.092265	332.903
192.8000	-0.0336803	333.144
192.7000	-0.0999051	333.385
192.6000	-0.0775054	333.627
192.5000	-0.0783749	333.88
192.4000	-0.107463	334.131
192.3000	-0.127998	334.385
192.2000	-0.145018	334.644
192.1000	-0.128118	334.912
192.0000	-0.0842094	335.184
191.9000	-0.155016	335.459
191.8000	-0.119011	335.736
191.7000	-0.068299	336.024
191.6000	-0.0514651	336.322
191.5000	-0.0384159	336.621
191.4000	-0.0832883	336.918
191.3000	-0.0366077	337.222
191.2000	-0.0335594	337.531
191.1000	-0.0547349	337.845
191.0000	-0.0992157	338.166
190.9000	-0.106235	338.49
190.8000	-0.109313	338.824
190.7000	-0.053862	339.173
190.6000	-0.0690463	339.533
190.5000	-0.0791959	339.897
190.4000	-0.0985006	340.263
190.3000	-0.117293	340.636
190.2000	-0.100179	341.02
190.1000	-0.0620864	341.408
190.0000	-0.0462835	341.796
189.9000	0.0375549	342.196
189.8000	0.0344659	342.612
189.7000	0.0129903	343.042
189.6000	0.0682116	343.484
189.5000	0.0361244	343.932
189.4000	-0.0577385	344.398
189.3000	-0.133113	344.871
189.2000	-0.172679	345.358
189.1000	-0.144313	345.853
189.0000	-0.0547841	346.36
188.9000	-0.056458	346.879
188.8000	-0.0404629	347.417
188.7000	-0.0229912	347.968
188.6000	0.0475769	348.54
188.5000	-0.00534505	349.117
188.4000	-0.055032	349.715
188.3000	-0.0879546	350.326
188.2000	-0.18903	350.951
188.1000	-0.197132	351.591
188.0000	-0.22301	352.251
187.9000	-0.277953	352.935
187.8000	-0.249238	353.645
187.7000	-0.16308	354.371
187.6000	-0.145992	355.129
187.5000	-0.0537135	355.918
187.4000	-0.0083151	356.738
187.3000	0.0490581	357.593
187.2000	0.0882397	358.476
187.1000	0.0694531	359.395
187.0000	0.0667634	360.354
186.9000	0.0370408	361.347
186.8000	-0.0349288	362.376
186.7000	-0.0650836	363.438
186.6000	-0.111652	364.533
186.5000	-0.137159	365.672
186.4000	-0.224553	366.853
186.3000	-0.271684	368.065
186.2000	-0.190596	369.323
186.1000	-0.140558	370.621
186.0000	-0.100822	371.977
185.9000	-0.0810469	373.385
185.8000	-0.101465	374.853
185.7000	-0.0204672	376.377
185.6000	-0.0297626	377.977
185.5000	-0.115873	379.644
185.4000	-0.165107	381.392
185.3000	-0.242912	383.214
185.2000	-0.169053	385.127
185.1000	-0.149811	387.124
185.0000	-0.16029	389.218
