TITLE	03_250626F_1day
DATA TYPE	
ORIGIN	JASCO
OWNER	
DATE	25/06/27
TIME	11:02:04
SPECTROMETER/DATA SYSTEM	JASCO Corp., J-715, Rev. 1.00
RESOLUTION	
DELTAX	-0.1
XUNITS	NANOMETERS
YUNITS	CD[mdeg]
Y2UNITS	HT[V]
FIRSTX	260.0000
LASTX	185.0000
NPOINTS	751
FIRSTY	0.18451
MAXY	0.25601
MINY	-0.42838
XYDATA
260.0000	0.184512	253.835
259.9000	0.197438	253.854
259.8000	0.182019	253.881
259.7000	0.172716	253.917
259.6000	0.184333	253.966
259.5000	0.183787	254.024
259.4000	0.174489	254.092
259.3000	0.165067	254.167
259.2000	0.170529	254.24
259.1000	0.175732	254.31
259.0000	0.180935	254.385
258.9000	0.185227	254.455
258.8000	0.180834	254.524
258.7000	0.175491	254.593
258.6000	0.157839	254.665
258.5000	0.159166	254.735
258.4000	0.152409	254.805
258.3000	0.170392	254.871
258.2000	0.162623	254.936
258.1000	0.182747	255.004
258.0000	0.19296	255.069
257.9000	0.204638	255.132
257.8000	0.188097	255.199
257.7000	0.185443	255.264
257.6000	0.158783	255.333
257.5000	0.156466	255.407
257.4000	0.135329	255.477
257.3000	0.126526	255.551
257.2000	0.126678	255.616
257.1000	0.130235	255.684
257.0000	0.135961	255.754
256.9000	0.138151	255.823
256.8000	0.153497	255.89
256.7000	0.171068	255.956
256.6000	0.151705	256.02
256.5000	0.141969	256.09
256.4000	0.147154	256.158
256.3000	0.140784	256.228
256.2000	0.116996	256.299
256.1000	0.105529	256.369
256.0000	0.119138	256.439
255.9000	0.138574	256.513
255.8000	0.123359	256.581
255.7000	0.108311	256.648
255.6000	0.105105	256.715
255.5000	0.0990205	256.777
255.4000	0.100634	256.842
255.3000	0.100597	256.906
255.2000	0.107645	256.972
255.1000	0.0995499	257.038
255.0000	0.0773544	257.104
254.9000	0.0907796	257.168
254.8000	0.0942148	257.238
254.7000	0.0906296	257.304
254.6000	0.096683	257.369
254.5000	0.0904791	257.434
254.4000	0.116117	257.497
254.3000	0.158419	257.565
254.2000	0.16474	257.634
254.1000	0.165449	257.701
254.0000	0.183038	257.77
253.9000	0.159459	257.841
253.8000	0.158547	257.913
253.7000	0.130415	257.987
253.6000	0.0992969	258.059
253.5000	0.0671489	258.133
253.4000	0.0338706	258.206
253.3000	0.00462929	258.278
253.2000	-5.68728E-005	258.349
253.1000	0.0103094	258.423
253.0000	0.00937904	258.496
252.9000	0.0271308	258.569
252.8000	0.0385674	258.638
252.7000	0.0536171	258.708
252.6000	0.0517872	258.781
252.5000	0.0475782	258.852
252.4000	0.0314842	258.923
252.3000	0.010324	258.997
252.2000	0.0113348	259.07
252.1000	0.0374081	259.149
252.0000	0.0371846	259.224
251.9000	0.0559472	259.3
251.8000	0.0843386	259.375
251.7000	0.124298	259.444
251.6000	0.160401	259.515
251.5000	0.151207	259.586
251.4000	0.128675	259.652
251.3000	0.128746	259.725
251.2000	0.120082	259.799
251.1000	0.0831085	259.873
251.0000	0.0617027	259.951
250.9000	0.0581774	260.029
250.8000	0.059887	260.106
250.7000	0.0868643	260.18
250.6000	0.085821	260.252
250.5000	0.0852707	260.32
250.4000	0.0815759	260.391
250.3000	0.0871276	260.46
250.2000	0.0861501	260.527
250.1000	0.0802274	260.595
250.0000	0.0524608	260.665
249.9000	0.0575274	260.731
249.8000	0.0603825	260.801
249.7000	0.0833089	260.873
249.6000	0.0892371	260.943
249.5000	0.0924446	261.009
249.4000	0.069994	261.081
249.3000	0.058984	261.153
249.2000	0.0535394	261.228
249.1000	0.0808659	261.296
249.0000	0.074319	261.366
248.9000	0.0925126	261.441
248.8000	0.0842571	261.518
248.7000	0.129666	261.591
248.6000	0.14621	261.661
248.5000	0.124811	261.736
248.4000	0.119962	261.81
248.3000	0.123386	261.881
248.2000	0.107786	261.952
248.1000	0.125409	262.022
248.0000	0.0823284	262.09
247.9000	0.0843403	262.164
247.8000	0.0810151	262.234
247.7000	0.0758693	262.308
247.6000	0.065652	262.38
247.5000	0.0539007	262.451
247.4000	0.0481633	262.523
247.3000	0.0794003	262.595
247.2000	0.105949	262.663
247.1000	0.142606	262.739
247.0000	0.151614	262.817
246.9000	0.128732	262.888
246.8000	0.111446	262.959
246.7000	0.0976749	263.031
246.6000	0.0816539	263.109
246.5000	0.0568574	263.185
246.4000	0.022542	263.254
246.3000	-0.0106389	263.326
246.2000	0.0169933	263.402
246.1000	0.0309877	263.479
246.0000	0.0526123	263.555
245.9000	0.0603013	263.627
245.8000	0.0597604	263.705
245.7000	0.0677417	263.781
245.6000	0.0813231	263.859
245.5000	0.0672629	263.935
245.4000	0.0330957	264.013
245.3000	0.0386655	264.09
245.2000	0.0631762	264.169
245.1000	0.0489548	264.239
245.0000	0.0445652	264.312
244.9000	0.0282623	264.383
244.8000	0.0194368	264.455
244.7000	0.0318242	264.526
244.6000	0.0244252	264.599
244.5000	0.0270657	264.669
244.4000	0.0335266	264.749
244.3000	0.0529985	264.824
244.2000	0.0806001	264.902
244.1000	0.0722078	264.981
244.0000	0.0850548	265.061
243.9000	0.0741365	265.138
243.8000	0.0423399	265.216
243.7000	0.0387919	265.294
243.6000	0.0239879	265.374
243.5000	0.0142395	265.456
243.4000	0.0528701	265.535
243.3000	0.0403536	265.615
243.2000	0.0636215	265.7
243.1000	0.0733299	265.787
243.0000	0.0664766	265.879
242.9000	0.0803314	265.968
242.8000	0.0679947	266.056
242.7000	0.0481094	266.144
242.6000	0.0688061	266.234
242.5000	0.0757799	266.328
242.4000	0.109625	266.425
242.3000	0.115929	266.517
242.2000	0.12023	266.611
242.1000	0.142904	266.703
242.0000	0.133294	266.803
241.9000	0.112658	266.902
241.8000	0.0857294	266.999
241.7000	0.0977906	267.095
241.6000	0.0768664	267.194
241.5000	0.0798273	267.295
241.4000	0.0986899	267.402
241.3000	0.12224	267.503
241.2000	0.0947908	267.605
241.1000	0.085365	267.708
241.0000	0.0692114	267.813
240.9000	0.0722612	267.915
240.8000	0.0579643	268.017
240.7000	0.0540636	268.119
240.6000	0.0558401	268.221
240.5000	0.0704452	268.326
240.4000	0.0658544	268.431
240.3000	0.0671655	268.537
240.2000	0.0677846	268.643
240.1000	0.054502	268.75
240.0000	0.0368866	268.859
239.9000	0.0401326	268.976
239.8000	0.0756353	269.09
239.7000	0.0957857	269.205
239.6000	0.0869796	269.324
239.5000	0.0779308	269.447
239.4000	0.0966904	269.572
239.3000	0.0918212	269.697
239.2000	0.0744899	269.82
239.1000	0.0494495	269.95
239.0000	0.0375296	270.081
238.9000	0.0258699	270.209
238.8000	0.00845964	270.336
238.7000	0.0239864	270.463
238.6000	0.0493062	270.593
238.5000	0.041948	270.723
238.4000	0.0495757	270.848
238.3000	0.0489262	270.974
238.2000	0.082166	271.104
238.1000	0.108269	271.241
238.0000	0.117497	271.379
237.9000	0.0968782	271.514
237.8000	0.0872709	271.65
237.7000	0.102838	271.788
237.6000	0.147572	271.925
237.5000	0.149919	272.059
237.4000	0.123857	272.196
237.3000	0.109061	272.332
237.2000	0.104592	272.467
237.1000	0.0860679	272.605
237.0000	0.0665707	272.744
236.9000	0.0342049	272.888
236.8000	-0.0032867	273.029
236.7000	0.0110505	273.165
236.6000	0.0261935	273.307
236.5000	0.0409255	273.446
236.4000	0.0560756	273.591
236.3000	0.0411446	273.726
236.2000	0.0405292	273.862
236.1000	0.0488398	274.002
236.0000	0.0421494	274.138
235.9000	0.0118437	274.272
235.8000	0.00360484	274.405
235.7000	-0.00599672	274.536
235.6000	-0.00735124	274.674
235.5000	-0.00428036	274.807
235.4000	0.0135032	274.942
235.3000	0.00936364	275.078
235.2000	0.00965943	275.213
235.1000	0.0180319	275.357
235.0000	0.0189903	275.494
234.9000	0.0160649	275.633
234.8000	-0.00709991	275.775
234.7000	-0.00575905	275.917
234.6000	0.00995969	276.062
234.5000	0.00636528	276.203
234.4000	-0.00938823	276.341
234.3000	-0.0293615	276.477
234.2000	-0.0359831	276.614
234.1000	-0.0458943	276.749
234.0000	-0.0520684	276.882
233.9000	-0.0400593	277.014
233.8000	-0.0276307	277.149
233.7000	-0.0460617	277.289
233.6000	-0.0308086	277.432
233.5000	-0.0108908	277.573
233.4000	-0.0265037	277.714
233.3000	-0.0392385	277.861
233.2000	-0.0613113	278.003
233.1000	-0.0617991	278.149
233.0000	-0.0636791	278.285
232.9000	-0.0604632	278.427
232.8000	-0.0784121	278.569
232.7000	-0.0550417	278.713
232.6000	-0.0669363	278.857
232.5000	-0.0821128	279.001
232.4000	-0.0840644	279.141
232.3000	-0.0783463	279.288
232.2000	-0.0902196	279.433
232.1000	-0.0935065	279.579
232.0000	-0.107877	279.724
231.9000	-0.119138	279.866
231.8000	-0.0964031	280.008
231.7000	-0.0908424	280.153
231.6000	-0.102288	280.296
231.5000	-0.106601	280.438
231.4000	-0.0960926	280.585
231.3000	-0.123664	280.73
231.2000	-0.130529	280.874
231.1000	-0.152084	281.025
231.0000	-0.165603	281.172
230.9000	-0.170012	281.323
230.8000	-0.150631	281.473
230.7000	-0.140445	281.622
230.6000	-0.115068	281.773
230.5000	-0.106252	281.92
230.4000	-0.0918694	282.063
230.3000	-0.103673	282.209
230.2000	-0.119658	282.352
230.1000	-0.103972	282.491
230.0000	-0.108593	282.632
229.9000	-0.101373	282.773
229.8000	-0.124523	282.915
229.7000	-0.16054	283.055
229.6000	-0.137527	283.198
229.5000	-0.10124	283.343
229.4000	-0.115207	283.493
229.3000	-0.0954583	283.639
229.2000	-0.124784	283.79
229.1000	-0.105159	283.943
229.0000	-0.0526858	284.098
228.9000	-0.0578659	284.251
228.8000	-0.0903132	284.405
228.7000	-0.12414	284.561
228.6000	-0.159512	284.714
228.5000	-0.135223	284.87
228.4000	-0.156085	285.028
228.3000	-0.185043	285.183
228.2000	-0.195993	285.344
228.1000	-0.215066	285.506
228.0000	-0.212251	285.666
227.9000	-0.204955	285.824
227.8000	-0.210087	285.983
227.7000	-0.180352	286.141
227.6000	-0.173189	286.298
227.5000	-0.204274	286.446
227.4000	-0.178935	286.592
227.3000	-0.153574	286.739
227.2000	-0.133408	286.887
227.1000	-0.133893	287.028
227.0000	-0.180148	287.168
226.9000	-0.19417	287.308
226.8000	-0.163855	287.455
226.7000	-0.162006	287.599
226.6000	-0.169128	287.742
226.5000	-0.1818	287.886
226.4000	-0.165687	288.028
226.3000	-0.151133	288.171
226.2000	-0.146397	288.313
226.1000	-0.164602	288.45
226.0000	-0.185387	288.587
225.9000	-0.228763	288.722
225.8000	-0.263594	288.857
225.7000	-0.26243	288.991
225.6000	-0.285497	289.126
225.5000	-0.305036	289.255
225.4000	-0.271761	289.389
225.3000	-0.277283	289.524
225.2000	-0.256421	289.659
225.1000	-0.254033	289.795
225.0000	-0.239061	289.937
224.9000	-0.223356	290.076
224.8000	-0.217428	290.217
224.7000	-0.229065	290.354
224.6000	-0.20213	290.494
224.5000	-0.175852	290.633
224.4000	-0.158516	290.771
224.3000	-0.18147	290.909
224.2000	-0.164135	291.049
224.1000	-0.155013	291.191
224.0000	-0.140806	291.335
223.9000	-0.161434	291.477
223.8000	-0.198573	291.619
223.7000	-0.184873	291.759
223.6000	-0.183205	291.897
223.5000	-0.21658	292.038
223.4000	-0.24426	292.176
223.3000	-0.276243	292.317
223.2000	-0.276141	292.456
223.1000	-0.267109	292.602
223.0000	-0.273335	292.747
222.9000	-0.272454	292.892
222.8000	-0.25024	293.037
222.7000	-0.223779	293.179
222.6000	-0.21683	293.325
222.5000	-0.230393	293.469
222.4000	-0.268199	293.614
222.3000	-0.255549	293.762
222.2000	-0.278633	293.903
222.1000	-0.267326	294.053
222.0000	-0.278302	294.205
221.9000	-0.26866	294.35
221.8000	-0.260085	294.496
221.7000	-0.208283	294.64
221.6000	-0.278397	294.78
221.5000	-0.291879	294.922
221.4000	-0.321546	295.059
221.3000	-0.32833	295.197
221.2000	-0.333149	295.333
221.1000	-0.320772	295.473
221.0000	-0.326242	295.609
220.9000	-0.293693	295.741
220.8000	-0.299258	295.874
220.7000	-0.291226	296.008
220.6000	-0.289526	296.136
220.5000	-0.304343	296.269
220.4000	-0.328917	296.399
220.3000	-0.337961	296.531
220.2000	-0.324571	296.667
220.1000	-0.32406	296.797
220.0000	-0.336007	296.927
219.9000	-0.34098	297.056
219.8000	-0.336833	297.182
219.7000	-0.310489	297.31
219.6000	-0.313377	297.437
219.5000	-0.331624	297.563
219.4000	-0.344841	297.694
219.3000	-0.360165	297.819
219.2000	-0.378712	297.95
219.1000	-0.362318	298.077
219.0000	-0.404226	298.2
218.9000	-0.428377	298.324
218.8000	-0.402127	298.449
218.7000	-0.395413	298.573
218.6000	-0.395764	298.704
218.5000	-0.361818	298.833
218.4000	-0.393918	298.966
218.3000	-0.394785	299.098
218.2000	-0.372385	299.229
218.1000	-0.371871	299.361
218.0000	-0.360701	299.492
217.9000	-0.316817	299.622
217.8000	-0.343239	299.753
217.7000	-0.296473	299.886
217.6000	-0.292921	300.015
217.5000	-0.336374	300.147
217.4000	-0.356797	300.278
217.3000	-0.342292	300.415
217.2000	-0.35642	300.551
217.1000	-0.291356	300.692
217.0000	-0.297802	300.828
216.9000	-0.225996	300.973
216.8000	-0.194874	301.112
216.7000	-0.187967	301.253
216.6000	-0.21733	301.395
216.5000	-0.230546	301.531
216.4000	-0.287014	301.664
216.3000	-0.277725	301.802
216.2000	-0.293966	301.941
216.1000	-0.320174	302.075
216.0000	-0.310752	302.208
215.9000	-0.302638	302.341
215.8000	-0.315023	302.476
215.7000	-0.311314	302.608
215.6000	-0.341603	302.734
215.5000	-0.360045	302.858
215.4000	-0.306781	302.985
215.3000	-0.296548	303.108
215.2000	-0.273053	303.229
215.1000	-0.269233	303.35
215.0000	-0.237044	303.473
214.9000	-0.230624	303.593
214.8000	-0.245341	303.712
214.7000	-0.266256	303.832
214.6000	-0.279556	303.954
214.5000	-0.283537	304.068
214.4000	-0.259612	304.185
214.3000	-0.271663	304.297
214.2000	-0.268059	304.408
214.1000	-0.236458	304.519
214.0000	-0.237466	304.632
213.9000	-0.247037	304.745
213.8000	-0.207108	304.865
213.7000	-0.232652	304.98
213.6000	-0.236719	305.099
213.5000	-0.220473	305.224
213.4000	-0.211264	305.352
213.3000	-0.263442	305.479
213.2000	-0.286271	305.609
213.1000	-0.305286	305.74
213.0000	-0.290126	305.876
212.9000	-0.330484	306.014
212.8000	-0.361892	306.151
212.7000	-0.328947	306.287
212.6000	-0.297204	306.421
212.5000	-0.309992	306.56
212.4000	-0.309131	306.697
212.3000	-0.342307	306.833
212.2000	-0.303959	306.972
212.1000	-0.274962	307.12
212.0000	-0.286368	307.263
211.9000	-0.248588	307.408
211.8000	-0.224566	307.556
211.7000	-0.233967	307.705
211.6000	-0.233554	307.853
211.5000	-0.252703	307.997
211.4000	-0.251878	308.136
211.3000	-0.260558	308.283
211.2000	-0.274147	308.424
211.1000	-0.274583	308.56
211.0000	-0.300466	308.695
210.9000	-0.277476	308.834
210.8000	-0.277835	308.975
210.7000	-0.301978	309.113
210.6000	-0.280032	309.249
210.5000	-0.284153	309.389
210.4000	-0.26006	309.526
210.3000	-0.173956	309.663
210.2000	-0.128654	309.799
210.1000	-0.0968186	309.93
210.0000	-0.0933011	310.065
209.9000	-0.0683106	310.196
209.8000	-0.0319911	310.33
209.7000	-0.0612785	310.467
209.6000	-0.0974846	310.6
209.5000	-0.138387	310.732
209.4000	-0.141197	310.868
209.3000	-0.196555	311.006
209.2000	-0.230923	311.141
209.1000	-0.238672	311.276
209.0000	-0.25802	311.416
208.9000	-0.257032	311.56
208.8000	-0.246917	311.706
208.7000	-0.229019	311.849
208.6000	-0.194713	311.998
208.5000	-0.175917	312.152
208.4000	-0.194321	312.308
208.3000	-0.189253	312.458
208.2000	-0.196601	312.614
208.1000	-0.212886	312.768
208.0000	-0.244344	312.925
207.9000	-0.272177	313.07
207.8000	-0.305157	313.22
207.7000	-0.263306	313.368
207.6000	-0.202175	313.523
207.5000	-0.194245	313.673
207.4000	-0.193768	313.823
207.3000	-0.12236	313.976
207.2000	-0.0837321	314.129
207.1000	-0.0819323	314.276
207.0000	-0.112872	314.421
206.9000	-0.153288	314.566
206.8000	-0.182226	314.708
206.7000	-0.191073	314.852
206.6000	-0.280936	314.989
206.5000	-0.30269	315.126
206.4000	-0.286054	315.267
206.3000	-0.297796	315.406
206.2000	-0.297757	315.539
206.1000	-0.253914	315.669
206.0000	-0.208555	315.797
205.9000	-0.189076	315.932
205.8000	-0.165909	316.068
205.7000	-0.110871	316.198
205.6000	-0.0818374	316.326
205.5000	-0.103204	316.458
205.4000	-0.116842	316.594
205.3000	-0.103765	316.729
205.2000	-0.110119	316.855
205.1000	-0.0930051	316.98
205.0000	-0.152466	317.11
204.9000	-0.160331	317.239
204.8000	-0.198248	317.365
204.7000	-0.235203	317.492
204.6000	-0.254328	317.623
204.5000	-0.275189	317.758
204.4000	-0.289093	317.893
204.3000	-0.249558	318.023
204.2000	-0.209072	318.156
204.1000	-0.113364	318.29
204.0000	-0.078062	318.423
203.9000	-0.0223289	318.549
203.8000	0.0202164	318.677
203.7000	-0.0410529	318.803
203.6000	-0.0507583	318.931
203.5000	-0.0848278	319.06
203.4000	-0.132677	319.192
203.3000	-0.150908	319.315
203.2000	-0.184274	319.439
203.1000	-0.174524	319.561
203.0000	-0.164852	319.684
202.9000	-0.186307	319.805
202.8000	-0.190408	319.922
202.7000	-0.210375	320.036
202.6000	-0.222081	320.157
202.5000	-0.217284	320.27
202.4000	-0.258741	320.386
202.3000	-0.210685	320.503
202.2000	-0.174663	320.622
202.1000	-0.167089	320.739
202.0000	-0.13574	320.856
201.9000	-0.0661617	320.971
201.8000	-0.0853755	321.09
201.7000	-0.0525383	321.208
201.6000	-0.11476	321.321
201.5000	-0.149828	321.434
201.4000	-0.137452	321.55
201.3000	-0.152285	321.667
201.2000	-0.171204	321.782
201.1000	-0.120954	321.899
201.0000	-0.106862	322.018
200.9000	-0.0763046	322.133
200.8000	-0.0329363	322.252
200.7000	-0.0721517	322.372
200.6000	-0.100345	322.495
200.5000	-0.116708	322.616
200.4000	-0.138746	322.737
200.3000	-0.146005	322.857
200.2000	-0.135687	322.978
200.1000	-0.129758	323.095
200.0000	-0.130931	323.212
199.9000	-0.126801	323.327
199.8000	-0.147122	323.441
199.7000	-0.169571	323.548
199.6000	-0.14296	323.658
199.5000	-0.117087	323.77
199.4000	-0.143668	323.883
199.3000	-0.122478	323.987
199.2000	-0.0927861	324.091
199.1000	-0.00298917	324.199
199.0000	-0.00828505	324.309
198.9000	-0.0655142	324.404
198.8000	-0.0470628	324.505
198.7000	-0.0337079	324.601
198.6000	-0.0237433	324.701
198.5000	-0.0461983	324.8
198.4000	-0.0603003	324.898
198.3000	-0.0307612	324.998
198.2000	0.00569895	325.106
198.1000	-0.041197	325.21
198.0000	-0.0951168	325.313
197.9000	-0.0559464	325.417
197.8000	-0.0853807	325.521
197.7000	-0.219206	325.623
197.6000	-0.22521	325.723
197.5000	-0.227662	325.826
197.4000	-0.202649	325.927
197.3000	-0.131248	326.031
197.2000	-0.161382	326.13
197.1000	-0.0873379	326.234
197.0000	0.0270953	326.341
196.9000	-0.0100416	326.447
196.8000	-0.00696604	326.555
196.7000	0.0387808	326.666
196.6000	0.0196074	326.776
196.5000	-0.00778784	326.884
196.4000	-0.0821374	326.992
196.3000	-0.108946	327.1
196.2000	-0.047831	327.208
196.1000	-0.0871897	327.312
196.0000	-0.109687	327.411
195.9000	-0.114963	327.515
195.8000	-0.119616	327.62
195.7000	-0.0880351	327.72
195.6000	-0.153983	327.825
195.5000	-0.218975	327.927
195.4000	-0.250653	328.031
195.3000	-0.296192	328.142
195.2000	-0.299302	328.268
195.1000	-0.262543	328.405
195.0000	-0.261738	328.551
194.9000	-0.221434	328.704
194.8000	-0.219372	328.875
194.7000	-0.209792	329.062
194.6000	-0.184018	329.255
194.5000	-0.132995	329.445
194.4000	-0.19307	329.636
194.3000	-0.129387	329.834
194.2000	-0.0699135	330.036
194.1000	-0.051606	330.237
194.0000	0.0149466	330.44
193.9000	-0.00658482	330.648
193.8000	0.00289654	330.863
193.7000	0.0518488	331.081
193.6000	-0.00278205	331.299
193.5000	0.0249259	331.518
193.4000	-0.0200666	331.744
193.3000	-0.110026	331.973
193.2000	-0.0977678	332.202
193.1000	-0.157644	332.43
193.0000	-0.197138	332.663
192.9000	-0.200206	332.906
192.8000	-0.242743	333.15
192.7000	-0.19555	333.396
192.6000	-0.15931	333.643
192.5000	-0.184533	333.895
192.4000	-0.182971	334.152
192.3000	-0.164268	334.412
192.2000	-0.15396	334.677
192.1000	-0.139963	334.942
192.0000	-0.146055	335.21
191.9000	-0.146192	335.481
191.8000	-0.139988	335.762
191.7000	-0.0819974	336.048
191.6000	-0.119164	336.334
191.5000	-0.121441	336.627
191.4000	-0.126965	336.929
191.3000	-0.14366	337.241
191.2000	-0.150374	337.56
191.1000	-0.12668	337.884
191.0000	-0.109246	338.212
190.9000	-0.0985223	338.548
190.8000	-0.185662	338.891
190.7000	-0.151916	339.241
190.6000	-0.14061	339.596
190.5000	-0.144952	339.951
190.4000	-0.166515	340.315
190.3000	-0.203362	340.693
190.2000	-0.155074	341.081
190.1000	-0.071309	341.473
190.0000	-0.105676	341.869
189.9000	-0.10845	342.276
189.8000	-0.0370579	342.703
189.7000	-0.0427182	343.134
189.6000	-0.0647304	343.573
189.5000	-0.0935202	344.023
189.4000	-0.10184	344.488
189.3000	-0.099011	344.967
189.2000	-0.0449186	345.457
189.1000	-0.0584605	345.953
189.0000	-0.0129069	346.467
188.9000	-0.01394	346.993
188.8000	-0.016657	347.53
188.7000	0.0307955	348.082
188.6000	0.00405038	348.651
188.5000	-0.065014	349.237
188.4000	-0.108479	349.841
188.3000	-0.146839	350.457
188.2000	-0.15071	351.089
188.1000	-0.108425	351.737
188.0000	-0.11977	352.405
187.9000	-0.10985	353.092
187.8000	-0.0500483	353.804
187.7000	-0.0286552	354.539
187.6000	0.013599	355.302
187.5000	0.0476539	356.094
187.4000	-0.0116651	356.925
187.3000	-3.10441E-005	357.785
187.2000	0.0525092	358.676
187.1000	-0.0120781	359.6
187.0000	0.0842305	360.56
186.9000	0.0673741	361.557
186.8000	0.14093	362.589
186.7000	0.140306	363.659
186.6000	0.119291	364.772
186.5000	0.125329	365.919
186.4000	0.146389	367.102
186.3000	0.128518	368.325
186.2000	0.123999	369.592
186.1000	0.180157	370.903
186.0000	0.195653	372.257
185.9000	0.189551	373.664
185.8000	0.231984	375.13
185.7000	0.256007	376.661
185.6000	0.208586	378.259
185.5000	0.187624	379.924
185.4000	0.0720948	381.665
185.3000	0.00527874	383.485
185.2000	-0.0936404	385.392
185.1000	-0.155586	387.389
185.0000	-0.151301	389.478
