TITLE	04_250626G_1day
DATA TYPE	
ORIGIN	JASCO
OWNER	
DATE	25/06/27
TIME	11:31:04
SPECTROMETER/DATA SYSTEM	JASCO Corp., J-715, Rev. 1.00
RESOLUTION	
DELTAX	-0.1
XUNITS	NANOMETERS
YUNITS	CD[mdeg]
Y2UNITS	HT[V]
FIRSTX	260.0000
LASTX	185.0000
NPOINTS	751
FIRSTY	0.10504
MAXY	0.95770
MINY	-0.82180
XYDATA
260.0000	0.105043	253.846
259.9000	0.124307	253.861
259.8000	0.11854	253.888
259.7000	0.124946	253.922
259.6000	0.136288	253.967
259.5000	0.176061	254.027
259.4000	0.180725	254.096
259.3000	0.162762	254.168
259.2000	0.164169	254.242
259.1000	0.167699	254.315
259.0000	0.156879	254.39
258.9000	0.146304	254.463
258.8000	0.122887	254.529
258.7000	0.142275	254.6
258.6000	0.177216	254.673
258.5000	0.179167	254.744
258.4000	0.197228	254.814
258.3000	0.190137	254.882
258.2000	0.187848	254.952
258.1000	0.178206	255.026
258.0000	0.156473	255.096
257.9000	0.122426	255.163
257.8000	0.131035	255.231
257.7000	0.125567	255.294
257.6000	0.111803	255.358
257.5000	0.116576	255.429
257.4000	0.130118	255.495
257.3000	0.12675	255.561
257.2000	0.133062	255.628
257.1000	0.14047	255.696
257.0000	0.127808	255.763
256.9000	0.149112	255.831
256.8000	0.13043	255.898
256.7000	0.142094	255.967
256.6000	0.144363	256.036
256.5000	0.129278	256.105
256.4000	0.11774	256.176
256.3000	0.115028	256.251
256.2000	0.111118	256.325
256.1000	0.128212	256.399
256.0000	0.110565	256.469
255.9000	0.113995	256.538
255.8000	0.112539	256.606
255.7000	0.14373	256.677
255.6000	0.144975	256.744
255.5000	0.137729	256.809
255.4000	0.139255	256.877
255.3000	0.117935	256.946
255.2000	0.105568	257.017
255.1000	0.0945814	257.086
255.0000	0.0713016	257.152
254.9000	0.0753266	257.221
254.8000	0.0867081	257.288
254.7000	0.0843575	257.349
254.6000	0.1027	257.412
254.5000	0.13274	257.476
254.4000	0.131459	257.542
254.3000	0.139024	257.609
254.2000	0.130362	257.683
254.1000	0.114692	257.753
254.0000	0.09566	257.827
253.9000	0.0811535	257.901
253.8000	0.0801474	257.973
253.7000	0.0888273	258.047
253.6000	0.0975668	258.121
253.5000	0.0902854	258.19
253.4000	0.102028	258.265
253.3000	0.120054	258.337
253.2000	0.0947985	258.408
253.1000	0.0983531	258.481
253.0000	0.0867126	258.549
252.9000	0.0501655	258.618
252.8000	0.0239246	258.686
252.7000	0.0383837	258.757
252.6000	0.0391267	258.827
252.5000	0.0414806	258.904
252.4000	0.0318776	258.98
252.3000	0.0283668	259.058
252.2000	0.0366583	259.133
252.1000	0.0545899	259.21
252.0000	0.0232115	259.285
251.9000	0.0250347	259.361
251.8000	0.0280763	259.436
251.7000	-0.00229254	259.504
251.6000	0.0070706	259.576
251.5000	0.00920147	259.649
251.4000	0.0031434	259.719
251.3000	0.0161409	259.789
251.2000	0.014964	259.861
251.1000	0.0335279	259.934
251.0000	0.0593536	260.015
250.9000	0.0536613	260.095
250.8000	0.0534182	260.175
250.7000	0.0813887	260.256
250.6000	0.0654978	260.337
250.5000	0.0661048	260.414
250.4000	0.0678269	260.488
250.3000	0.0754165	260.557
250.2000	0.105255	260.625
250.1000	0.0999041	260.694
250.0000	0.0849366	260.76
249.9000	0.0951531	260.822
249.8000	0.0759877	260.885
249.7000	0.0581237	260.954
249.6000	0.0518876	261.026
249.5000	0.00492781	261.094
249.4000	0.00370468	261.167
249.3000	-0.0178444	261.242
249.2000	-0.0162033	261.323
249.1000	-0.00519206	261.396
249.0000	0.00855227	261.466
248.9000	0.0157498	261.537
248.8000	0.0380099	261.614
248.7000	0.050624	261.684
248.6000	0.0725947	261.753
248.5000	0.041754	261.828
248.4000	0.0471252	261.902
248.3000	0.063251	261.978
248.2000	0.0368255	262.057
248.1000	0.0176455	262.129
248.0000	0.023177	262.204
247.9000	0.0365069	262.277
247.8000	0.0510149	262.345
247.7000	0.0330125	262.417
247.6000	-0.00916595	262.49
247.5000	0.00847702	262.554
247.4000	0.0492717	262.627
247.3000	0.0541039	262.7
247.2000	0.046555	262.773
247.1000	0.0680876	262.85
247.0000	0.0914579	262.93
246.9000	0.117229	263.006
246.8000	0.0925772	263.087
246.7000	0.0571653	263.163
246.6000	0.0351831	263.245
246.5000	0.00527302	263.328
246.4000	0.00211919	263.408
246.3000	0.00917936	263.487
246.2000	0.00673383	263.564
246.1000	-0.00222499	263.641
246.0000	-0.0355991	263.717
245.9000	-0.0226811	263.788
245.8000	0.00934725	263.863
245.7000	-0.0089546	263.939
245.6000	-0.0327868	264.015
245.5000	-0.0347286	264.094
245.4000	-0.0124653	264.176
245.3000	0.0406489	264.256
245.2000	0.0300931	264.336
245.1000	0.0133919	264.413
245.0000	0.0225931	264.49
244.9000	0.0334454	264.565
244.8000	0.0490576	264.641
244.7000	0.0489153	264.711
244.6000	0.0359086	264.79
244.5000	0.0501891	264.865
244.4000	0.0788709	264.942
244.3000	0.0750999	265.017
244.2000	0.062599	265.096
244.1000	0.0596022	265.177
244.0000	0.077833	265.262
243.9000	0.0636227	265.342
243.8000	0.0527598	265.423
243.7000	0.0315609	265.502
243.6000	0.0412288	265.587
243.5000	0.0665814	265.672
243.4000	0.0623216	265.754
243.3000	0.0441191	265.838
243.2000	0.0731997	265.927
243.1000	0.0737714	266.014
243.0000	0.0980072	266.11
242.9000	0.083028	266.198
242.8000	0.0681197	266.291
242.7000	0.0817932	266.384
242.6000	0.0706772	266.475
242.5000	0.05722	266.564
242.4000	0.0539603	266.657
242.3000	0.0335259	266.757
242.2000	0.0318582	266.855
242.1000	0.0141603	266.949
242.0000	0.0276037	267.051
241.9000	0.0376229	267.151
241.8000	0.0484553	267.253
241.7000	0.0500982	267.358
241.6000	0.058199	267.455
241.5000	0.0492801	267.558
241.4000	0.0586619	267.667
241.3000	0.0236226	267.769
241.2000	0.0218719	267.876
241.1000	0.0259394	267.985
241.0000	0.0169454	268.091
240.9000	0.0189108	268.198
240.8000	0.0386337	268.306
240.7000	0.0303703	268.413
240.6000	0.0436117	268.524
240.5000	0.0398017	268.631
240.4000	0.0232163	268.735
240.3000	0.0054049	268.842
240.2000	-0.0144882	268.954
240.1000	-0.0129081	269.065
240.0000	-0.00240207	269.179
239.9000	-0.0415253	269.293
239.8000	-0.0557316	269.416
239.7000	-0.0290359	269.542
239.6000	-0.00468815	269.669
239.5000	-0.00273536	269.792
239.4000	-0.00873903	269.922
239.3000	0.00640874	270.051
239.2000	0.037768	270.179
239.1000	0.0290866	270.308
239.0000	0.0215928	270.442
238.9000	0.00258585	270.574
238.8000	-0.0129717	270.709
238.7000	-0.0141097	270.838
238.6000	-0.0383568	270.972
238.5000	-0.0663191	271.108
238.4000	-0.0324897	271.244
238.3000	-0.0481633	271.379
238.2000	-0.0350679	271.517
238.1000	-0.00166744	271.659
238.0000	-0.0130383	271.804
237.9000	0.0111677	271.945
237.8000	0.0432938	272.086
237.7000	0.0441541	272.226
237.6000	0.0281041	272.366
237.5000	0.0176392	272.504
237.4000	-0.000279645	272.638
237.3000	-0.0209908	272.772
237.2000	-0.0184176	272.91
237.1000	-0.0208581	273.049
237.0000	-0.0448376	273.188
236.9000	-0.0512481	273.329
236.8000	-0.0448083	273.472
236.7000	-0.0664686	273.615
236.6000	-0.0623904	273.761
236.5000	-0.0820572	273.9
236.4000	-0.0970033	274.04
236.3000	-0.104235	274.182
236.2000	-0.0724127	274.32
236.1000	-0.0742547	274.468
236.0000	-0.0728625	274.613
235.9000	-0.0767616	274.757
235.8000	-0.113306	274.901
235.7000	-0.0845817	275.045
235.6000	-0.0735497	275.188
235.5000	-0.0845075	275.335
235.4000	-0.09995	275.475
235.3000	-0.113902	275.617
235.2000	-0.122498	275.757
235.1000	-0.138056	275.902
235.0000	-0.166648	276.05
234.9000	-0.188993	276.196
234.8000	-0.227815	276.338
234.7000	-0.227439	276.481
234.6000	-0.234614	276.625
234.5000	-0.24506	276.771
234.4000	-0.244176	276.914
234.3000	-0.250416	277.051
234.2000	-0.250283	277.19
234.1000	-0.252257	277.333
234.0000	-0.248416	277.477
233.9000	-0.229197	277.619
233.8000	-0.212079	277.76
233.7000	-0.220468	277.903
233.6000	-0.219463	278.051
233.5000	-0.202146	278.199
233.4000	-0.183597	278.341
233.3000	-0.175899	278.484
233.2000	-0.17372	278.633
233.1000	-0.153695	278.782
233.0000	-0.148875	278.933
232.9000	-0.187267	279.077
232.8000	-0.15892	279.225
232.7000	-0.173725	279.373
232.6000	-0.22968	279.521
232.5000	-0.233367	279.669
232.4000	-0.229076	279.815
232.3000	-0.220154	279.963
232.2000	-0.207451	280.114
232.1000	-0.265673	280.263
232.0000	-0.277322	280.417
231.9000	-0.248456	280.567
231.8000	-0.267282	280.721
231.7000	-0.303136	280.871
231.6000	-0.29474	281.03
231.5000	-0.316394	281.19
231.4000	-0.339301	281.352
231.3000	-0.327053	281.51
231.2000	-0.367648	281.67
231.1000	-0.353669	281.824
231.0000	-0.332066	281.98
230.9000	-0.354112	282.127
230.8000	-0.368113	282.273
230.7000	-0.372635	282.417
230.6000	-0.377864	282.566
230.5000	-0.379602	282.712
230.4000	-0.387743	282.858
230.3000	-0.385341	283.005
230.2000	-0.368838	283.153
230.1000	-0.336248	283.303
230.0000	-0.333529	283.448
229.9000	-0.305007	283.594
229.8000	-0.278223	283.744
229.7000	-0.306595	283.895
229.6000	-0.358563	284.047
229.5000	-0.356908	284.203
229.4000	-0.407035	284.356
229.3000	-0.425632	284.517
229.2000	-0.458607	284.675
229.1000	-0.470778	284.833
229.0000	-0.425685	284.991
228.9000	-0.408614	285.154
228.8000	-0.396896	285.317
228.7000	-0.362176	285.483
228.6000	-0.359205	285.644
228.5000	-0.362605	285.807
228.4000	-0.394727	285.97
228.3000	-0.418717	286.135
228.2000	-0.396989	286.295
228.1000	-0.44297	286.456
228.0000	-0.482626	286.618
227.9000	-0.476017	286.78
227.8000	-0.470048	286.942
227.7000	-0.437511	287.106
227.6000	-0.449179	287.268
227.5000	-0.506487	287.43
227.4000	-0.488814	287.585
227.3000	-0.449963	287.743
227.2000	-0.44218	287.898
227.1000	-0.497834	288.05
227.0000	-0.52827	288.201
226.9000	-0.515328	288.352
226.8000	-0.490468	288.503
226.7000	-0.497587	288.657
226.6000	-0.488243	288.805
226.5000	-0.500737	288.958
226.4000	-0.482735	289.105
226.3000	-0.497066	289.251
226.2000	-0.506967	289.397
226.1000	-0.50676	289.546
226.0000	-0.507511	289.691
225.9000	-0.539272	289.836
225.8000	-0.53134	289.981
225.7000	-0.541788	290.124
225.6000	-0.573704	290.268
225.5000	-0.614709	290.411
225.4000	-0.664114	290.551
225.3000	-0.655392	290.693
225.2000	-0.663536	290.833
225.1000	-0.640766	290.974
225.0000	-0.628356	291.121
224.9000	-0.596739	291.269
224.8000	-0.562422	291.414
224.7000	-0.587938	291.558
224.6000	-0.638037	291.707
224.5000	-0.64239	291.856
224.4000	-0.645334	292.006
224.3000	-0.664176	292.152
224.2000	-0.688095	292.301
224.1000	-0.721244	292.451
224.0000	-0.707985	292.604
223.9000	-0.689556	292.752
223.8000	-0.682799	292.903
223.7000	-0.696844	293.051
223.6000	-0.693882	293.202
223.5000	-0.650095	293.35
223.4000	-0.622127	293.498
223.3000	-0.596563	293.648
223.2000	-0.594223	293.798
223.1000	-0.604291	293.946
223.0000	-0.616218	294.099
222.9000	-0.617814	294.251
222.8000	-0.645344	294.402
222.7000	-0.653017	294.555
222.6000	-0.662759	294.704
222.5000	-0.64291	294.857
222.4000	-0.702617	295.012
222.3000	-0.727852	295.167
222.2000	-0.722135	295.319
222.1000	-0.723676	295.473
222.0000	-0.74373	295.63
221.9000	-0.753209	295.784
221.8000	-0.732594	295.936
221.7000	-0.663474	296.089
221.6000	-0.672707	296.237
221.5000	-0.728554	296.389
221.4000	-0.717313	296.543
221.3000	-0.688805	296.695
221.2000	-0.686702	296.846
221.1000	-0.705471	296.992
221.0000	-0.70337	297.141
220.9000	-0.686548	297.291
220.8000	-0.66396	297.438
220.7000	-0.681954	297.579
220.6000	-0.697067	297.718
220.5000	-0.715205	297.859
220.4000	-0.742771	298
220.3000	-0.756248	298.138
220.2000	-0.761163	298.277
220.1000	-0.805918	298.412
220.0000	-0.821801	298.55
219.9000	-0.799144	298.684
219.8000	-0.761047	298.823
219.7000	-0.794894	298.958
219.6000	-0.804059	299.094
219.5000	-0.806781	299.227
219.4000	-0.770426	299.365
219.3000	-0.738294	299.497
219.2000	-0.746379	299.635
219.1000	-0.738759	299.772
219.0000	-0.713225	299.912
218.9000	-0.711965	300.051
218.8000	-0.672753	300.19
218.7000	-0.651119	300.327
218.6000	-0.648467	300.469
218.5000	-0.654367	300.607
218.4000	-0.699868	300.742
218.3000	-0.678598	300.879
218.2000	-0.654963	301.019
218.1000	-0.678632	301.159
218.0000	-0.674097	301.304
217.9000	-0.690783	301.452
217.8000	-0.675479	301.596
217.7000	-0.631775	301.74
217.6000	-0.591695	301.888
217.5000	-0.591423	302.034
217.4000	-0.56245	302.177
217.3000	-0.592985	302.322
217.2000	-0.611176	302.467
217.1000	-0.586777	302.618
217.0000	-0.59347	302.765
216.9000	-0.577166	302.911
216.8000	-0.556773	303.058
216.7000	-0.567492	303.206
216.6000	-0.523148	303.351
216.5000	-0.512608	303.498
216.4000	-0.514547	303.65
216.3000	-0.499531	303.797
216.2000	-0.548086	303.947
216.1000	-0.580378	304.095
216.0000	-0.580255	304.248
215.9000	-0.589644	304.395
215.8000	-0.590125	304.538
215.7000	-0.590765	304.678
215.6000	-0.597707	304.822
215.5000	-0.565279	304.96
215.4000	-0.519957	305.096
215.3000	-0.553972	305.228
215.2000	-0.527783	305.358
215.1000	-0.503675	305.488
215.0000	-0.461404	305.621
214.9000	-0.471188	305.747
214.8000	-0.426729	305.878
214.7000	-0.460652	306.007
214.6000	-0.453427	306.144
214.5000	-0.436844	306.278
214.4000	-0.481916	306.41
214.3000	-0.535456	306.538
214.2000	-0.575411	306.674
214.1000	-0.650509	306.809
214.0000	-0.651301	306.938
213.9000	-0.641932	307.064
213.8000	-0.591647	307.199
213.7000	-0.538601	307.331
213.6000	-0.504927	307.468
213.5000	-0.442807	307.601
213.4000	-0.420425	307.734
213.3000	-0.4236	307.872
213.2000	-0.425226	308.018
213.1000	-0.498689	308.165
213.0000	-0.500695	308.313
212.9000	-0.504859	308.466
212.8000	-0.535965	308.618
212.7000	-0.490935	308.772
212.6000	-0.445209	308.935
212.5000	-0.43443	309.091
212.4000	-0.396278	309.252
212.3000	-0.395688	309.412
212.2000	-0.356125	309.575
212.1000	-0.312477	309.74
212.0000	-0.28961	309.903
211.9000	-0.250769	310.065
211.8000	-0.243384	310.227
211.7000	-0.20762	310.386
211.6000	-0.194133	310.551
211.5000	-0.189946	310.709
211.4000	-0.15976	310.877
211.3000	-0.149228	311.046
211.2000	-0.18414	311.206
211.1000	-0.188178	311.369
211.0000	-0.182458	311.533
210.9000	-0.204085	311.69
210.8000	-0.198065	311.847
210.7000	-0.247721	312.004
210.6000	-0.23933	312.164
210.5000	-0.201816	312.33
210.4000	-0.17062	312.491
210.3000	-0.147215	312.656
210.2000	-0.119055	312.825
210.1000	-0.111387	312.991
210.0000	-0.0704572	313.154
209.9000	-0.100782	313.315
209.8000	-0.108454	313.481
209.7000	-0.118047	313.647
209.6000	-0.0963449	313.812
209.5000	-0.140216	313.976
209.4000	-0.132847	314.141
209.3000	-0.125401	314.307
209.2000	-0.0644868	314.476
209.1000	0.00961324	314.643
209.0000	-0.0169766	314.814
208.9000	-0.000311434	314.983
208.8000	0.0404534	315.16
208.7000	0.0474187	315.339
208.6000	0.0223028	315.521
208.5000	-0.036189	315.7
208.4000	-0.0931109	315.88
208.3000	-0.0981982	316.067
208.2000	-0.101799	316.261
208.1000	-0.0955962	316.453
208.0000	-0.0511738	316.646
207.9000	0.0127936	316.839
207.8000	0.0746292	317.033
207.7000	0.0993761	317.23
207.6000	0.151857	317.42
207.5000	0.222245	317.609
207.4000	0.190554	317.802
207.3000	0.185267	317.995
207.2000	0.226322	318.188
207.1000	0.242113	318.385
207.0000	0.232022	318.582
206.9000	0.247437	318.781
206.8000	0.205833	318.977
206.7000	0.23671	319.173
206.6000	0.237884	319.367
206.5000	0.188235	319.563
206.4000	0.199052	319.755
206.3000	0.254597	319.95
206.2000	0.257441	320.142
206.1000	0.317024	320.333
206.0000	0.303358	320.525
205.9000	0.287244	320.716
205.8000	0.321036	320.906
205.7000	0.303856	321.097
205.6000	0.310256	321.281
205.5000	0.274008	321.469
205.4000	0.262417	321.66
205.3000	0.314998	321.849
205.2000	0.36643	322.043
205.1000	0.348444	322.237
205.0000	0.367022	322.435
204.9000	0.390265	322.636
204.8000	0.447019	322.842
204.7000	0.458162	323.049
204.6000	0.532194	323.253
204.5000	0.590786	323.459
204.4000	0.66321	323.665
204.3000	0.680169	323.877
204.2000	0.695875	324.091
204.1000	0.704059	324.302
204.0000	0.722044	324.518
203.9000	0.646849	324.735
203.8000	0.597651	324.952
203.7000	0.622578	325.171
203.6000	0.611883	325.385
203.5000	0.662634	325.602
203.4000	0.667439	325.823
203.3000	0.69201	326.046
203.2000	0.720075	326.274
203.1000	0.73423	326.502
203.0000	0.72622	326.726
202.9000	0.757939	326.958
202.8000	0.783119	327.188
202.7000	0.746313	327.414
202.6000	0.742807	327.643
202.5000	0.792567	327.873
202.4000	0.83943	328.103
202.3000	0.816333	328.338
202.2000	0.743476	328.576
202.1000	0.711328	328.815
202.0000	0.816955	329.062
201.9000	0.813618	329.304
201.8000	0.843605	329.544
201.7000	0.803882	329.793
201.6000	0.796467	330.042
201.5000	0.868075	330.295
201.4000	0.818198	330.549
201.3000	0.78402	330.805
201.2000	0.794329	331.069
201.1000	0.718822	331.334
201.0000	0.779645	331.603
200.9000	0.855134	331.875
200.8000	0.889899	332.147
200.7000	0.917483	332.424
200.6000	0.90302	332.703
200.5000	0.94217	332.985
200.4000	0.957704	333.271
200.3000	0.953082	333.558
200.2000	0.908695	333.847
200.1000	0.8867	334.137
200.0000	0.897107	334.43
199.9000	0.916949	334.728
199.8000	0.907779	335.032
199.7000	0.91524	335.338
199.6000	0.925125	335.641
199.5000	0.930071	335.947
199.4000	0.921083	336.254
199.3000	0.937839	336.56
199.2000	0.919079	336.863
199.1000	0.886479	337.165
199.0000	0.85955	337.475
198.9000	0.790809	337.784
198.8000	0.848557	338.097
198.7000	0.800446	338.416
198.6000	0.79227	338.738
198.5000	0.796691	339.064
198.4000	0.767464	339.395
198.3000	0.760358	339.724
198.2000	0.803462	340.061
198.1000	0.777757	340.4
198.0000	0.813779	340.742
197.9000	0.766964	341.088
197.8000	0.779226	341.44
197.7000	0.818849	341.794
197.6000	0.815648	342.153
197.5000	0.790973	342.518
197.4000	0.788413	342.894
197.3000	0.789992	343.278
197.2000	0.86552	343.664
197.1000	0.891088	344.059
197.0000	0.894741	344.457
196.9000	0.882792	344.862
196.8000	0.927899	345.269
196.7000	0.927737	345.671
196.6000	0.91656	346.07
196.5000	0.878358	346.473
196.4000	0.829719	346.877
196.3000	0.812961	347.284
196.2000	0.854374	347.694
196.1000	0.811741	348.105
196.0000	0.827727	348.521
195.9000	0.78263	348.945
195.8000	0.703321	349.369
195.7000	0.767534	349.793
195.6000	0.777403	350.221
195.5000	0.690554	350.65
195.4000	0.640684	351.082
195.3000	0.616763	351.519
195.2000	0.684805	351.972
195.1000	0.752657	352.442
195.0000	0.678064	352.931
194.9000	0.61953	353.434
194.8000	0.744371	353.959
194.7000	0.808648	354.503
194.6000	0.768355	355.061
194.5000	0.726195	355.619
194.4000	0.723149	356.184
194.3000	0.675975	356.752
194.2000	0.627965	357.33
194.1000	0.515142	357.909
194.0000	0.494261	358.498
193.9000	0.562306	359.09
193.8000	0.539614	359.694
193.7000	0.490951	360.308
193.6000	0.508951	360.924
193.5000	0.515173	361.544
193.4000	0.477873	362.173
193.3000	0.420113	362.806
193.2000	0.358435	363.449
193.1000	0.386843	364.097
193.0000	0.426346	364.752
192.9000	0.501146	365.415
192.8000	0.51839	366.084
192.7000	0.608512	366.753
192.6000	0.646638	367.433
192.5000	0.603041	368.122
192.4000	0.523829	368.817
192.3000	0.426672	369.518
192.2000	0.353622	370.226
192.1000	0.369118	370.948
192.0000	0.239554	371.68
191.9000	0.15259	372.418
191.8000	0.156004	373.167
191.7000	0.156673	373.922
191.6000	0.11982	374.684
191.5000	0.107546	375.461
191.4000	0.0294303	376.239
191.3000	0.0166823	377.027
191.2000	0.0962379	377.826
191.1000	0.048844	378.628
191.0000	-0.0116234	379.444
190.9000	0.117119	380.27
190.8000	0.112155	381.101
190.7000	0.237246	381.944
190.6000	0.361968	382.797
190.5000	0.363203	383.658
190.4000	0.335539	384.531
190.3000	0.399963	385.41
190.2000	0.373944	386.307
190.1000	0.406224	387.217
190.0000	0.333974	388.139
189.9000	0.250547	389.08
189.8000	0.220507	390.038
189.7000	0.227107	391.009
189.6000	0.265897	391.998
189.5000	0.232757	392.994
189.4000	0.201685	394.01
189.3000	0.158772	395.038
189.2000	0.101024	396.082
189.1000	0.0478769	397.141
189.0000	0.115122	398.229
188.9000	0.0143593	399.332
188.8000	-0.0325044	400.464
188.7000	-0.155116	401.622
188.6000	-0.127856	402.807
188.5000	-0.0858066	404.015
188.4000	-0.0573044	405.25
188.3000	0.0179067	406.506
188.2000	0.0572967	407.799
188.1000	-0.00639533	409.112
188.0000	-0.0220031	410.453
187.9000	-0.0920949	411.818
187.8000	-0.254762	413.22
187.7000	-0.256388	414.653
187.6000	-0.559783	416.125
187.5000	-0.453124	417.631
187.4000	-0.375207	419.188
187.3000	-0.234749	420.793
187.2000	-0.120821	422.446
187.1000	0.0562266	424.153
187.0000	0.184889	425.908
186.9000	0.309158	427.718
186.8000	0.275392	429.58
186.7000	0.298205	431.488
186.6000	0.262008	433.462
186.5000	0.386295	435.496
186.4000	0.470228	437.579
186.3000	0.424118	439.721
186.2000	0.31962	441.916
186.1000	0.172356	444.172
186.0000	0.149466	446.499
185.9000	0.115878	448.879
185.8000	-0.0298962	451.333
185.7000	-0.264615	453.87
185.6000	-0.180585	456.496
185.5000	0.0217316	459.212
185.4000	0.156092	462.038
185.3000	0.254775	464.964
185.2000	0.174534	468.01
185.1000	0.366089	471.17
185.0000	0.369891	474.459
