TITLE	02_250626E
DATA TYPE	
ORIGIN	JASCO
OWNER	
DATE	25/06/26
TIME	15:22:42
SPECTROMETER/DATA SYSTEM	JASCO Corp., J-715, Rev. 1.00
RESOLUTION	
DELTAX	-0.1
XUNITS	NANOMETERS
YUNITS	CD[mdeg]
Y2UNITS	HT[V]
FIRSTX	260.0000
LASTX	185.0000
NPOINTS	751
FIRSTY	0.14091
MAXY	0.20026
MINY	-0.72028
XYDATA
260.0000	0.140906	253.781
259.9000	0.137849	253.81
259.8000	0.160626	253.852
259.7000	0.173924	253.905
259.6000	0.181716	253.97
259.5000	0.185011	254.048
259.4000	0.163677	254.133
259.3000	0.154259	254.208
259.2000	0.17676	254.283
259.1000	0.171263	254.354
259.0000	0.178772	254.425
258.9000	0.168314	254.495
258.8000	0.145607	254.562
258.7000	0.151074	254.632
258.6000	0.135303	254.706
258.5000	0.132105	254.777
258.4000	0.157184	254.846
258.3000	0.14288	254.916
258.2000	0.12288	254.985
258.1000	0.139781	255.057
258.0000	0.162305	255.126
257.9000	0.17006	255.194
257.8000	0.127375	255.258
257.7000	0.104609	255.325
257.6000	0.0923311	255.394
257.5000	0.102376	255.461
257.4000	0.101332	255.524
257.3000	0.075114	255.586
257.2000	0.0697936	255.652
257.1000	0.0849252	255.723
257.0000	0.0896638	255.794
256.9000	0.11668	255.865
256.8000	0.110026	255.935
256.7000	0.108467	256.007
256.6000	0.127438	256.076
256.5000	0.118612	256.142
256.4000	0.0875764	256.209
256.3000	0.0915701	256.274
256.2000	0.100256	256.344
256.1000	0.11094	256.416
256.0000	0.112335	256.487
255.9000	0.118519	256.559
255.8000	0.138723	256.632
255.7000	0.177963	256.702
255.6000	0.186188	256.773
255.5000	0.183909	256.835
255.4000	0.200257	256.901
255.3000	0.197609	256.97
255.2000	0.176854	257.032
255.1000	0.173538	257.099
255.0000	0.160639	257.165
254.9000	0.151165	257.236
254.8000	0.126862	257.304
254.7000	0.0953918	257.368
254.6000	0.0933165	257.43
254.5000	0.115329	257.496
254.4000	0.128557	257.561
254.3000	0.134202	257.626
254.2000	0.112609	257.689
254.1000	0.121709	257.759
254.0000	0.14164	257.829
253.9000	0.136612	257.901
253.8000	0.121612	257.973
253.7000	0.121419	258.045
253.6000	0.119198	258.12
253.5000	0.121476	258.191
253.4000	0.112702	258.26
253.3000	0.123459	258.332
253.2000	0.120985	258.401
253.1000	0.106613	258.47
253.0000	0.0956861	258.542
252.9000	0.0934613	258.61
252.8000	0.115565	258.68
252.7000	0.133564	258.747
252.6000	0.118419	258.817
252.5000	0.114745	258.89
252.4000	0.132495	258.965
252.3000	0.144772	259.037
252.2000	0.133906	259.112
252.1000	0.125848	259.185
252.0000	0.0986454	259.261
251.9000	0.110673	259.337
251.8000	0.138657	259.414
251.7000	0.119474	259.486
251.6000	0.100524	259.555
251.5000	0.107112	259.625
251.4000	0.0946167	259.7
251.3000	0.0977909	259.773
251.2000	0.104979	259.844
251.1000	0.0886654	259.915
251.0000	0.0986757	259.989
250.9000	0.0995591	260.066
250.8000	0.10568	260.14
250.7000	0.139042	260.213
250.6000	0.1567	260.286
250.5000	0.128953	260.357
250.4000	0.124736	260.427
250.3000	0.104455	260.495
250.2000	0.0708746	260.565
250.1000	0.0468398	260.638
250.0000	0.0343832	260.707
249.9000	0.0242986	260.772
249.8000	0.0377394	260.843
249.7000	0.0431945	260.917
249.6000	0.0738412	260.99
249.5000	0.0815151	261.058
249.4000	0.0997295	261.128
249.3000	0.0879645	261.203
249.2000	0.10101	261.283
249.1000	0.110527	261.353
249.0000	0.109356	261.423
248.9000	0.117867	261.499
248.8000	0.092487	261.574
248.7000	0.0960094	261.647
248.6000	0.0748463	261.714
248.5000	0.0663864	261.783
248.4000	0.0594219	261.853
248.3000	0.0482323	261.923
248.2000	0.0476832	261.991
248.1000	0.101863	262.058
248.0000	0.0912398	262.129
247.9000	0.111292	262.2
247.8000	0.112532	262.274
247.7000	0.094267	262.347
247.6000	0.0832769	262.418
247.5000	0.0712944	262.488
247.4000	0.0673418	262.563
247.3000	0.0730964	262.631
247.2000	0.0702158	262.704
247.1000	0.0532734	262.778
247.0000	0.057362	262.854
246.9000	0.0587846	262.928
246.8000	0.0507029	263.005
246.7000	0.0339029	263.081
246.6000	0.0420235	263.159
246.5000	0.0539439	263.241
246.4000	0.0548561	263.316
246.3000	0.071947	263.393
246.2000	0.0520055	263.468
246.1000	0.0711625	263.543
246.0000	0.0529736	263.618
245.9000	0.0388116	263.694
245.8000	0.0306403	263.767
245.7000	0.036487	263.843
245.6000	0.0127745	263.917
245.5000	-9.95894E-005	263.988
245.4000	0.0170526	264.062
245.3000	0.052951	264.134
245.2000	0.0275689	264.204
245.1000	0.00141859	264.275
245.0000	-0.00929683	264.349
244.9000	0.0184807	264.422
244.8000	0.0558481	264.5
244.7000	0.0408133	264.574
244.6000	0.0265082	264.652
244.5000	0.0541324	264.727
244.4000	0.0567677	264.801
244.3000	0.0699741	264.874
244.2000	0.0753313	264.955
244.1000	0.0586398	265.035
244.0000	0.0564617	265.113
243.9000	0.0593297	265.191
243.8000	0.064834	265.266
243.7000	0.120304	265.344
243.6000	0.130264	265.425
243.5000	0.100966	265.503
243.4000	0.119342	265.583
243.3000	0.134422	265.666
243.2000	0.1583	265.75
243.1000	0.179959	265.837
243.0000	0.127829	265.926
242.9000	0.117342	266.013
242.8000	0.146994	266.102
242.7000	0.135522	266.193
242.6000	0.10307	266.28
242.5000	0.0508738	266.372
242.4000	-0.00807668	266.466
242.3000	-0.0108389	266.559
242.2000	-0.00465065	266.654
242.1000	-0.00966216	266.748
242.0000	-0.0095288	266.845
241.9000	0.0280276	266.942
241.8000	0.0483292	267.044
241.7000	0.0807588	267.148
241.6000	0.100872	267.249
241.5000	0.0948228	267.35
241.4000	0.0908246	267.455
241.3000	0.0829714	267.557
241.2000	0.062949	267.66
241.1000	0.0808083	267.762
241.0000	0.0654206	267.859
240.9000	0.0784536	267.959
240.8000	0.105363	268.06
240.7000	0.108799	268.16
240.6000	0.107988	268.262
240.5000	0.096342	268.363
240.4000	0.0668687	268.466
240.3000	0.0622931	268.574
240.2000	0.0564461	268.682
240.1000	0.032909	268.794
240.0000	0.0439649	268.905
239.9000	0.0387999	269.022
239.8000	0.0709499	269.14
239.7000	0.0818901	269.259
239.6000	0.0702694	269.378
239.5000	0.0835342	269.497
239.4000	0.0938438	269.619
239.3000	0.0796604	269.748
239.2000	0.0911191	269.873
239.1000	0.108769	270.002
239.0000	0.110501	270.132
238.9000	0.100322	270.264
238.8000	0.0787559	270.396
238.7000	0.0751438	270.522
238.6000	0.0494306	270.651
238.5000	0.044585	270.784
238.4000	0.00812213	270.917
238.3000	0.00275423	271.05
238.2000	0.00650113	271.183
238.1000	0.00646835	271.319
238.0000	0.0196576	271.455
237.9000	0.0389862	271.593
237.8000	0.0282817	271.731
237.7000	0.0498074	271.867
237.6000	0.0399066	272.006
237.5000	0.0287279	272.145
237.4000	0.0130661	272.286
237.3000	-0.00563661	272.425
237.2000	-0.0171105	272.56
237.1000	-0.00592843	272.698
237.0000	-0.00627488	272.84
236.9000	0.0387289	272.979
236.8000	0.0633769	273.117
236.7000	0.0929584	273.252
236.6000	0.0949221	273.392
236.5000	0.119059	273.533
236.4000	0.151363	273.669
236.3000	0.127865	273.803
236.2000	0.100279	273.94
236.1000	0.0908159	274.083
236.0000	0.0779957	274.225
235.9000	0.0707418	274.367
235.8000	0.0405222	274.506
235.7000	0.017902	274.645
235.6000	0.0160647	274.786
235.5000	0.0156884	274.925
235.4000	-0.0132861	275.059
235.3000	-0.00151669	275.194
235.2000	-0.00831013	275.331
235.1000	-0.031127	275.47
235.0000	-0.0505909	275.611
234.9000	-0.0695303	275.75
234.8000	-0.0876201	275.889
234.7000	-0.0868268	276.029
234.6000	-0.112501	276.168
234.5000	-0.090376	276.304
234.4000	-0.107663	276.44
234.3000	-0.111233	276.577
234.2000	-0.109776	276.712
234.1000	-0.109228	276.85
234.0000	-0.100186	276.992
233.9000	-0.113237	277.134
233.8000	-0.0980618	277.275
233.7000	-0.0752653	277.419
233.6000	-0.0585998	277.562
233.5000	-0.0440779	277.709
233.4000	-0.0431294	277.852
233.3000	-0.011274	277.994
233.2000	-0.00733385	278.137
233.1000	-0.0164377	278.28
233.0000	-0.0369047	278.425
232.9000	-0.00449171	278.565
232.8000	0.0302806	278.708
232.7000	0.0184794	278.853
232.6000	-0.0195044	278.996
232.5000	-0.0218729	279.135
232.4000	-0.0128714	279.274
232.3000	-0.00857885	279.415
232.2000	-0.0855493	279.561
232.1000	-0.133218	279.705
232.0000	-0.116926	279.851
231.9000	-0.0892274	280
231.8000	-0.086796	280.15
231.7000	-0.112619	280.298
231.6000	-0.0958063	280.446
231.5000	-0.0469255	280.593
231.4000	-0.0143203	280.743
231.3000	-0.0351953	280.887
231.2000	-0.0222035	281.036
231.1000	-0.00686347	281.188
231.0000	-0.016882	281.342
230.9000	-0.0406971	281.493
230.8000	-0.0662774	281.643
230.7000	-0.0690624	281.791
230.6000	-0.0523018	281.936
230.5000	-0.0959064	282.077
230.4000	-0.136132	282.212
230.3000	-0.161623	282.352
230.2000	-0.156431	282.489
230.1000	-0.139309	282.631
230.0000	-0.137382	282.77
229.9000	-0.145242	282.915
229.8000	-0.129747	283.062
229.7000	-0.128494	283.213
229.6000	-0.0811949	283.361
229.5000	-0.0890908	283.511
229.4000	-0.128471	283.661
229.3000	-0.139705	283.817
229.2000	-0.156308	283.972
229.1000	-0.156613	284.123
229.0000	-0.158418	284.281
228.9000	-0.173651	284.443
228.8000	-0.192546	284.602
228.7000	-0.177853	284.759
228.6000	-0.155258	284.919
228.5000	-0.158963	285.081
228.4000	-0.182656	285.243
228.3000	-0.151827	285.405
228.2000	-0.146575	285.564
228.1000	-0.150837	285.725
228.0000	-0.163018	285.885
227.9000	-0.157604	286.039
227.8000	-0.143662	286.197
227.7000	-0.157024	286.354
227.6000	-0.180857	286.506
227.5000	-0.162607	286.658
227.4000	-0.167584	286.807
227.3000	-0.19556	286.959
227.2000	-0.226012	287.108
227.1000	-0.270182	287.256
227.0000	-0.285251	287.403
226.9000	-0.289511	287.551
226.8000	-0.316649	287.696
226.7000	-0.289882	287.844
226.6000	-0.303602	287.988
226.5000	-0.258631	288.137
226.4000	-0.2049	288.279
226.3000	-0.191602	288.424
226.2000	-0.180283	288.566
226.1000	-0.202248	288.712
226.0000	-0.213697	288.853
225.9000	-0.191673	288.99
225.8000	-0.220706	289.127
225.7000	-0.2377	289.265
225.6000	-0.254554	289.398
225.5000	-0.279423	289.535
225.4000	-0.244662	289.67
225.3000	-0.250604	289.804
225.2000	-0.247952	289.941
225.1000	-0.252533	290.079
225.0000	-0.256969	290.219
224.9000	-0.235002	290.359
224.8000	-0.236001	290.497
224.7000	-0.23053	290.637
224.6000	-0.202885	290.782
224.5000	-0.215798	290.922
224.4000	-0.210628	291.062
224.3000	-0.234242	291.201
224.2000	-0.260592	291.342
224.1000	-0.290938	291.481
224.0000	-0.318474	291.622
223.9000	-0.322575	291.763
223.8000	-0.327446	291.901
223.7000	-0.335528	292.04
223.6000	-0.293487	292.183
223.5000	-0.244821	292.326
223.4000	-0.224494	292.471
223.3000	-0.187764	292.619
223.2000	-0.21312	292.771
223.1000	-0.200443	292.921
223.0000	-0.171248	293.074
222.9000	-0.191332	293.228
222.8000	-0.210066	293.379
222.7000	-0.209582	293.529
222.6000	-0.258288	293.673
222.5000	-0.263437	293.818
222.4000	-0.276531	293.965
222.3000	-0.30753	294.111
222.2000	-0.333697	294.257
222.1000	-0.321344	294.403
222.0000	-0.308895	294.549
221.9000	-0.280134	294.701
221.8000	-0.266554	294.851
221.7000	-0.275681	294.999
221.6000	-0.245699	295.143
221.5000	-0.214983	295.286
221.4000	-0.221717	295.431
221.3000	-0.22476	295.574
221.2000	-0.221866	295.709
221.1000	-0.212913	295.848
221.0000	-0.203967	295.988
220.9000	-0.224871	296.128
220.8000	-0.226662	296.268
220.7000	-0.196805	296.404
220.6000	-0.179366	296.539
220.5000	-0.19444	296.677
220.4000	-0.226996	296.811
220.3000	-0.191484	296.947
220.2000	-0.167597	297.079
220.1000	-0.210724	297.216
220.0000	-0.245853	297.351
219.9000	-0.265154	297.486
219.8000	-0.282944	297.62
219.7000	-0.24115	297.755
219.6000	-0.306612	297.884
219.5000	-0.340172	298.016
219.4000	-0.314196	298.144
219.3000	-0.318116	298.274
219.2000	-0.3338	298.405
219.1000	-0.329802	298.536
219.0000	-0.351512	298.664
218.9000	-0.347241	298.796
218.8000	-0.378851	298.927
218.7000	-0.420722	299.054
218.6000	-0.42536	299.187
218.5000	-0.430718	299.319
218.4000	-0.424676	299.454
218.3000	-0.446225	299.588
218.2000	-0.389068	299.724
218.1000	-0.344912	299.858
218.0000	-0.260331	299.993
217.9000	-0.215804	300.128
217.8000	-0.18945	300.263
217.7000	-0.145975	300.404
217.6000	-0.151169	300.542
217.5000	-0.20223	300.68
217.4000	-0.192731	300.82
217.3000	-0.253508	300.967
217.2000	-0.290082	301.107
217.1000	-0.297345	301.248
217.0000	-0.338942	301.387
216.9000	-0.303422	301.53
216.8000	-0.322215	301.671
216.7000	-0.360395	301.814
216.6000	-0.374344	301.956
216.5000	-0.333753	302.102
216.4000	-0.37855	302.246
216.3000	-0.376219	302.388
216.2000	-0.40626	302.529
216.1000	-0.39763	302.67
216.0000	-0.39789	302.812
215.9000	-0.404474	302.951
215.8000	-0.443276	303.086
215.7000	-0.365152	303.223
215.6000	-0.34516	303.348
215.5000	-0.328933	303.478
215.4000	-0.329681	303.606
215.3000	-0.283727	303.732
215.2000	-0.249177	303.858
215.1000	-0.236462	303.983
215.0000	-0.268793	304.105
214.9000	-0.288164	304.233
214.8000	-0.273145	304.357
214.7000	-0.247401	304.483
214.6000	-0.29575	304.598
214.5000	-0.334576	304.718
214.4000	-0.348876	304.837
214.3000	-0.363317	304.956
214.2000	-0.360029	305.079
214.1000	-0.40719	305.201
214.0000	-0.423564	305.324
213.9000	-0.39175	305.454
213.8000	-0.388371	305.58
213.7000	-0.363693	305.709
213.6000	-0.386761	305.84
213.5000	-0.332737	305.968
213.4000	-0.289411	306.1
213.3000	-0.238314	306.232
213.2000	-0.245069	306.361
213.1000	-0.243388	306.495
213.0000	-0.291601	306.629
212.9000	-0.248494	306.772
212.8000	-0.26403	306.915
212.7000	-0.311575	307.058
212.6000	-0.357131	307.205
212.5000	-0.410103	307.355
212.4000	-0.43147	307.504
212.3000	-0.369082	307.656
212.2000	-0.416647	307.805
212.1000	-0.473135	307.955
212.0000	-0.436451	308.106
211.9000	-0.381297	308.256
211.8000	-0.306803	308.411
211.7000	-0.290187	308.565
211.6000	-0.304548	308.715
211.5000	-0.253274	308.866
211.4000	-0.201851	309.015
211.3000	-0.217167	309.169
211.2000	-0.31243	309.324
211.1000	-0.352393	309.47
211.0000	-0.353766	309.616
210.9000	-0.339129	309.765
210.8000	-0.34983	309.907
210.7000	-0.348662	310.044
210.6000	-0.302547	310.182
210.5000	-0.249048	310.322
210.4000	-0.281522	310.465
210.3000	-0.284655	310.609
210.2000	-0.324315	310.748
210.1000	-0.371723	310.892
210.0000	-0.399918	311.039
209.9000	-0.437273	311.183
209.8000	-0.459913	311.321
209.7000	-0.380386	311.464
209.6000	-0.373724	311.607
209.5000	-0.398798	311.758
209.4000	-0.360635	311.907
209.3000	-0.377516	312.058
209.2000	-0.392733	312.21
209.1000	-0.381035	312.366
209.0000	-0.454822	312.523
208.9000	-0.514719	312.684
208.8000	-0.497056	312.842
208.7000	-0.534684	313.003
208.6000	-0.490193	313.163
208.5000	-0.476186	313.323
208.4000	-0.427854	313.483
208.3000	-0.372041	313.636
208.2000	-0.300213	313.79
208.1000	-0.287736	313.945
208.0000	-0.274473	314.099
207.9000	-0.279558	314.255
207.8000	-0.27786	314.413
207.7000	-0.299856	314.572
207.6000	-0.32371	314.734
207.5000	-0.386013	314.898
207.4000	-0.372621	315.058
207.3000	-0.37598	315.22
207.2000	-0.393698	315.379
207.1000	-0.416455	315.54
207.0000	-0.419295	315.699
206.9000	-0.359512	315.855
206.8000	-0.314538	316.013
206.7000	-0.338854	316.171
206.6000	-0.351541	316.325
206.5000	-0.396877	316.477
206.4000	-0.406566	316.631
206.3000	-0.44189	316.784
206.2000	-0.502052	316.94
206.1000	-0.50875	317.087
206.0000	-0.529836	317.231
205.9000	-0.525855	317.381
205.8000	-0.507165	317.528
205.7000	-0.544101	317.669
205.6000	-0.536996	317.808
205.5000	-0.483719	317.946
205.4000	-0.439718	318.092
205.3000	-0.395537	318.237
205.2000	-0.378548	318.384
205.1000	-0.338948	318.529
205.0000	-0.328738	318.672
204.9000	-0.357184	318.821
204.8000	-0.410412	318.965
204.7000	-0.450315	319.108
204.6000	-0.453793	319.25
204.5000	-0.521521	319.393
204.4000	-0.555355	319.54
204.3000	-0.602036	319.687
204.2000	-0.59521	319.835
204.1000	-0.588854	319.984
204.0000	-0.591952	320.13
203.9000	-0.626135	320.278
203.8000	-0.636441	320.424
203.7000	-0.625908	320.569
203.6000	-0.61653	320.716
203.5000	-0.632132	320.858
203.4000	-0.611902	320.999
203.3000	-0.643112	321.144
203.2000	-0.640912	321.287
203.1000	-0.629181	321.428
203.0000	-0.609472	321.572
202.9000	-0.620525	321.713
202.8000	-0.623771	321.853
202.7000	-0.618002	321.997
202.6000	-0.57462	322.133
202.5000	-0.545083	322.273
202.4000	-0.528716	322.416
202.3000	-0.510168	322.554
202.2000	-0.466104	322.691
202.1000	-0.478412	322.829
202.0000	-0.493852	322.966
201.9000	-0.492141	323.111
201.8000	-0.481337	323.247
201.7000	-0.497815	323.383
201.6000	-0.553332	323.521
201.5000	-0.616356	323.659
201.4000	-0.691861	323.8
201.3000	-0.703969	323.933
201.2000	-0.685241	324.069
201.1000	-0.70123	324.213
201.0000	-0.696118	324.356
200.9000	-0.636658	324.501
200.8000	-0.585975	324.644
200.7000	-0.550059	324.787
200.6000	-0.594073	324.932
200.5000	-0.661276	325.075
200.4000	-0.65172	325.217
200.3000	-0.630673	325.36
200.2000	-0.667431	325.498
200.1000	-0.64419	325.642
200.0000	-0.638871	325.783
199.9000	-0.609329	325.926
199.8000	-0.557177	326.065
199.7000	-0.513704	326.202
199.6000	-0.536191	326.331
199.5000	-0.515424	326.465
199.4000	-0.555971	326.598
199.3000	-0.610597	326.733
199.2000	-0.5946	326.862
199.1000	-0.636244	326.985
199.0000	-0.686098	327.107
198.9000	-0.693769	327.238
198.8000	-0.69267	327.37
198.7000	-0.720285	327.492
198.6000	-0.659071	327.614
198.5000	-0.662806	327.741
198.4000	-0.625156	327.87
198.3000	-0.611026	328
198.2000	-0.591496	328.124
198.1000	-0.566911	328.247
198.0000	-0.493992	328.374
197.9000	-0.531198	328.5
197.8000	-0.527879	328.626
197.7000	-0.515685	328.753
197.6000	-0.530176	328.887
197.5000	-0.522649	329.019
197.4000	-0.556352	329.153
197.3000	-0.547448	329.288
197.2000	-0.503817	329.427
197.1000	-0.538241	329.563
197.0000	-0.544776	329.705
196.9000	-0.546505	329.844
196.8000	-0.598369	329.978
196.7000	-0.592651	330.11
196.6000	-0.631881	330.245
196.5000	-0.659389	330.378
196.4000	-0.669683	330.517
196.3000	-0.666966	330.647
196.2000	-0.640558	330.776
196.1000	-0.572834	330.911
196.0000	-0.582886	331.044
195.9000	-0.56494	331.176
195.8000	-0.5509	331.305
195.7000	-0.454816	331.432
195.6000	-0.469538	331.559
195.5000	-0.497586	331.686
195.4000	-0.548492	331.813
195.3000	-0.503682	331.95
195.2000	-0.528725	332.099
195.1000	-0.500523	332.26
195.0000	-0.472975	332.433
194.9000	-0.490017	332.622
194.8000	-0.521931	332.823
194.7000	-0.515026	333.036
194.6000	-0.52443	333.254
194.5000	-0.467064	333.474
194.4000	-0.510894	333.697
194.3000	-0.542267	333.92
194.2000	-0.495146	334.145
194.1000	-0.45361	334.372
194.0000	-0.498302	334.6
193.9000	-0.521763	334.83
193.8000	-0.610476	335.065
193.7000	-0.614155	335.304
193.6000	-0.620752	335.547
193.5000	-0.587543	335.79
193.4000	-0.553707	336.037
193.3000	-0.526008	336.292
193.2000	-0.441674	336.545
193.1000	-0.367956	336.8
193.0000	-0.398634	337.054
192.9000	-0.445139	337.308
192.8000	-0.47765	337.57
192.7000	-0.51731	337.837
192.6000	-0.504203	338.108
192.5000	-0.546282	338.379
192.4000	-0.591499	338.658
192.3000	-0.566726	338.941
192.2000	-0.522762	339.23
192.1000	-0.547717	339.52
192.0000	-0.531842	339.811
191.9000	-0.558186	340.107
191.8000	-0.519992	340.41
191.7000	-0.408719	340.714
191.6000	-0.371072	341.022
191.5000	-0.340723	341.336
191.4000	-0.341819	341.658
191.3000	-0.29347	341.986
191.2000	-0.319217	342.316
191.1000	-0.3071	342.656
191.0000	-0.377302	343.007
190.9000	-0.40394	343.369
190.8000	-0.378806	343.736
190.7000	-0.34535	344.108
190.6000	-0.332996	344.486
190.5000	-0.313282	344.869
190.4000	-0.357506	345.254
190.3000	-0.307811	345.643
190.2000	-0.322637	346.036
190.1000	-0.355939	346.438
190.0000	-0.346253	346.851
189.9000	-0.355072	347.277
189.8000	-0.283343	347.711
189.7000	-0.262489	348.156
189.6000	-0.370189	348.609
189.5000	-0.365949	349.073
189.4000	-0.406965	349.542
189.3000	-0.405789	350.024
189.2000	-0.413396	350.515
189.1000	-0.469097	351.026
189.0000	-0.48447	351.545
188.9000	-0.470482	352.078
188.8000	-0.430534	352.632
188.7000	-0.380309	353.206
188.6000	-0.366535	353.79
188.5000	-0.393062	354.394
188.4000	-0.402776	355.011
188.3000	-0.381949	355.647
188.2000	-0.301646	356.301
188.1000	-0.262743	356.969
188.0000	-0.280492	357.66
187.9000	-0.234639	358.373
187.8000	-0.187599	359.106
187.7000	-0.144337	359.867
187.6000	-0.131103	360.661
187.5000	-0.149464	361.484
187.4000	-0.166381	362.339
187.3000	-0.222564	363.224
187.2000	-0.271495	364.143
187.1000	-0.259008	365.098
187.0000	-0.250765	366.085
186.9000	-0.218278	367.104
186.8000	-0.217923	368.16
186.7000	-0.231325	369.258
186.6000	-0.152082	370.395
186.5000	-0.0693026	371.575
186.4000	-0.0763851	372.799
186.3000	-0.0429211	374.068
186.2000	-0.0591673	375.382
186.1000	-0.0265591	376.74
186.0000	-0.00863075	378.141
185.9000	-0.0216042	379.598
185.8000	-0.0842512	381.099
185.7000	-0.0799879	382.666
185.6000	-0.128224	384.296
185.5000	-0.115691	386.007
185.4000	-0.143882	387.788
185.3000	-0.126088	389.664
185.2000	-0.0984008	391.623
185.1000	-0.0134754	393.683
185.0000	0.14804	395.816
