TITLE	05_250626H_1day
DATA TYPE	
ORIGIN	JASCO
OWNER	
DATE	25/06/27
TIME	12:00:09
SPECTROMETER/DATA SYSTEM	JASCO Corp., J-715, Rev. 1.00
RESOLUTION	
DELTAX	-0.1
XUNITS	NANOMETERS
YUNITS	CD[mdeg]
Y2UNITS	HT[V]
FIRSTX	260.0000
LASTX	185.0000
NPOINTS	751
FIRSTY	0.14404
MAXY	2.09235
MINY	-1.36675
XYDATA
260.0000	0.144037	253.936
259.9000	0.141392	253.953
259.8000	0.147813	253.973
259.7000	0.148115	254.009
259.6000	0.158607	254.055
259.5000	0.155602	254.112
259.4000	0.126661	254.181
259.3000	0.133537	254.256
259.2000	0.143029	254.33
259.1000	0.137933	254.41
259.0000	0.133682	254.486
258.9000	0.136812	254.554
258.8000	0.132651	254.622
258.7000	0.146672	254.689
258.6000	0.149351	254.759
258.5000	0.149151	254.829
258.4000	0.150124	254.893
258.3000	0.129994	254.96
258.2000	0.111864	255.028
258.1000	0.097739	255.097
258.0000	0.100422	255.168
257.9000	0.085217	255.236
257.8000	0.0646162	255.303
257.7000	0.080993	255.37
257.6000	0.0973294	255.437
257.5000	0.115885	255.509
257.4000	0.130927	255.579
257.3000	0.110167	255.647
257.2000	0.101032	255.715
257.1000	0.114292	255.782
257.0000	0.110446	255.85
256.9000	0.127504	255.922
256.8000	0.118062	255.991
256.7000	0.12791	256.061
256.6000	0.151218	256.132
256.5000	0.159388	256.2
256.4000	0.136252	256.272
256.3000	0.140213	256.342
256.2000	0.137271	256.413
256.1000	0.125347	256.481
256.0000	0.100535	256.554
255.9000	0.0699744	256.623
255.8000	0.0717103	256.692
255.7000	0.0669728	256.76
255.6000	0.0536566	256.827
255.5000	0.0395849	256.89
255.4000	0.0614375	256.958
255.3000	0.0733629	257.021
255.2000	0.108027	257.088
255.1000	0.123253	257.159
255.0000	0.150669	257.229
254.9000	0.17624	257.295
254.8000	0.165186	257.368
254.7000	0.163938	257.433
254.6000	0.14024	257.497
254.5000	0.116152	257.563
254.4000	0.113959	257.63
254.3000	0.102082	257.699
254.2000	0.108572	257.773
254.1000	0.12766	257.845
254.0000	0.134239	257.918
253.9000	0.131	257.992
253.8000	0.139699	258.064
253.7000	0.115979	258.133
253.6000	0.115235	258.204
253.5000	0.0909862	258.273
253.4000	0.0846937	258.344
253.3000	0.0584421	258.417
253.2000	0.0459145	258.493
253.1000	0.0405433	258.567
253.0000	0.0331476	258.642
252.9000	0.030148	258.714
252.8000	0.0389218	258.785
252.7000	0.0235967	258.856
252.6000	0.0471818	258.926
252.5000	0.0624523	258.996
252.4000	0.0576347	259.07
252.3000	0.0777903	259.145
252.2000	0.0759828	259.219
252.1000	0.0475238	259.296
252.0000	0.0458047	259.37
251.9000	0.0355328	259.45
251.8000	0.0381164	259.527
251.7000	0.0490099	259.601
251.6000	0.0270481	259.676
251.5000	0.0437121	259.752
251.4000	0.0257398	259.827
251.3000	0.0234827	259.905
251.2000	0.00319928	259.978
251.1000	-0.021905	260.053
251.0000	-0.0194125	260.129
250.9000	-0.00791376	260.205
250.8000	-0.0163811	260.279
250.7000	0.000495215	260.357
250.6000	-0.0124857	260.427
250.5000	0.0253869	260.499
250.4000	0.0521044	260.573
250.3000	0.0172925	260.647
250.2000	0.0204084	260.717
250.1000	0.0331814	260.788
250.0000	0.0450482	260.861
249.9000	0.0426265	260.933
249.8000	-0.00868514	261.005
249.7000	-0.0196459	261.078
249.6000	-0.0156375	261.151
249.5000	-0.008329	261.222
249.4000	-0.00474379	261.292
249.3000	-0.0183868	261.362
249.2000	0.02563	261.437
249.1000	0.04459	261.509
249.0000	0.0634626	261.579
248.9000	0.0652502	261.652
248.8000	0.0384229	261.729
248.7000	0.0538034	261.804
248.6000	0.0609045	261.881
248.5000	0.0719078	261.957
248.4000	0.0630386	262.034
248.3000	0.0498156	262.11
248.2000	0.0478777	262.187
248.1000	0.0575383	262.259
248.0000	0.0552915	262.336
247.9000	0.0587816	262.409
247.8000	0.0287342	262.477
247.7000	0.0519524	262.547
247.6000	0.0579807	262.619
247.5000	0.0421897	262.686
247.4000	0.0516608	262.757
247.3000	0.0418315	262.826
247.2000	0.0495347	262.897
247.1000	0.0831569	262.976
247.0000	0.073615	263.053
246.9000	0.0758571	263.128
246.8000	0.0945988	263.208
246.7000	0.0639528	263.288
246.6000	0.0725833	263.366
246.5000	0.0471356	263.445
246.4000	0.00952656	263.522
246.3000	0.00340343	263.599
246.2000	0.0074625	263.676
246.1000	0.00445197	263.747
246.0000	0.021113	263.819
245.9000	0.020584	263.896
245.8000	0.0426446	263.98
245.7000	0.0791018	264.06
245.6000	0.0831512	264.14
245.5000	0.0913382	264.219
245.4000	0.094183	264.302
245.3000	0.0841312	264.383
245.2000	0.0735087	264.458
245.1000	0.0554219	264.529
245.0000	0.00288586	264.6
244.9000	-0.0120766	264.67
244.8000	-0.0161914	264.745
244.7000	-0.0202162	264.82
244.6000	-0.0247474	264.896
244.5000	-0.0178556	264.976
244.4000	-0.00681455	265.056
244.3000	0.039344	265.137
244.2000	0.0443024	265.219
244.1000	0.0379972	265.297
244.0000	0.0298396	265.382
243.9000	0.017861	265.466
243.8000	-0.0221178	265.546
243.7000	-0.0209287	265.629
243.6000	-0.0468619	265.711
243.5000	-0.052656	265.799
243.4000	-0.0487986	265.889
243.3000	-0.0424174	265.972
243.2000	-0.0198926	266.057
243.1000	0.0076592	266.146
243.0000	0.00267103	266.235
242.9000	0.000888606	266.324
242.8000	0.00314042	266.416
242.7000	-0.014778	266.506
242.6000	-0.0197771	266.598
242.5000	-0.00727599	266.694
242.4000	0.00939344	266.787
242.3000	-0.00966017	266.887
242.2000	0.00015522	266.989
242.1000	0.00450661	267.088
242.0000	0.00692805	267.191
241.9000	0.0135255	267.294
241.8000	0.00211795	267.395
241.7000	-0.0222452	267.501
241.6000	-0.0138633	267.606
241.5000	-0.0378276	267.708
241.4000	-0.073462	267.814
241.3000	-0.0809396	267.922
241.2000	-0.0815026	268.033
241.1000	-0.0575989	268.147
241.0000	-0.0486781	268.257
240.9000	-0.0449282	268.36
240.8000	-0.0575456	268.466
240.7000	-0.0474284	268.575
240.6000	-0.0259963	268.683
240.5000	-0.0712501	268.788
240.4000	-0.108313	268.891
240.3000	-0.09935	269.001
240.2000	-0.0947018	269.116
240.1000	-0.0808147	269.23
240.0000	-0.061429	269.346
239.9000	-0.074182	269.465
239.8000	-0.030234	269.59
239.7000	-0.0359222	269.713
239.6000	-0.0566122	269.839
239.5000	-0.0504263	269.966
239.4000	-0.0480595	270.098
239.3000	-0.0516499	270.227
239.2000	-0.0690758	270.356
239.1000	-0.0953394	270.484
239.0000	-0.10933	270.617
238.9000	-0.10095	270.752
238.8000	-0.0867528	270.889
238.7000	-0.0918701	271.021
238.6000	-0.106346	271.162
238.5000	-0.0952172	271.296
238.4000	-0.113829	271.434
238.3000	-0.100635	271.569
238.2000	-0.124342	271.704
238.1000	-0.122876	271.845
238.0000	-0.137368	271.984
237.9000	-0.159166	272.122
237.8000	-0.150396	272.265
237.7000	-0.138536	272.408
237.6000	-0.159598	272.553
237.5000	-0.180971	272.693
237.4000	-0.190295	272.831
237.3000	-0.171028	272.977
237.2000	-0.172139	273.119
237.1000	-0.181662	273.261
237.0000	-0.180949	273.406
236.9000	-0.174432	273.548
236.8000	-0.153674	273.694
236.7000	-0.169878	273.84
236.6000	-0.144023	273.984
236.5000	-0.121188	274.128
236.4000	-0.133575	274.272
236.3000	-0.149583	274.414
236.2000	-0.148469	274.56
236.1000	-0.152479	274.704
236.0000	-0.157843	274.849
235.9000	-0.210413	274.992
235.8000	-0.218415	275.137
235.7000	-0.207765	275.282
235.6000	-0.19405	275.427
235.5000	-0.209327	275.566
235.4000	-0.20502	275.704
235.3000	-0.210388	275.84
235.2000	-0.20551	275.982
235.1000	-0.194286	276.126
235.0000	-0.206872	276.271
234.9000	-0.217612	276.412
234.8000	-0.233053	276.566
234.7000	-0.244191	276.714
234.6000	-0.253367	276.863
234.5000	-0.273229	277.01
234.4000	-0.282527	277.155
234.3000	-0.305846	277.299
234.2000	-0.328043	277.444
234.1000	-0.347072	277.584
234.0000	-0.360101	277.732
233.9000	-0.377786	277.877
233.8000	-0.418411	278.02
233.7000	-0.457441	278.165
233.6000	-0.456414	278.312
233.5000	-0.464044	278.462
233.4000	-0.46643	278.607
233.3000	-0.47474	278.749
233.2000	-0.456303	278.898
233.1000	-0.430726	279.051
233.0000	-0.435341	279.2
232.9000	-0.448917	279.347
232.8000	-0.465757	279.5
232.7000	-0.458222	279.655
232.6000	-0.476207	279.813
232.5000	-0.503492	279.961
232.4000	-0.515682	280.109
232.3000	-0.530415	280.265
232.2000	-0.536799	280.424
232.1000	-0.56295	280.578
232.0000	-0.616365	280.735
231.9000	-0.611504	280.892
231.8000	-0.618406	281.056
231.7000	-0.621287	281.216
231.6000	-0.580823	281.377
231.5000	-0.597737	281.534
231.4000	-0.590324	281.696
231.3000	-0.562278	281.853
231.2000	-0.592316	282.004
231.1000	-0.584336	282.155
231.0000	-0.584725	282.31
230.9000	-0.618464	282.461
230.8000	-0.630408	282.609
230.7000	-0.644389	282.755
230.6000	-0.654587	282.905
230.5000	-0.648431	283.052
230.4000	-0.673977	283.201
230.3000	-0.693876	283.348
230.2000	-0.671354	283.494
230.1000	-0.638093	283.643
230.0000	-0.629705	283.791
229.9000	-0.647798	283.94
229.8000	-0.657654	284.094
229.7000	-0.667641	284.246
229.6000	-0.684951	284.4
229.5000	-0.716976	284.554
229.4000	-0.743873	284.715
229.3000	-0.755195	284.874
229.2000	-0.766634	285.036
229.1000	-0.7188	285.2
229.0000	-0.703256	285.365
228.9000	-0.699447	285.532
228.8000	-0.720406	285.703
228.7000	-0.730306	285.865
228.6000	-0.703625	286.033
228.5000	-0.685986	286.202
228.4000	-0.712047	286.37
228.3000	-0.755381	286.541
228.2000	-0.786112	286.707
228.1000	-0.787677	286.874
228.0000	-0.812293	287.046
227.9000	-0.878399	287.216
227.8000	-0.928312	287.381
227.7000	-0.969342	287.545
227.6000	-0.946175	287.704
227.5000	-0.918735	287.866
227.4000	-0.923173	288.028
227.3000	-0.945725	288.185
227.2000	-0.894259	288.341
227.1000	-0.850645	288.498
227.0000	-0.891473	288.653
226.9000	-0.947686	288.808
226.8000	-0.977276	288.961
226.7000	-0.990085	289.116
226.6000	-0.963919	289.269
226.5000	-1.01331	289.421
226.4000	-1.04061	289.572
226.3000	-1.01362	289.724
226.2000	-0.99553	289.877
226.1000	-0.957314	290.029
226.0000	-0.95253	290.178
225.9000	-0.9451	290.324
225.8000	-0.980407	290.472
225.7000	-1.00298	290.625
225.6000	-1.00783	290.773
225.5000	-1.00758	290.92
225.4000	-1.02983	291.07
225.3000	-1.04181	291.216
225.2000	-1.06151	291.367
225.1000	-1.00501	291.518
225.0000	-0.99887	291.665
224.9000	-0.993983	291.813
224.8000	-0.99611	291.963
224.7000	-0.98149	292.112
224.6000	-0.980003	292.268
224.5000	-1.04904	292.421
224.4000	-1.09405	292.571
224.3000	-1.09329	292.722
224.2000	-1.13544	292.878
224.1000	-1.19722	293.034
224.0000	-1.24897	293.19
223.9000	-1.22443	293.343
223.8000	-1.17543	293.497
223.7000	-1.17919	293.649
223.6000	-1.16147	293.799
223.5000	-1.16936	293.949
223.4000	-1.15408	294.106
223.3000	-1.15375	294.259
223.2000	-1.18748	294.417
223.1000	-1.21747	294.573
223.0000	-1.21621	294.732
222.9000	-1.2467	294.895
222.8000	-1.24162	295.055
222.7000	-1.24208	295.212
222.6000	-1.25996	295.369
222.5000	-1.26332	295.53
222.4000	-1.21704	295.69
222.3000	-1.20134	295.847
222.2000	-1.22622	296.005
222.1000	-1.24576	296.167
222.0000	-1.2449	296.324
221.9000	-1.267	296.487
221.8000	-1.25612	296.646
221.7000	-1.29883	296.806
221.6000	-1.31688	296.969
221.5000	-1.29474	297.128
221.4000	-1.22147	297.284
221.3000	-1.23249	297.438
221.2000	-1.20621	297.587
221.1000	-1.23135	297.739
221.0000	-1.24292	297.887
220.9000	-1.24872	298.033
220.8000	-1.27271	298.18
220.7000	-1.35414	298.326
220.6000	-1.34665	298.474
220.5000	-1.36675	298.622
220.4000	-1.32494	298.77
220.3000	-1.30801	298.915
220.2000	-1.27463	299.061
220.1000	-1.22653	299.205
220.0000	-1.18967	299.346
219.9000	-1.17143	299.482
219.8000	-1.14795	299.624
219.7000	-1.15365	299.763
219.6000	-1.1673	299.904
219.5000	-1.23913	300.044
219.4000	-1.25842	300.188
219.3000	-1.27241	300.332
219.2000	-1.27045	300.476
219.1000	-1.30737	300.617
219.0000	-1.29021	300.761
218.9000	-1.23302	300.906
218.8000	-1.18979	301.051
218.7000	-1.20518	301.193
218.6000	-1.16698	301.339
218.5000	-1.15851	301.483
218.4000	-1.15681	301.629
218.3000	-1.1805	301.768
218.2000	-1.18604	301.914
218.1000	-1.18135	302.061
218.0000	-1.16087	302.209
217.9000	-1.12634	302.356
217.8000	-1.0719	302.507
217.7000	-1.01104	302.657
217.6000	-0.995865	302.814
217.5000	-1.01629	302.966
217.4000	-0.977647	303.115
217.3000	-0.973137	303.265
217.2000	-0.963282	303.418
217.1000	-0.978386	303.571
217.0000	-0.964176	303.724
216.9000	-0.959253	303.875
216.8000	-0.926113	304.029
216.7000	-0.906267	304.187
216.6000	-0.924622	304.341
216.5000	-0.989269	304.493
216.4000	-0.978211	304.652
216.3000	-0.948704	304.812
216.2000	-0.923253	304.965
216.1000	-0.934849	305.12
216.0000	-0.924436	305.266
215.9000	-0.867317	305.415
215.8000	-0.823613	305.563
215.7000	-0.834293	305.706
215.6000	-0.843611	305.848
215.5000	-0.838231	305.993
215.4000	-0.830209	306.135
215.3000	-0.833236	306.279
215.2000	-0.847062	306.426
215.1000	-0.853223	306.566
215.0000	-0.840076	306.706
214.9000	-0.852942	306.842
214.8000	-0.867755	306.98
214.7000	-0.8356	307.118
214.6000	-0.802673	307.259
214.5000	-0.763327	307.391
214.4000	-0.69732	307.53
214.3000	-0.72419	307.668
214.2000	-0.694198	307.804
214.1000	-0.654546	307.942
214.0000	-0.637959	308.077
213.9000	-0.672304	308.212
213.8000	-0.750031	308.356
213.7000	-0.7744	308.499
213.6000	-0.729958	308.643
213.5000	-0.734937	308.793
213.4000	-0.741111	308.942
213.3000	-0.797284	309.097
213.2000	-0.735643	309.246
213.1000	-0.653715	309.397
213.0000	-0.635841	309.552
212.9000	-0.585771	309.71
212.8000	-0.552125	309.868
212.7000	-0.490284	310.027
212.6000	-0.448413	310.188
212.5000	-0.428502	310.357
212.4000	-0.450856	310.525
212.3000	-0.447291	310.691
212.2000	-0.454758	310.86
212.1000	-0.478915	311.03
212.0000	-0.493959	311.201
211.9000	-0.478341	311.369
211.8000	-0.483473	311.539
211.7000	-0.446135	311.714
211.6000	-0.414366	311.888
211.5000	-0.416339	312.063
211.4000	-0.379161	312.241
211.3000	-0.362967	312.421
211.2000	-0.361242	312.607
211.1000	-0.316835	312.786
211.0000	-0.27445	312.965
210.9000	-0.236899	313.138
210.8000	-0.149931	313.309
210.7000	-0.115289	313.471
210.6000	-0.086122	313.635
210.5000	-0.00228907	313.801
210.4000	0.0515774	313.966
210.3000	0.0339133	314.129
210.2000	-0.00750298	314.295
210.1000	-0.0462274	314.462
210.0000	-0.0177177	314.636
209.9000	-0.0472181	314.807
209.8000	-0.0661353	314.982
209.7000	-0.109238	315.155
209.6000	-0.106956	315.334
209.5000	-0.081566	315.511
209.4000	-0.072776	315.691
209.3000	0.0143232	315.871
209.2000	0.0378954	316.05
209.1000	-0.00765175	316.227
209.0000	0.0137237	316.416
208.9000	0.0642963	316.601
208.8000	0.114994	316.793
208.7000	0.0824081	316.983
208.6000	0.0806791	317.179
208.5000	0.160701	317.376
208.4000	0.246089	317.57
208.3000	0.293504	317.76
208.2000	0.30316	317.954
208.1000	0.311329	318.152
208.0000	0.338206	318.353
207.9000	0.293959	318.554
207.8000	0.279809	318.76
207.7000	0.290196	318.972
207.6000	0.309923	319.184
207.5000	0.335608	319.397
207.4000	0.308195	319.611
207.3000	0.338537	319.82
207.2000	0.386511	320.029
207.1000	0.378899	320.235
207.0000	0.376696	320.441
206.9000	0.402441	320.648
206.8000	0.409495	320.851
206.7000	0.487988	321.055
206.6000	0.589663	321.262
206.5000	0.676634	321.468
206.4000	0.739915	321.672
206.3000	0.765723	321.88
206.2000	0.83282	322.089
206.1000	0.862935	322.3
206.0000	0.834426	322.506
205.9000	0.830479	322.712
205.8000	0.813184	322.92
205.7000	0.82733	323.127
205.6000	0.886977	323.331
205.5000	0.866831	323.535
205.4000	0.916819	323.745
205.3000	0.988046	323.96
205.2000	0.954089	324.175
205.1000	1.00024	324.389
205.0000	1.01065	324.603
204.9000	1.00831	324.817
204.8000	1.01741	325.038
204.7000	1.06962	325.254
204.6000	1.09728	325.469
204.5000	1.14074	325.686
204.4000	1.16207	325.908
204.3000	1.2173	326.133
204.2000	1.26254	326.362
204.1000	1.2711	326.585
204.0000	1.28396	326.814
203.9000	1.32379	327.042
203.8000	1.33514	327.273
203.7000	1.3872	327.51
203.6000	1.41699	327.748
203.5000	1.49188	327.984
203.4000	1.54157	328.22
203.3000	1.6015	328.455
203.2000	1.60519	328.695
203.1000	1.6534	328.933
203.0000	1.60403	329.175
202.9000	1.59876	329.413
202.8000	1.60149	329.655
202.7000	1.62692	329.895
202.6000	1.57535	330.14
202.5000	1.5874	330.385
202.4000	1.5985	330.629
202.3000	1.65933	330.869
202.2000	1.70478	331.116
202.1000	1.71465	331.363
202.0000	1.73552	331.614
201.9000	1.80905	331.868
201.8000	1.8794	332.125
201.7000	1.8741	332.39
201.6000	1.94821	332.655
201.5000	1.93952	332.924
201.4000	1.96466	333.199
201.3000	1.92954	333.478
201.2000	1.92583	333.754
201.1000	1.95999	334.032
201.0000	1.92816	334.308
200.9000	1.8658	334.59
200.8000	1.8932	334.872
200.7000	1.94014	335.157
200.6000	1.99077	335.442
200.5000	1.99071	335.731
200.4000	1.98213	336.021
200.3000	2.03316	336.316
200.2000	2.00491	336.614
200.1000	1.97194	336.916
200.0000	1.94264	337.221
199.9000	1.88138	337.529
199.8000	1.87948	337.844
199.7000	1.90035	338.157
199.6000	1.91226	338.475
199.5000	1.89384	338.792
199.4000	1.88193	339.108
199.3000	1.96728	339.422
199.2000	2.09235	339.744
199.1000	2.08097	340.063
199.0000	1.9954	340.39
198.9000	1.98505	340.715
198.8000	2.02026	341.044
198.7000	1.92662	341.375
198.6000	1.77975	341.706
198.5000	1.69836	342.036
198.4000	1.69423	342.372
198.3000	1.72846	342.712
198.2000	1.77821	343.054
198.1000	1.77252	343.402
198.0000	1.7914	343.76
197.9000	1.78914	344.127
197.8000	1.78782	344.494
197.7000	1.78986	344.866
197.6000	1.81329	345.24
197.5000	1.77105	345.619
197.4000	1.73527	346.002
197.3000	1.75516	346.382
197.2000	1.78469	346.767
197.1000	1.83844	347.16
197.0000	1.78656	347.556
196.9000	1.73848	347.957
196.8000	1.67332	348.362
196.7000	1.75648	348.773
196.6000	1.75166	349.185
196.5000	1.72303	349.596
196.4000	1.67307	350.011
196.3000	1.7767	350.428
196.2000	1.85029	350.848
196.1000	1.85663	351.271
196.0000	1.70548	351.693
195.9000	1.61142	352.12
195.8000	1.59124	352.551
195.7000	1.46429	352.983
195.6000	1.31099	353.421
195.5000	1.22612	353.853
195.4000	1.20121	354.289
195.3000	1.27248	354.73
195.2000	1.23912	355.192
195.1000	1.20531	355.671
195.0000	1.22778	356.165
194.9000	1.17999	356.671
194.8000	1.1931	357.203
194.7000	1.19034	357.755
194.6000	1.14066	358.318
194.5000	1.14996	358.887
194.4000	1.13793	359.458
194.3000	1.12909	360.035
194.2000	1.06375	360.619
194.1000	1.04844	361.211
194.0000	1.00222	361.803
193.9000	1.00682	362.404
193.8000	0.935688	363.009
193.7000	0.925575	363.623
193.6000	0.877999	364.243
193.5000	0.927624	364.873
193.4000	0.807769	365.506
193.3000	0.782059	366.141
193.2000	0.761344	366.785
193.1000	0.72559	367.435
193.0000	0.787649	368.093
192.9000	0.739738	368.761
192.8000	0.681946	369.437
192.7000	0.718835	370.119
192.6000	0.641217	370.814
192.5000	0.577526	371.507
192.4000	0.579903	372.21
192.3000	0.485082	372.924
192.2000	0.554365	373.65
192.1000	0.546851	374.377
192.0000	0.572632	375.115
191.9000	0.650027	375.858
191.8000	0.620659	376.619
191.7000	0.67113	377.382
191.6000	0.579819	378.148
191.5000	0.490238	378.917
191.4000	0.494274	379.697
191.3000	0.437369	380.486
191.2000	0.496794	381.278
191.1000	0.568325	382.083
191.0000	0.425556	382.898
190.9000	0.464401	383.724
190.8000	0.508201	384.561
190.7000	0.499978	385.409
190.6000	0.430328	386.27
190.5000	0.355845	387.147
190.4000	0.249949	388.034
190.3000	0.217483	388.93
190.2000	0.189552	389.839
190.1000	0.157819	390.755
190.0000	0.232886	391.685
189.9000	0.185083	392.627
189.8000	0.0701311	393.579
189.7000	0.111583	394.544
189.6000	0.230762	395.529
189.5000	0.192812	396.523
189.4000	0.21569	397.543
189.3000	0.168134	398.573
189.2000	0.323492	399.621
189.1000	0.374901	400.696
189.0000	0.299562	401.791
188.9000	0.229742	402.903
188.8000	0.126839	404.047
188.7000	0.0721065	405.209
188.6000	-0.0253824	406.401
188.5000	-0.0285173	407.613
188.4000	0.0230235	408.854
188.3000	0.0332442	410.119
188.2000	0.0145957	411.41
188.1000	0.12285	412.722
188.0000	0.0486905	414.064
187.9000	-4.44551E-005	415.434
187.8000	-0.0250796	416.838
187.7000	-0.0729156	418.279
187.6000	-0.0480297	419.765
187.5000	-0.128098	421.294
187.4000	-0.143428	422.867
187.3000	-0.11465	424.489
187.2000	-0.0933811	426.159
187.1000	-0.196555	427.878
187.0000	-0.350819	429.639
186.9000	-0.385055	431.45
186.8000	-0.254725	433.318
186.7000	-0.242003	435.242
186.6000	-0.396186	437.216
186.5000	-0.40538	439.252
186.4000	-0.233253	441.342
186.3000	-0.075422	443.487
186.2000	-0.065653	445.692
186.1000	-0.0398589	447.949
186.0000	-0.110048	450.272
185.9000	0.0261957	452.672
185.8000	-0.0813901	455.153
185.7000	-0.29518	457.718
185.6000	-0.352326	460.38
185.5000	-0.202678	463.142
185.4000	-0.296395	466.016
185.3000	-0.287004	469.001
185.2000	-0.184616	472.093
185.1000	0.0708731	475.294
185.0000	0.109501	478.622
