TITLE	05_250626H
DATA TYPE	
ORIGIN	JASCO
OWNER	
DATE	25/06/26
TIME	17:01:19
SPECTROMETER/DATA SYSTEM	JASCO Corp., J-715, Rev. 1.00
RESOLUTION	
DELTAX	-0.1
XUNITS	NANOMETERS
YUNITS	CD[mdeg]
Y2UNITS	HT[V]
FIRSTX	260.0000
LASTX	185.0000
NPOINTS	751
FIRSTY	0.12119
MAXY	0.17388
MINY	-1.27941
XYDATA
260.0000	0.121191	253.797
259.9000	0.123665	253.831
259.8000	0.112763	253.876
259.7000	0.129956	253.924
259.6000	0.137558	253.983
259.5000	0.13475	254.057
259.4000	0.134606	254.135
259.3000	0.136444	254.209
259.2000	0.155153	254.279
259.1000	0.154679	254.354
259.0000	0.136423	254.43
258.9000	0.109618	254.503
258.8000	0.128776	254.572
258.7000	0.149906	254.643
258.6000	0.143854	254.718
258.5000	0.118037	254.786
258.4000	0.113793	254.855
258.3000	0.11807	254.919
258.2000	0.130806	254.986
258.1000	0.116851	255.058
258.0000	0.123081	255.127
257.9000	0.092943	255.192
257.8000	0.0990788	255.26
257.7000	0.113591	255.329
257.6000	0.13051	255.403
257.5000	0.117245	255.475
257.4000	0.109201	255.545
257.3000	0.100073	255.612
257.2000	0.126137	255.676
257.1000	0.144366	255.741
257.0000	0.142483	255.808
256.9000	0.115789	255.875
256.8000	0.131732	255.941
256.7000	0.148507	256.008
256.6000	0.15509	256.077
256.5000	0.163618	256.149
256.4000	0.139692	256.217
256.3000	0.138307	256.287
256.2000	0.141909	256.357
256.1000	0.138768	256.429
256.0000	0.117797	256.499
255.9000	0.103727	256.566
255.8000	0.0926999	256.635
255.7000	0.0605827	256.705
255.6000	0.0575225	256.772
255.5000	0.0518608	256.835
255.4000	0.0524846	256.901
255.3000	0.0675969	256.97
255.2000	0.10797	257.039
255.1000	0.099961	257.111
255.0000	0.106971	257.183
254.9000	0.0905814	257.251
254.8000	0.0837803	257.318
254.7000	0.0743662	257.383
254.6000	0.0496258	257.446
254.5000	0.020585	257.511
254.4000	0.0536792	257.575
254.3000	0.0528832	257.636
254.2000	0.0674384	257.705
254.1000	0.097053	257.775
254.0000	0.100198	257.849
253.9000	0.113595	257.923
253.8000	0.0934616	257.996
253.7000	0.0839822	258.069
253.6000	0.0921821	258.143
253.5000	0.0961922	258.217
253.4000	0.0520989	258.286
253.3000	0.0344065	258.354
253.2000	0.0399917	258.423
253.1000	0.0576963	258.495
253.0000	0.0451284	258.564
252.9000	0.0431421	258.634
252.8000	0.0268266	258.702
252.7000	0.0621937	258.774
252.6000	0.0804218	258.849
252.5000	0.0711086	258.921
252.4000	0.0723414	258.992
252.3000	0.0730112	259.069
252.2000	0.0649514	259.145
252.1000	0.0647485	259.223
252.0000	0.0835652	259.297
251.9000	0.0795074	259.372
251.8000	0.0819303	259.447
251.7000	0.0634248	259.517
251.6000	0.043872	259.585
251.5000	0.0393664	259.656
251.4000	0.041201	259.726
251.3000	0.0218543	259.801
251.2000	0.0315172	259.871
251.1000	0.0395261	259.949
251.0000	0.0343243	260.027
250.9000	0.0590086	260.105
250.8000	0.0599203	260.184
250.7000	0.0693917	260.261
250.6000	0.077757	260.336
250.5000	0.0570968	260.408
250.4000	0.0692122	260.479
250.3000	0.107497	260.552
250.2000	0.105774	260.621
250.1000	0.0984406	260.689
250.0000	0.0997846	260.758
249.9000	0.086535	260.825
249.8000	0.0814537	260.896
249.7000	0.071117	260.971
249.6000	0.0372392	261.042
249.5000	0.0134105	261.116
249.4000	0.00746548	261.189
249.3000	0.00671397	261.264
249.2000	0.00429874	261.342
249.1000	0.00656048	261.413
249.0000	-0.0138486	261.478
248.9000	-0.00183756	261.554
248.8000	-0.00323728	261.627
248.7000	0.00495315	261.7
248.6000	-0.0159283	261.772
248.5000	-0.0435635	261.849
248.4000	-0.0336128	261.924
248.3000	-0.00565921	262
248.2000	-0.00153854	262.068
248.1000	-0.012026	262.138
248.0000	-0.0052313	262.213
247.9000	0.00846982	262.283
247.8000	0.0421596	262.348
247.7000	0.00535448	262.421
247.6000	0.00672514	262.493
247.5000	0.0101199	262.567
247.4000	0.0353386	262.641
247.3000	0.0010632	262.708
247.2000	0.010966	262.782
247.1000	-0.00104109	262.863
247.0000	0.00191331	262.938
246.9000	0.00650411	263.017
246.8000	-0.00268792	263.098
246.7000	0.0102212	263.176
246.6000	0.00625476	263.258
246.5000	-0.021711	263.341
246.4000	-0.0168487	263.415
246.3000	0.0125659	263.495
246.2000	0.00578438	263.569
246.1000	-0.0148093	263.643
246.0000	-0.0182954	263.716
245.9000	-0.00346576	263.788
245.8000	-0.0018388	263.861
245.7000	0.00526855	263.943
245.6000	-0.00390187	264.02
245.5000	-0.000541161	264.1
245.4000	0.00986656	264.177
245.3000	0.00545184	264.259
245.2000	-0.00352189	264.338
245.1000	0.0123126	264.416
245.0000	0.00225455	264.495
244.9000	-0.00437101	264.569
244.8000	0.0019605	264.645
244.7000	0.0107599	264.723
244.6000	-0.000556807	264.802
244.5000	0.0320353	264.879
244.4000	0.0310083	264.953
244.3000	0.0215252	265.026
244.2000	0.0313436	265.106
244.1000	0.0346787	265.187
244.0000	0.0495891	265.264
243.9000	0.054847	265.343
243.8000	0.0378028	265.422
243.7000	0.0558232	265.506
243.6000	0.057553	265.589
243.5000	0.0251099	265.672
243.4000	0.000439336	265.755
243.3000	-0.012554	265.847
243.2000	0.00702366	265.934
243.1000	0.0188892	266.024
243.0000	-0.000288586	266.113
242.9000	0.00139425	266.204
242.8000	0.017336	266.299
242.7000	0.0260433	266.389
242.6000	0.0291792	266.477
242.5000	-0.0142465	266.571
242.4000	-0.0410465	266.663
242.3000	-0.0525256	266.76
242.2000	-0.0305538	266.857
242.1000	-0.0147119	266.952
242.0000	-0.0132951	267.051
241.9000	-0.00162075	267.151
241.8000	0.0212818	267.252
241.7000	0.0423074	267.355
241.6000	0.0907111	267.453
241.5000	0.0857783	267.556
241.4000	0.0549411	267.662
241.3000	0.0415511	267.772
241.2000	0.0360377	267.88
241.1000	0.044809	267.99
241.0000	0.0375763	268.101
240.9000	0.00420958	268.21
240.8000	0.000411024	268.314
240.7000	0.0109032	268.417
240.6000	0.01625	268.518
240.5000	0.00474354	268.62
240.4000	0.00457441	268.723
240.3000	0.0151239	268.828
240.2000	0.0500761	268.941
240.1000	0.0575754	269.058
240.0000	0.0704775	269.177
239.9000	0.0553424	269.297
239.8000	0.0356331	269.423
239.7000	0.0116659	269.548
239.6000	0.000540415	269.675
239.5000	-0.0145917	269.803
239.4000	-0.0294271	269.931
239.3000	-0.0408952	270.058
239.2000	-0.0411195	270.188
239.1000	-0.0477011	270.316
239.0000	-0.0711041	270.444
238.9000	-0.0978798	270.577
238.8000	-0.109361	270.71
238.7000	-0.106018	270.846
238.6000	-0.1185	270.978
238.5000	-0.107186	271.112
238.4000	-0.10258	271.249
238.3000	-0.0959093	271.384
238.2000	-0.0939054	271.517
238.1000	-0.0973674	271.652
238.0000	-0.0821829	271.789
237.9000	-0.0743186	271.925
237.8000	-0.0555803	272.066
237.7000	-0.0329417	272.21
237.6000	-0.030912	272.35
237.5000	-0.044555	272.492
237.4000	-0.0792754	272.635
237.3000	-0.0985312	272.78
237.2000	-0.0991896	272.924
237.1000	-0.0942267	273.067
237.0000	-0.113441	273.206
236.9000	-0.102998	273.352
236.8000	-0.104596	273.496
236.7000	-0.0825949	273.637
236.6000	-0.0783242	273.783
236.5000	-0.0951792	273.927
236.4000	-0.108471	274.068
236.3000	-0.0971133	274.213
236.2000	-0.078551	274.353
236.1000	-0.0505733	274.504
236.0000	-0.0452109	274.648
235.9000	-0.0332567	274.79
235.8000	-0.0500408	274.933
235.7000	-0.0559665	275.078
235.6000	-0.0816648	275.22
235.5000	-0.129783	275.366
235.4000	-0.130248	275.501
235.3000	-0.123673	275.644
235.2000	-0.142572	275.787
235.1000	-0.133224	275.934
235.0000	-0.118133	276.081
234.9000	-0.0837808	276.227
234.8000	-0.0785472	276.37
234.7000	-0.0816807	276.517
234.6000	-0.0776293	276.664
234.5000	-0.0530047	276.807
234.4000	-0.0612192	276.946
234.3000	-0.0690694	277.088
234.2000	-0.0816852	277.23
234.1000	-0.0939687	277.372
234.0000	-0.127272	277.515
233.9000	-0.136948	277.661
233.8000	-0.163392	277.807
233.7000	-0.195383	277.954
233.6000	-0.191101	278.101
233.5000	-0.201412	278.25
233.4000	-0.187845	278.399
233.3000	-0.166129	278.545
233.2000	-0.184928	278.689
233.1000	-0.168729	278.84
233.0000	-0.121028	278.988
232.9000	-0.128998	279.133
232.8000	-0.148441	279.282
232.7000	-0.151253	279.43
232.6000	-0.169138	279.582
232.5000	-0.170733	279.729
232.4000	-0.176098	279.872
232.3000	-0.222865	280.019
232.2000	-0.245234	280.168
232.1000	-0.229392	280.32
232.0000	-0.265599	280.476
231.9000	-0.256428	280.628
231.8000	-0.239067	280.791
231.7000	-0.249473	280.957
231.6000	-0.23502	281.122
231.5000	-0.19249	281.286
231.4000	-0.199113	281.445
231.3000	-0.172038	281.603
231.2000	-0.165172	281.762
231.1000	-0.172662	281.913
231.0000	-0.156091	282.06
230.9000	-0.158034	282.21
230.8000	-0.196336	282.355
230.7000	-0.180287	282.503
230.6000	-0.174699	282.65
230.5000	-0.193372	282.797
230.4000	-0.213434	282.943
230.3000	-0.234556	283.094
230.2000	-0.238798	283.243
230.1000	-0.257318	283.393
230.0000	-0.283573	283.54
229.9000	-0.29142	283.693
229.8000	-0.331563	283.845
229.7000	-0.323172	284.002
229.6000	-0.294612	284.154
229.5000	-0.308412	284.309
229.4000	-0.333724	284.464
229.3000	-0.334771	284.626
229.2000	-0.33498	284.785
229.1000	-0.283997	284.944
229.0000	-0.279074	285.109
228.9000	-0.295651	285.274
228.8000	-0.281963	285.445
228.7000	-0.270003	285.612
228.6000	-0.231846	285.778
228.5000	-0.247644	285.946
228.4000	-0.262463	286.113
228.3000	-0.312204	286.278
228.2000	-0.312091	286.442
228.1000	-0.283328	286.604
228.0000	-0.271486	286.769
227.9000	-0.320265	286.932
227.8000	-0.307317	287.098
227.7000	-0.2876	287.264
227.6000	-0.25241	287.426
227.5000	-0.252002	287.588
227.4000	-0.269159	287.746
227.3000	-0.292661	287.905
227.2000	-0.300596	288.061
227.1000	-0.320191	288.208
227.0000	-0.330706	288.357
226.9000	-0.383726	288.509
226.8000	-0.412293	288.659
226.7000	-0.40157	288.808
226.6000	-0.339245	288.956
226.5000	-0.343463	289.107
226.4000	-0.346377	289.256
226.3000	-0.340986	289.409
226.2000	-0.335697	289.559
226.1000	-0.365427	289.71
226.0000	-0.404656	289.861
225.9000	-0.401778	290.01
225.8000	-0.395301	290.161
225.7000	-0.402656	290.314
225.6000	-0.416836	290.46
225.5000	-0.393701	290.606
225.4000	-0.396065	290.751
225.3000	-0.386661	290.895
225.2000	-0.389331	291.042
225.1000	-0.412086	291.187
225.0000	-0.404135	291.33
224.9000	-0.391067	291.475
224.8000	-0.418082	291.622
224.7000	-0.414474	291.767
224.6000	-0.414032	291.916
224.5000	-0.41561	292.06
224.4000	-0.390498	292.202
224.3000	-0.382586	292.348
224.2000	-0.375189	292.495
224.1000	-0.341937	292.644
224.0000	-0.371261	292.795
223.9000	-0.396601	292.946
223.8000	-0.388872	293.098
223.7000	-0.38429	293.253
223.6000	-0.394403	293.407
223.5000	-0.434949	293.56
223.4000	-0.421296	293.713
223.3000	-0.375352	293.866
223.2000	-0.357941	294.022
223.1000	-0.372128	294.173
223.0000	-0.377622	294.325
222.9000	-0.404609	294.479
222.8000	-0.417083	294.636
222.7000	-0.452179	294.793
222.6000	-0.452141	294.946
222.5000	-0.486053	295.102
222.4000	-0.512594	295.26
222.3000	-0.512032	295.415
222.2000	-0.479314	295.571
222.1000	-0.465616	295.725
222.0000	-0.455892	295.879
221.9000	-0.502737	296.034
221.8000	-0.492827	296.19
221.7000	-0.476262	296.347
221.6000	-0.489519	296.505
221.5000	-0.446823	296.662
221.4000	-0.406979	296.816
221.3000	-0.409206	296.973
221.2000	-0.38012	297.128
221.1000	-0.364786	297.282
221.0000	-0.390413	297.437
220.9000	-0.375147	297.588
220.8000	-0.422042	297.736
220.7000	-0.419211	297.885
220.6000	-0.413896	298.029
220.5000	-0.393853	298.174
220.4000	-0.390315	298.313
220.3000	-0.325496	298.449
220.2000	-0.333097	298.586
220.1000	-0.345904	298.729
220.0000	-0.394846	298.873
219.9000	-0.428461	299.017
219.8000	-0.457062	299.156
219.7000	-0.473163	299.301
219.6000	-0.505364	299.448
219.5000	-0.499193	299.595
219.4000	-0.480982	299.737
219.3000	-0.504433	299.868
219.2000	-0.492538	300.005
219.1000	-0.51102	300.146
219.0000	-0.512812	300.283
218.9000	-0.466666	300.425
218.8000	-0.435664	300.562
218.7000	-0.44934	300.7
218.6000	-0.400834	300.848
218.5000	-0.393007	300.991
218.4000	-0.353271	301.133
218.3000	-0.353512	301.277
218.2000	-0.400898	301.415
218.1000	-0.45068	301.562
218.0000	-0.463569	301.707
217.9000	-0.459023	301.854
217.8000	-0.490768	302.002
217.7000	-0.559424	302.149
217.6000	-0.585426	302.297
217.5000	-0.599935	302.448
217.4000	-0.602365	302.597
217.3000	-0.618998	302.748
217.2000	-0.610544	302.896
217.1000	-0.558825	303.047
217.0000	-0.485028	303.202
216.9000	-0.43301	303.354
216.8000	-0.394327	303.505
216.7000	-0.375864	303.661
216.6000	-0.374193	303.815
216.5000	-0.342833	303.968
216.4000	-0.35217	304.116
216.3000	-0.354677	304.268
216.2000	-0.417874	304.42
216.1000	-0.479773	304.57
216.0000	-0.504334	304.713
215.9000	-0.508127	304.862
215.8000	-0.520079	305.011
215.7000	-0.522741	305.159
215.6000	-0.601965	305.297
215.5000	-0.57121	305.438
215.4000	-0.55174	305.584
215.3000	-0.526796	305.726
215.2000	-0.504242	305.863
215.1000	-0.528695	306.002
215.0000	-0.523167	306.14
214.9000	-0.487851	306.278
214.8000	-0.46273	306.416
214.7000	-0.428021	306.548
214.6000	-0.452724	306.683
214.5000	-0.469809	306.822
214.4000	-0.480394	306.959
214.3000	-0.53592	307.096
214.2000	-0.563039	307.233
214.1000	-0.609645	307.37
214.0000	-0.593107	307.506
213.9000	-0.574637	307.638
213.8000	-0.588548	307.774
213.7000	-0.593411	307.91
213.6000	-0.54538	308.048
213.5000	-0.546247	308.189
213.4000	-0.520634	308.331
213.3000	-0.50134	308.482
213.2000	-0.530972	308.636
213.1000	-0.51326	308.789
213.0000	-0.523173	308.944
212.9000	-0.520616	309.101
212.8000	-0.516327	309.265
212.7000	-0.563957	309.43
212.6000	-0.595531	309.593
212.5000	-0.614374	309.76
212.4000	-0.620968	309.928
212.3000	-0.58225	310.097
212.2000	-0.608258	310.264
212.1000	-0.625982	310.434
212.0000	-0.632274	310.605
211.9000	-0.638384	310.779
211.8000	-0.625907	310.95
211.7000	-0.680139	311.123
211.6000	-0.665485	311.297
211.5000	-0.668229	311.473
211.4000	-0.666157	311.646
211.3000	-0.667498	311.818
211.2000	-0.628625	311.991
211.1000	-0.649933	312.168
211.0000	-0.610139	312.348
210.9000	-0.605765	312.522
210.8000	-0.599849	312.692
210.7000	-0.619756	312.863
210.6000	-0.634355	313.033
210.5000	-0.652492	313.199
210.4000	-0.632935	313.364
210.3000	-0.634772	313.522
210.2000	-0.624725	313.689
210.1000	-0.591462	313.854
210.0000	-0.546482	314.02
209.9000	-0.57372	314.191
209.8000	-0.590539	314.362
209.7000	-0.602049	314.531
209.6000	-0.643798	314.705
209.5000	-0.716355	314.881
209.4000	-0.69473	315.059
209.3000	-0.682444	315.234
209.2000	-0.593752	315.411
209.1000	-0.585284	315.594
209.0000	-0.618577	315.777
208.9000	-0.605679	315.964
208.8000	-0.594131	316.15
208.7000	-0.643464	316.343
208.6000	-0.684773	316.535
208.5000	-0.737934	316.729
208.4000	-0.738702	316.924
208.3000	-0.707375	317.122
208.2000	-0.67227	317.321
208.1000	-0.681998	317.523
208.0000	-0.668863	317.722
207.9000	-0.678305	317.924
207.8000	-0.629626	318.129
207.7000	-0.60604	318.335
207.6000	-0.655024	318.538
207.5000	-0.667455	318.743
207.4000	-0.650685	318.949
207.3000	-0.635602	319.158
207.2000	-0.684368	319.37
207.1000	-0.767832	319.573
207.0000	-0.797879	319.777
206.9000	-0.790086	319.987
206.8000	-0.817914	320.195
206.7000	-0.831084	320.402
206.6000	-0.872947	320.612
206.5000	-0.792647	320.819
206.4000	-0.755495	321.032
206.3000	-0.765815	321.244
206.2000	-0.744357	321.46
206.1000	-0.790653	321.666
206.0000	-0.776958	321.872
205.9000	-0.768644	322.081
205.8000	-0.828709	322.296
205.7000	-0.824468	322.508
205.6000	-0.800195	322.72
205.5000	-0.793129	322.932
205.4000	-0.78964	323.151
205.3000	-0.845004	323.367
205.2000	-0.840562	323.582
205.1000	-0.856419	323.795
205.0000	-0.868975	324.013
204.9000	-0.894296	324.233
204.8000	-0.911471	324.455
204.7000	-0.941386	324.684
204.6000	-0.939807	324.917
204.5000	-0.991925	325.152
204.4000	-1.0316	325.383
204.3000	-1.05655	325.617
204.2000	-1.12754	325.851
204.1000	-1.16487	326.094
204.0000	-1.10065	326.331
203.9000	-1.07771	326.572
203.8000	-1.04908	326.815
203.7000	-1.046	327.059
203.6000	-1.06581	327.305
203.5000	-0.981672	327.554
203.4000	-0.968872	327.801
203.3000	-1.05023	328.056
203.2000	-1.07916	328.31
203.1000	-1.05376	328.568
203.0000	-1.03223	328.83
202.9000	-1.06633	329.094
202.8000	-1.06635	329.352
202.7000	-1.03614	329.613
202.6000	-1.04064	329.876
202.5000	-1.01018	330.145
202.4000	-1.04556	330.415
202.3000	-1.03982	330.69
202.2000	-1.03989	330.967
202.1000	-1.1229	331.251
202.0000	-1.11956	331.537
201.9000	-1.10458	331.825
201.8000	-1.13762	332.109
201.7000	-1.16107	332.395
201.6000	-1.23805	332.683
201.5000	-1.21185	332.975
201.4000	-1.2141	333.269
201.3000	-1.21219	333.566
201.2000	-1.18004	333.865
201.1000	-1.16803	334.173
201.0000	-1.14228	334.484
200.9000	-1.14002	334.8
200.8000	-1.09111	335.115
200.7000	-1.10894	335.434
200.6000	-1.17163	335.755
200.5000	-1.19433	336.079
200.4000	-1.18518	336.404
200.3000	-1.20502	336.737
200.2000	-1.18792	337.075
200.1000	-1.22266	337.418
200.0000	-1.14111	337.759
199.9000	-1.19376	338.104
199.8000	-1.26845	338.451
199.7000	-1.27941	338.806
199.6000	-1.2536	339.161
199.5000	-1.20685	339.515
199.4000	-1.21665	339.871
199.3000	-1.24082	340.233
199.2000	-1.10891	340.599
199.1000	-1.11085	340.968
199.0000	-1.17192	341.333
198.9000	-1.19056	341.699
198.8000	-1.24028	342.068
198.7000	-1.2254	342.442
198.6000	-1.21434	342.823
198.5000	-1.26026	343.209
198.4000	-1.21912	343.597
198.3000	-1.13038	343.992
198.2000	-1.13401	344.398
198.1000	-1.13433	344.801
198.0000	-1.12488	345.214
197.9000	-1.16583	345.623
197.8000	-1.1166	346.036
197.7000	-1.15855	346.45
197.6000	-1.22335	346.871
197.5000	-1.15027	347.294
197.4000	-1.12965	347.729
197.3000	-1.17814	348.163
197.2000	-1.17011	348.606
197.1000	-1.14135	349.056
197.0000	-1.09826	349.515
196.9000	-1.02665	349.971
196.8000	-1.04026	350.435
196.7000	-1.15241	350.9
196.6000	-1.13049	351.368
196.5000	-1.0479	351.842
196.4000	-1.14007	352.32
196.3000	-1.11912	352.801
196.2000	-1.20047	353.285
196.1000	-1.22327	353.77
196.0000	-1.15538	354.259
195.9000	-1.13665	354.751
195.8000	-1.23325	355.24
195.7000	-1.15344	355.727
195.6000	-1.1265	356.213
195.5000	-1.02086	356.707
195.4000	-0.948908	357.203
195.3000	-0.905255	357.71
195.2000	-0.911031	358.234
195.1000	-0.897198	358.778
195.0000	-0.928403	359.338
194.9000	-0.922746	359.92
194.8000	-0.914324	360.521
194.7000	-0.895154	361.138
194.6000	-0.928047	361.763
194.5000	-0.894156	362.394
194.4000	-0.876321	363.032
194.3000	-0.838914	363.678
194.2000	-0.870621	364.326
194.1000	-0.886402	364.977
194.0000	-0.845499	365.635
193.9000	-0.802318	366.302
193.8000	-0.769194	366.974
193.7000	-0.696138	367.647
193.6000	-0.70321	368.327
193.5000	-0.659745	369.024
193.4000	-0.694273	369.724
193.3000	-0.7467	370.427
193.2000	-0.794464	371.137
193.1000	-0.833489	371.852
193.0000	-0.990296	372.583
192.9000	-1.00569	373.324
192.8000	-1.0857	374.058
192.7000	-1.12234	374.803
192.6000	-1.11727	375.552
192.5000	-1.06344	376.305
192.4000	-1.01062	377.069
192.3000	-0.78268	377.836
192.2000	-0.775808	378.605
192.1000	-0.724951	379.382
192.0000	-0.663704	380.165
191.9000	-0.686458	380.96
191.8000	-0.684066	381.762
191.7000	-0.733829	382.567
191.6000	-0.891634	383.377
191.5000	-0.796775	384.198
191.4000	-0.870161	385.027
191.3000	-0.766066	385.866
191.2000	-0.79044	386.709
191.1000	-0.761027	387.567
191.0000	-0.728359	388.438
190.9000	-0.764898	389.323
190.8000	-0.826324	390.211
190.7000	-0.744873	391.115
190.6000	-0.696292	392.022
190.5000	-0.604815	392.951
190.4000	-0.568414	393.885
190.3000	-0.554318	394.827
190.2000	-0.492815	395.777
190.1000	-0.497748	396.746
190.0000	-0.522471	397.721
189.9000	-0.623278	398.714
189.8000	-0.607717	399.717
189.7000	-0.548461	400.738
189.6000	-0.526527	401.775
189.5000	-0.46031	402.834
189.4000	-0.423159	403.909
189.3000	-0.396494	405.005
189.2000	-0.33246	406.124
189.1000	-0.362059	407.26
189.0000	-0.385607	408.408
188.9000	-0.17995	409.583
188.8000	-0.0743528	410.773
188.7000	-0.00540417	411.987
188.6000	-0.066528	413.225
188.5000	-0.175924	414.483
188.4000	-0.195287	415.773
188.3000	-0.119303	417.095
188.2000	-0.249623	418.437
188.1000	-0.302897	419.815
188.0000	-0.504414	421.218
187.9000	-0.37581	422.659
187.8000	-0.224716	424.13
187.7000	-0.203627	425.636
187.6000	-0.169193	427.186
187.5000	-0.239051	428.784
187.4000	-0.169782	430.422
187.3000	0.0295425	432.112
187.2000	0.0245164	433.853
187.1000	0.121239	435.65
187.0000	0.107415	437.502
186.9000	0.108079	439.406
186.8000	0.0862544	441.362
186.7000	0.0534698	443.38
186.6000	-0.0943924	445.447
186.5000	-0.22179	447.571
186.4000	-0.166138	449.752
186.3000	-0.37603	451.99
186.2000	-0.335209	454.281
186.1000	-0.29203	456.637
186.0000	-0.284231	459.061
185.9000	-0.355796	461.572
185.8000	-0.336414	464.158
185.7000	-0.327272	466.839
185.6000	-0.0315972	469.613
185.5000	0.0146158	472.501
185.4000	-0.0676098	475.493
185.3000	-0.0198451	478.61
185.2000	0.151739	481.832
185.1000	0.173881	485.197
185.0000	0.12184	488.671
