TITLE	02_250717C
DATA TYPE	
ORIGIN	JASCO
OWNER	
DATE	25/07/17
TIME	14:03:50
SPECTROMETER/DATA SYSTEM	JASCO Corp., J-715, Rev. 1.00
RESOLUTION	
DELTAX	-0.1
XUNITS	NANOMETERS
YUNITS	CD[mdeg]
Y2UNITS	HT[V]
FIRSTX	260.0000
LASTX	185.0000
NPOINTS	751
FIRSTY	0.11631
MAXY	0.27146
MINY	-2.12030
XYDATA
260.0000	0.116311	254.008
259.9000	0.128783	254.033
259.8000	0.131205	254.068
259.7000	0.139819	254.116
259.6000	0.166894	254.174
259.5000	0.181748	254.248
259.4000	0.188396	254.327
259.3000	0.180247	254.404
259.2000	0.172036	254.479
259.1000	0.154341	254.555
259.0000	0.160186	254.626
258.9000	0.167221	254.698
258.8000	0.174971	254.767
258.7000	0.161481	254.838
258.6000	0.173163	254.912
258.5000	0.184282	254.983
258.4000	0.204411	255.049
258.3000	0.218346	255.119
258.2000	0.220046	255.189
258.1000	0.222822	255.26
258.0000	0.253455	255.33
257.9000	0.270459	255.398
257.8000	0.271464	255.468
257.7000	0.267323	255.538
257.6000	0.244583	255.61
257.5000	0.213922	255.68
257.4000	0.232484	255.748
257.3000	0.253187	255.816
257.2000	0.248062	255.883
257.1000	0.247805	255.951
257.0000	0.243907	256.018
256.9000	0.244483	256.086
256.8000	0.24325	256.151
256.7000	0.205296	256.216
256.6000	0.193824	256.285
256.5000	0.178261	256.354
256.4000	0.153261	256.422
256.3000	0.134241	256.486
256.2000	0.113165	256.556
256.1000	0.117011	256.629
256.0000	0.11407	256.701
255.9000	0.0916074	256.769
255.8000	0.0900837	256.839
255.7000	0.113461	256.907
255.6000	0.113659	256.976
255.5000	0.109006	257.04
255.4000	0.0806697	257.108
255.3000	0.0947083	257.179
255.2000	0.0954889	257.248
255.1000	0.0954919	257.316
255.0000	0.089474	257.382
254.9000	0.0848494	257.446
254.8000	0.11878	257.511
254.7000	0.150097	257.575
254.6000	0.153532	257.636
254.5000	0.15945	257.7
254.4000	0.152524	257.765
254.3000	0.15116	257.834
254.2000	0.170307	257.909
254.1000	0.150931	257.981
254.0000	0.122029	258.051
253.9000	0.0891462	258.123
253.8000	0.093477	258.197
253.7000	0.0945655	258.274
253.6000	0.119909	258.347
253.5000	0.115598	258.417
253.4000	0.144153	258.487
253.3000	0.1434	258.561
253.2000	0.132183	258.635
253.1000	0.137747	258.702
253.0000	0.129925	258.771
252.9000	0.0954211	258.841
252.8000	0.0796941	258.912
252.7000	0.0739222	258.985
252.6000	0.0910806	259.059
252.5000	0.107404	259.132
252.4000	0.0986045	259.204
252.3000	0.11741	259.274
252.2000	0.137731	259.347
252.1000	0.145699	259.423
252.0000	0.134775	259.497
251.9000	0.11884	259.567
251.8000	0.115248	259.635
251.7000	0.132451	259.711
251.6000	0.144417	259.787
251.5000	0.151311	259.86
251.4000	0.144804	259.933
251.3000	0.152376	260.01
251.2000	0.179552	260.086
251.1000	0.175234	260.164
251.0000	0.173031	260.243
250.9000	0.134111	260.321
250.8000	0.126723	260.397
250.7000	0.129064	260.472
250.6000	0.143629	260.547
250.5000	0.153575	260.616
250.4000	0.155896	260.686
250.3000	0.143741	260.754
250.2000	0.130653	260.821
250.1000	0.125517	260.892
250.0000	0.153385	260.959
249.9000	0.132696	261.028
249.8000	0.0935485	261.101
249.7000	0.101872	261.174
249.6000	0.121975	261.247
249.5000	0.143477	261.318
249.4000	0.13403	261.384
249.3000	0.104256	261.462
249.2000	0.132768	261.536
249.1000	0.150681	261.608
249.0000	0.133512	261.68
248.9000	0.105509	261.755
248.8000	0.107563	261.834
248.7000	0.0994792	261.909
248.6000	0.140748	261.98
248.5000	0.116515	262.052
248.4000	0.0977159	262.127
248.3000	0.100337	262.199
248.2000	0.0894842	262.265
248.1000	0.114989	262.336
248.0000	0.120034	262.405
247.9000	0.104535	262.475
247.8000	0.11497	262.546
247.7000	0.123498	262.619
247.6000	0.112476	262.69
247.5000	0.0954345	262.762
247.4000	0.0846575	262.831
247.3000	0.0870573	262.906
247.2000	0.0571442	262.98
247.1000	0.0209428	263.053
247.0000	0.0103007	263.124
246.9000	0.0333863	263.199
246.8000	0.0767169	263.274
246.7000	0.0771381	263.349
246.6000	0.0616831	263.426
246.5000	0.062984	263.502
246.4000	0.0729164	263.577
246.3000	0.0692343	263.651
246.2000	0.0607222	263.723
246.1000	0.0507347	263.8
246.0000	0.0437215	263.876
245.9000	0.0528934	263.952
245.8000	0.0460394	264.029
245.7000	0.0725923	264.108
245.6000	0.0794207	264.189
245.5000	0.0596799	264.273
245.4000	0.052507	264.349
245.3000	0.0450589	264.425
245.2000	0.0459174	264.499
245.1000	0.0577415	264.571
245.0000	0.0539397	264.643
244.9000	0.0736306	264.713
244.8000	0.102457	264.786
244.7000	0.102153	264.864
244.6000	0.0971613	264.941
244.5000	0.110737	265.015
244.4000	0.12004	265.097
244.3000	0.118902	265.176
244.2000	0.0936836	265.256
244.1000	0.0607168	265.333
244.0000	0.0742334	265.413
243.9000	0.095504	265.492
243.8000	0.0558876	265.57
243.7000	0.038443	265.646
243.6000	0.0451997	265.727
243.5000	0.0844839	265.81
243.4000	0.0751764	265.89
243.3000	0.0836581	265.976
243.2000	0.052237	266.061
243.1000	0.078517	266.149
243.0000	0.0895043	266.241
242.9000	0.0648742	266.332
242.8000	0.0385486	266.421
242.7000	0.0562216	266.514
242.6000	0.0512635	266.602
242.5000	0.0480113	266.696
242.4000	0.0507904	266.791
242.3000	0.0490062	266.884
242.2000	0.0607361	266.978
242.1000	0.0659635	267.072
242.0000	0.0577065	267.17
241.9000	0.0510097	267.265
241.8000	0.0494165	267.364
241.7000	-0.00246838	267.465
241.6000	0.0159698	267.566
241.5000	0.00227988	267.668
241.4000	0.014661	267.775
241.3000	-0.0028871	267.878
241.2000	0.0167119	267.986
241.1000	-0.00421057	268.093
241.0000	0.030748	268.199
240.9000	0.0164561	268.304
240.8000	0.0174858	268.408
240.7000	0.0419791	268.511
240.6000	0.0506898	268.618
240.5000	0.0629492	268.723
240.4000	0.0985272	268.832
240.3000	0.103788	268.942
240.2000	0.101676	269.055
240.1000	0.0848502	269.165
240.0000	0.0677101	269.279
239.9000	0.0606629	269.394
239.8000	0.0387636	269.515
239.7000	0.0105674	269.634
239.6000	-0.00653639	269.763
239.5000	0.00227665	269.891
239.4000	0.0260194	270.024
239.3000	0.0395541	270.153
239.2000	0.0646646	270.284
239.1000	0.0771669	270.415
239.0000	0.0899725	270.545
238.9000	0.117412	270.678
238.8000	0.0858257	270.806
238.7000	0.06208	270.935
238.6000	0.0549165	271.07
238.5000	0.0387865	271.204
238.4000	0.0394563	271.339
238.3000	0.0290225	271.47
238.2000	0.0005352	271.6
238.1000	0.0147594	271.74
238.0000	0.0210449	271.881
237.9000	0.0109139	272.017
237.8000	0.0106427	272.154
237.7000	0.0134925	272.289
237.6000	0.0259397	272.426
237.5000	0.0329162	272.566
237.4000	0.0121802	272.708
237.3000	-0.0181866	272.844
237.2000	-0.0247248	272.987
237.1000	-0.0559623	273.13
237.0000	-0.0570322	273.274
236.9000	-0.0644083	273.419
236.8000	-0.042441	273.562
236.7000	-0.0406422	273.702
236.6000	-0.0554316	273.848
236.5000	-0.0579941	273.99
236.4000	-0.0456231	274.132
236.3000	-0.0627125	274.277
236.2000	-0.0746898	274.418
236.1000	-0.0871976	274.561
236.0000	-0.0384984	274.703
235.9000	-0.0319203	274.841
235.8000	-0.0200187	274.983
235.7000	-0.00840003	275.122
235.6000	-0.00370766	275.263
235.5000	-0.0193233	275.408
235.4000	-0.0431955	275.547
235.3000	-0.0533832	275.686
235.2000	-0.0721899	275.827
235.1000	-0.0854018	275.974
235.0000	-0.05672	276.118
234.9000	-0.0724467	276.265
234.8000	-0.083629	276.409
234.7000	-0.0808919	276.556
234.6000	-0.098604	276.704
234.5000	-0.0940055	276.854
234.4000	-0.105795	276.999
234.3000	-0.116218	277.141
234.2000	-0.0896372	277.28
234.1000	-0.0700983	277.421
234.0000	-0.0473003	277.563
233.9000	-0.0510409	277.705
233.8000	-0.0316665	277.847
233.7000	-0.0563552	277.992
233.6000	-0.083303	278.14
233.5000	-0.123142	278.29
233.4000	-0.142818	278.434
233.3000	-0.175824	278.579
233.2000	-0.170947	278.725
233.1000	-0.175264	278.869
233.0000	-0.175141	279.017
232.9000	-0.214199	279.165
232.8000	-0.183276	279.316
232.7000	-0.171233	279.468
232.6000	-0.194546	279.615
232.5000	-0.226166	279.762
232.4000	-0.236489	279.909
232.3000	-0.230912	280.056
232.2000	-0.222641	280.206
232.1000	-0.2215	280.354
232.0000	-0.204899	280.507
231.9000	-0.190494	280.664
231.8000	-0.195864	280.823
231.7000	-0.224317	280.984
231.6000	-0.223288	281.147
231.5000	-0.223064	281.309
231.4000	-0.267334	281.472
231.3000	-0.319565	281.631
231.2000	-0.30874	281.791
231.1000	-0.29893	281.945
231.0000	-0.263309	282.096
230.9000	-0.271168	282.244
230.8000	-0.266122	282.394
230.7000	-0.228051	282.541
230.6000	-0.161941	282.69
230.5000	-0.139313	282.837
230.4000	-0.133584	282.986
230.3000	-0.162538	283.136
230.2000	-0.174328	283.284
230.1000	-0.214921	283.432
230.0000	-0.295733	283.577
229.9000	-0.343464	283.726
229.8000	-0.382318	283.875
229.7000	-0.374569	284.026
229.6000	-0.381179	284.179
229.5000	-0.385603	284.334
229.4000	-0.344271	284.49
229.3000	-0.304079	284.65
229.2000	-0.312964	284.808
229.1000	-0.300694	284.969
229.0000	-0.312203	285.135
228.9000	-0.3122	285.303
228.8000	-0.304063	285.472
228.7000	-0.336466	285.638
228.6000	-0.339607	285.803
228.5000	-0.326696	285.974
228.4000	-0.316065	286.144
228.3000	-0.33681	286.312
228.2000	-0.325603	286.476
228.1000	-0.347911	286.643
228.0000	-0.325084	286.815
227.9000	-0.30652	286.984
227.8000	-0.325468	287.149
227.7000	-0.334907	287.31
227.6000	-0.323535	287.472
227.5000	-0.352434	287.632
227.4000	-0.335073	287.788
227.3000	-0.356889	287.941
227.2000	-0.425348	288.098
227.1000	-0.418567	288.249
227.0000	-0.473771	288.402
226.9000	-0.496485	288.557
226.8000	-0.486502	288.708
226.7000	-0.500192	288.859
226.6000	-0.52186	289.009
226.5000	-0.50984	289.158
226.4000	-0.525187	289.305
226.3000	-0.51332	289.458
226.2000	-0.523614	289.606
226.1000	-0.499124	289.758
226.0000	-0.503444	289.908
225.9000	-0.443996	290.061
225.8000	-0.401494	290.21
225.7000	-0.375819	290.364
225.6000	-0.333629	290.511
225.5000	-0.33947	290.66
225.4000	-0.302373	290.803
225.3000	-0.281186	290.947
225.2000	-0.339961	291.09
225.1000	-0.341469	291.236
225.0000	-0.37569	291.379
224.9000	-0.400069	291.523
224.8000	-0.388859	291.668
224.7000	-0.425219	291.819
224.6000	-0.438573	291.97
224.5000	-0.451229	292.123
224.4000	-0.470936	292.275
224.3000	-0.454018	292.427
224.2000	-0.468185	292.579
224.1000	-0.492823	292.732
224.0000	-0.466756	292.885
223.9000	-0.447002	293.041
223.8000	-0.421935	293.197
223.7000	-0.414748	293.351
223.6000	-0.412764	293.507
223.5000	-0.416782	293.659
223.4000	-0.42951	293.814
223.3000	-0.435773	293.967
223.2000	-0.464305	294.121
223.1000	-0.441705	294.275
223.0000	-0.41051	294.429
222.9000	-0.442583	294.587
222.8000	-0.427142	294.748
222.7000	-0.421075	294.907
222.6000	-0.440943	295.067
222.5000	-0.418882	295.225
222.4000	-0.448328	295.381
222.3000	-0.448996	295.539
222.2000	-0.403989	295.693
222.1000	-0.387289	295.853
222.0000	-0.395703	296.007
221.9000	-0.393003	296.156
221.8000	-0.415829	296.307
221.7000	-0.41983	296.464
221.6000	-0.457719	296.624
221.5000	-0.471988	296.781
221.4000	-0.462878	296.936
221.3000	-0.484778	297.097
221.2000	-0.530202	297.255
221.1000	-0.520005	297.417
221.0000	-0.474034	297.572
220.9000	-0.453978	297.72
220.8000	-0.43713	297.868
220.7000	-0.438825	298.021
220.6000	-0.404993	298.167
220.5000	-0.371083	298.317
220.4000	-0.37038	298.461
220.3000	-0.425977	298.606
220.2000	-0.426162	298.751
220.1000	-0.427673	298.895
220.0000	-0.439835	299.039
219.9000	-0.458137	299.184
219.8000	-0.4726	299.324
219.7000	-0.487794	299.464
219.6000	-0.481901	299.605
219.5000	-0.536905	299.747
219.4000	-0.560808	299.892
219.3000	-0.5499	300.027
219.2000	-0.525386	300.167
219.1000	-0.511616	300.312
219.0000	-0.5168	300.459
218.9000	-0.482967	300.604
218.8000	-0.451932	300.75
218.7000	-0.468562	300.895
218.6000	-0.508461	301.045
218.5000	-0.511893	301.19
218.4000	-0.533158	301.336
218.3000	-0.552428	301.484
218.2000	-0.589474	301.632
218.1000	-0.621154	301.779
218.0000	-0.619016	301.927
217.9000	-0.586478	302.073
217.8000	-0.592109	302.219
217.7000	-0.568898	302.371
217.6000	-0.559467	302.524
217.5000	-0.554832	302.677
217.4000	-0.559835	302.829
217.3000	-0.521863	302.98
217.2000	-0.525219	303.136
217.1000	-0.535328	303.29
217.0000	-0.578748	303.438
216.9000	-0.585494	303.584
216.8000	-0.532079	303.733
216.7000	-0.531902	303.887
216.6000	-0.57306	304.041
216.5000	-0.601348	304.193
216.4000	-0.59645	304.347
216.3000	-0.589231	304.502
216.2000	-0.613624	304.653
216.1000	-0.659441	304.799
216.0000	-0.626756	304.947
215.9000	-0.61656	305.095
215.8000	-0.598373	305.241
215.7000	-0.568369	305.385
215.6000	-0.571465	305.529
215.5000	-0.559143	305.673
215.4000	-0.57965	305.817
215.3000	-0.620649	305.955
215.2000	-0.625111	306.094
215.1000	-0.641037	306.233
215.0000	-0.616512	306.37
214.9000	-0.611269	306.505
214.8000	-0.624816	306.64
214.7000	-0.571971	306.777
214.6000	-0.5659	306.915
214.5000	-0.563986	307.049
214.4000	-0.554077	307.184
214.3000	-0.609705	307.32
214.2000	-0.601927	307.453
214.1000	-0.587116	307.592
214.0000	-0.566747	307.727
213.9000	-0.544433	307.861
213.8000	-0.564486	308
213.7000	-0.569577	308.14
213.6000	-0.534476	308.281
213.5000	-0.560355	308.429
213.4000	-0.613916	308.575
213.3000	-0.656978	308.728
213.2000	-0.702814	308.882
213.1000	-0.716291	309.037
213.0000	-0.719355	309.192
212.9000	-0.702625	309.351
212.8000	-0.682797	309.507
212.7000	-0.653809	309.669
212.6000	-0.656626	309.831
212.5000	-0.667034	309.996
212.4000	-0.684991	310.16
212.3000	-0.725121	310.325
212.2000	-0.797434	310.493
212.1000	-0.795745	310.668
212.0000	-0.735308	310.839
211.9000	-0.686911	311.008
211.8000	-0.66679	311.175
211.7000	-0.685622	311.343
211.6000	-0.695916	311.513
211.5000	-0.711053	311.679
211.4000	-0.710417	311.846
211.3000	-0.761103	312.014
211.2000	-0.748762	312.183
211.1000	-0.739786	312.355
211.0000	-0.712056	312.528
210.9000	-0.708202	312.697
210.8000	-0.700878	312.866
210.7000	-0.711081	313.028
210.6000	-0.765405	313.189
210.5000	-0.818974	313.35
210.4000	-0.842725	313.511
210.3000	-0.799355	313.674
210.2000	-0.80399	313.838
210.1000	-0.787624	313.999
210.0000	-0.822014	314.161
209.9000	-0.80152	314.322
209.8000	-0.780635	314.483
209.7000	-0.807419	314.649
209.6000	-0.803978	314.808
209.5000	-0.812034	314.965
209.4000	-0.85393	315.132
209.3000	-0.874999	315.299
209.2000	-0.887066	315.47
209.1000	-0.900178	315.64
209.0000	-0.881581	315.812
208.9000	-0.882852	315.988
208.8000	-0.89164	316.167
208.7000	-0.880051	316.345
208.6000	-0.879868	316.526
208.5000	-0.919272	316.713
208.4000	-0.958806	316.899
208.3000	-1.01114	317.08
208.2000	-1.06661	317.267
208.1000	-1.11622	317.455
208.0000	-1.1094	317.641
207.9000	-1.14736	317.825
207.8000	-1.14366	318.01
207.7000	-1.10399	318.195
207.6000	-1.11781	318.384
207.5000	-1.06694	318.568
207.4000	-1.05045	318.758
207.3000	-1.0524	318.946
207.2000	-1.01786	319.139
207.1000	-1.0303	319.325
207.0000	-1.06659	319.514
206.9000	-1.10406	319.698
206.8000	-1.15445	319.885
206.7000	-1.17368	320.07
206.6000	-1.18577	320.255
206.5000	-1.21713	320.436
206.4000	-1.23818	320.615
206.3000	-1.23631	320.794
206.2000	-1.18591	320.976
206.1000	-1.2087	321.154
206.0000	-1.22324	321.337
205.9000	-1.25839	321.517
205.8000	-1.25544	321.696
205.7000	-1.25799	321.872
205.6000	-1.22464	322.049
205.5000	-1.25679	322.231
205.4000	-1.28071	322.409
205.3000	-1.33006	322.582
205.2000	-1.34637	322.762
205.1000	-1.42236	322.942
205.0000	-1.49691	323.123
204.9000	-1.51239	323.303
204.8000	-1.5176	323.484
204.7000	-1.51084	323.666
204.6000	-1.46785	323.844
204.5000	-1.50263	324.029
204.4000	-1.48196	324.218
204.3000	-1.49714	324.407
204.2000	-1.53201	324.594
204.1000	-1.54672	324.781
204.0000	-1.58467	324.973
203.9000	-1.60616	325.168
203.8000	-1.59372	325.36
203.7000	-1.60279	325.55
203.6000	-1.54206	325.741
203.5000	-1.56829	325.932
203.4000	-1.59485	326.12
203.3000	-1.53876	326.308
203.2000	-1.5585	326.496
203.1000	-1.52756	326.68
203.0000	-1.51175	326.867
202.9000	-1.57609	327.056
202.8000	-1.54556	327.243
202.7000	-1.54746	327.429
202.6000	-1.58953	327.616
202.5000	-1.63512	327.802
202.4000	-1.65972	327.993
202.3000	-1.649	328.184
202.2000	-1.65628	328.372
202.1000	-1.67972	328.561
202.0000	-1.63334	328.751
201.9000	-1.59767	328.941
201.8000	-1.56723	329.133
201.7000	-1.65261	329.323
201.6000	-1.68694	329.518
201.5000	-1.66825	329.709
201.4000	-1.74103	329.899
201.3000	-1.7574	330.098
201.2000	-1.8206	330.296
201.1000	-1.78852	330.495
201.0000	-1.73558	330.689
200.9000	-1.78281	330.884
200.8000	-1.83007	331.086
200.7000	-1.86246	331.288
200.6000	-1.92167	331.484
200.5000	-1.94956	331.683
200.4000	-1.99393	331.885
200.3000	-1.97743	332.09
200.2000	-2.00124	332.289
200.1000	-1.97556	332.49
200.0000	-1.93114	332.687
199.9000	-1.88835	332.889
199.8000	-1.87525	333.089
199.7000	-1.93413	333.289
199.6000	-1.99872	333.484
199.5000	-1.9418	333.681
199.4000	-1.91129	333.877
199.3000	-1.90032	334.074
199.2000	-1.89202	334.263
199.1000	-1.87639	334.455
199.0000	-1.87548	334.646
198.9000	-1.89381	334.839
198.8000	-1.9457	335.031
198.7000	-2.04178	335.219
198.6000	-2.09382	335.41
198.5000	-2.10456	335.602
198.4000	-2.1203	335.786
198.3000	-2.04444	335.969
198.2000	-2.02223	336.156
198.1000	-2.01032	336.34
198.0000	-1.94308	336.529
197.9000	-1.94281	336.72
197.8000	-2.01721	336.913
197.7000	-1.98861	337.111
197.6000	-2.01236	337.307
197.5000	-2.00408	337.507
197.4000	-1.92357	337.715
197.3000	-1.92931	337.921
197.2000	-1.90955	338.127
197.1000	-1.83247	338.33
197.0000	-1.84816	338.536
196.9000	-1.86258	338.744
196.8000	-1.92155	338.952
196.7000	-1.94582	339.157
196.6000	-1.9382	339.357
196.5000	-1.92355	339.56
196.4000	-1.95718	339.77
196.3000	-1.96846	339.975
196.2000	-1.95669	340.177
196.1000	-1.9106	340.375
196.0000	-1.91428	340.573
195.9000	-1.88431	340.778
195.8000	-1.79586	340.978
195.7000	-1.79838	341.169
195.6000	-1.77643	341.368
195.5000	-1.80042	341.565
195.4000	-1.79334	341.764
195.3000	-1.8248	341.967
195.2000	-1.85276	342.176
195.1000	-1.87738	342.4
195.0000	-1.83361	342.642
194.9000	-1.81069	342.895
194.8000	-1.77778	343.171
194.7000	-1.72812	343.46
194.6000	-1.69362	343.755
194.5000	-1.64942	344.053
194.4000	-1.662	344.35
194.3000	-1.69619	344.653
194.2000	-1.62122	344.952
194.1000	-1.52881	345.246
194.0000	-1.5141	345.543
193.9000	-1.5162	345.84
193.8000	-1.47364	346.142
193.7000	-1.47165	346.448
193.6000	-1.45227	346.749
193.5000	-1.49839	347.054
193.4000	-1.61148	347.361
193.3000	-1.56275	347.67
193.2000	-1.57789	347.982
193.1000	-1.62014	348.293
193.0000	-1.56019	348.606
192.9000	-1.52822	348.921
192.8000	-1.55323	349.237
192.7000	-1.50895	349.555
192.6000	-1.53999	349.869
192.5000	-1.45494	350.189
192.4000	-1.4405	350.51
192.3000	-1.52876	350.831
192.2000	-1.50635	351.156
192.1000	-1.45065	351.483
192.0000	-1.4314	351.814
191.9000	-1.45522	352.149
191.8000	-1.45388	352.485
191.7000	-1.44761	352.827
191.6000	-1.34696	353.179
191.5000	-1.30989	353.535
191.4000	-1.31098	353.895
191.3000	-1.27588	354.258
191.2000	-1.31222	354.631
191.1000	-1.294	355.01
191.0000	-1.24507	355.389
190.9000	-1.29829	355.769
190.8000	-1.30628	356.156
190.7000	-1.25829	356.549
190.6000	-1.20991	356.95
190.5000	-1.12453	357.352
190.4000	-1.11376	357.759
190.3000	-1.04977	358.179
190.2000	-0.956924	358.604
190.1000	-0.892727	359.04
190.0000	-0.939673	359.484
189.9000	-0.961944	359.931
189.8000	-0.920026	360.391
189.7000	-0.852104	360.861
189.6000	-0.833736	361.333
189.5000	-0.915758	361.819
189.4000	-0.913252	362.315
189.3000	-0.831218	362.829
189.2000	-0.758806	363.357
189.1000	-0.706734	363.894
189.0000	-0.74046	364.444
188.9000	-0.719104	365.01
188.8000	-0.669749	365.592
188.7000	-0.622233	366.185
188.6000	-0.589932	366.786
188.5000	-0.596736	367.405
188.4000	-0.710488	368.041
188.3000	-0.785855	368.697
188.2000	-0.769233	369.371
188.1000	-0.730123	370.064
188.0000	-0.820735	370.78
187.9000	-0.90152	371.517
187.8000	-0.870753	372.285
187.7000	-0.732848	373.086
187.6000	-0.652551	373.917
187.5000	-0.704019	374.779
187.4000	-0.66142	375.67
187.3000	-0.653421	376.593
187.2000	-0.60344	377.549
187.1000	-0.542322	378.537
187.0000	-0.565611	379.556
186.9000	-0.530498	380.614
186.8000	-0.469574	381.711
186.7000	-0.443253	382.849
186.6000	-0.304192	384.025
186.5000	-0.294297	385.241
186.4000	-0.355154	386.504
186.3000	-0.318687	387.807
186.2000	-0.359447	389.152
186.1000	-0.421118	390.547
186.0000	-0.473085	391.999
185.9000	-0.540024	393.51
185.8000	-0.463025	395.083
185.7000	-0.544474	396.73
185.6000	-0.561968	398.459
185.5000	-0.568038	400.271
185.4000	-0.525326	402.172
185.3000	-0.443042	404.167
185.2000	-0.45042	406.253
185.1000	-0.329348	408.435
185.0000	-0.164589	410.697
