TITLE	05_250626D_4days
DATA TYPE	
ORIGIN	JASCO
OWNER	
DATE	25/06/30
TIME	16:02:52
SPECTROMETER/DATA SYSTEM	JASCO Corp., J-715, Rev. 1.00
RESOLUTION	
DELTAX	-0.1
XUNITS	NANOMETERS
YUNITS	CD[mdeg]
Y2UNITS	HT[V]
FIRSTX	260.0000
LASTX	185.0000
NPOINTS	751
FIRSTY	0.12432
MAXY	0.31257
MINY	-1.28214
XYDATA
260.0000	0.124319	253.872
259.9000	0.143981	253.904
259.8000	0.16733	253.944
259.7000	0.169654	253.994
259.6000	0.172239	254.057
259.5000	0.160752	254.132
259.4000	0.122164	254.218
259.3000	0.128788	254.292
259.2000	0.125953	254.364
259.1000	0.142271	254.442
259.0000	0.152546	254.517
258.9000	0.145271	254.589
258.8000	0.158325	254.661
258.7000	0.172681	254.733
258.6000	0.169436	254.808
258.5000	0.156168	254.878
258.4000	0.129312	254.942
258.3000	0.132684	255.01
258.2000	0.134412	255.081
258.1000	0.130976	255.15
258.0000	0.140382	255.218
257.9000	0.116215	255.284
257.8000	0.119704	255.35
257.7000	0.110473	255.421
257.6000	0.115661	255.491
257.5000	0.107459	255.559
257.4000	0.0970175	255.627
257.3000	0.107743	255.697
257.2000	0.118777	255.768
257.1000	0.131273	255.838
257.0000	0.144785	255.905
256.9000	0.122475	255.975
256.8000	0.12166	256.042
256.7000	0.126817	256.116
256.6000	0.126749	256.185
256.5000	0.111409	256.25
256.4000	0.0794979	256.316
256.3000	0.0677596	256.384
256.2000	0.0888593	256.451
256.1000	0.110154	256.518
256.0000	0.0748903	256.583
255.9000	0.0508097	256.649
255.8000	0.0707127	256.718
255.7000	0.0804548	256.785
255.6000	0.0889304	256.85
255.5000	0.0600201	256.916
255.4000	0.0297844	256.983
255.3000	0.0494371	257.051
255.2000	0.0456601	257.119
255.1000	0.0458653	257.187
255.0000	0.0473889	257.257
254.9000	0.0308735	257.324
254.8000	0.0562554	257.392
254.7000	0.0672936	257.458
254.6000	0.0689502	257.523
254.5000	0.0631556	257.591
254.4000	0.0831413	257.658
254.3000	0.0969385	257.725
254.2000	0.103432	257.8
254.1000	0.102814	257.872
254.0000	0.109483	257.943
253.9000	0.0964575	258.012
253.8000	0.105742	258.08
253.7000	0.0667761	258.152
253.6000	0.052434	258.227
253.5000	0.03811	258.298
253.4000	0.0179658	258.37
253.3000	0.018925	258.445
253.2000	0.0279648	258.519
253.1000	0.0498955	258.599
253.0000	0.0718541	258.673
252.9000	0.083824	258.743
252.8000	0.117282	258.813
252.7000	0.126752	258.881
252.6000	0.131747	258.952
252.5000	0.124733	259.025
252.4000	0.104662	259.089
252.3000	0.0848775	259.16
252.2000	0.0636553	259.234
252.1000	0.049446	259.309
252.0000	0.0351513	259.386
251.9000	0.024228	259.463
251.8000	0.0522981	259.541
251.7000	0.0781986	259.619
251.6000	0.121208	259.69
251.5000	0.144034	259.762
251.4000	0.117276	259.836
251.3000	0.136161	259.911
251.2000	0.130553	259.983
251.1000	0.101398	260.058
251.0000	0.0580442	260.133
250.9000	0.0212068	260.214
250.8000	0.0225661	260.288
250.7000	0.0496748	260.365
250.6000	0.0582226	260.439
250.5000	0.0687497	260.512
250.4000	0.0534532	260.579
250.3000	0.055711	260.65
250.2000	0.029925	260.719
250.1000	0.0285993	260.79
250.0000	0.0132983	260.859
249.9000	0.00573322	260.928
249.8000	-0.000568479	260.997
249.7000	0.0106759	261.069
249.6000	0.0304808	261.139
249.5000	0.0566696	261.212
249.4000	0.0703288	261.287
249.3000	0.0776721	261.358
249.2000	0.0824807	261.431
249.1000	0.078807	261.506
249.0000	0.0904145	261.582
248.9000	0.0882869	261.657
248.8000	0.109247	261.734
248.7000	0.0864598	261.802
248.6000	0.0779212	261.875
248.5000	0.0605263	261.948
248.4000	0.0761171	262.022
248.3000	0.0372017	262.095
248.2000	0.0506053	262.168
248.1000	0.0394943	262.24
248.0000	0.0604458	262.318
247.9000	0.064185	262.393
247.8000	0.0798653	262.464
247.7000	0.101259	262.536
247.6000	0.129877	262.609
247.5000	0.104937	262.68
247.4000	0.0849895	262.752
247.3000	0.0844898	262.825
247.2000	0.0829096	262.898
247.1000	0.0771816	262.974
247.0000	0.0387954	263.051
246.9000	0.0262553	263.127
246.8000	0.0636734	263.208
246.7000	0.0835642	263.287
246.6000	0.0874569	263.368
246.5000	0.0813256	263.451
246.4000	0.092601	263.528
246.3000	0.093918	263.606
246.2000	0.0808649	263.685
246.1000	0.0468689	263.761
246.0000	0.0292453	263.836
245.9000	0.017227	263.908
245.8000	-0.00118862	263.985
245.7000	-0.0224027	264.064
245.6000	-0.0160995	264.139
245.5000	-0.00616014	264.217
245.4000	0.0141996	264.296
245.3000	0.0249624	264.37
245.2000	0.014245	264.444
245.1000	0.0389151	264.519
245.0000	0.0700956	264.593
244.9000	0.0790959	264.669
244.8000	0.093894	264.744
244.7000	0.114981	264.816
244.6000	0.139537	264.895
244.5000	0.159741	264.976
244.4000	0.147372	265.057
244.3000	0.141675	265.132
244.2000	0.112357	265.21
244.1000	0.0971506	265.288
244.0000	0.0603966	265.37
243.9000	0.0252316	265.453
243.8000	0.0156944	265.53
243.7000	0.000313918	265.613
243.6000	-0.00754322	265.699
243.5000	0.0128108	265.783
243.4000	0.0283378	265.866
243.3000	0.046055	265.954
243.2000	0.048577	266.041
243.1000	0.0526841	266.125
243.0000	0.0900028	266.213
242.9000	0.0945434	266.301
242.8000	0.0949174	266.395
242.7000	0.0981939	266.491
242.6000	0.102915	266.583
242.5000	0.0886137	266.679
242.4000	0.0912458	266.781
242.3000	0.0942682	266.881
242.2000	0.0807521	266.979
242.1000	0.0729161	267.074
242.0000	0.0325126	267.168
241.9000	0.037992	267.266
241.8000	0.0396031	267.363
241.7000	0.0143684	267.463
241.6000	-0.0018989	267.563
241.5000	0.00712772	267.664
241.4000	-0.00650212	267.769
241.3000	-0.0219698	267.873
241.2000	-0.067159	267.977
241.1000	-0.0735509	268.087
241.0000	-0.0785684	268.192
240.9000	-0.0588899	268.3
240.8000	-0.0637544	268.41
240.7000	-0.0291626	268.521
240.6000	0.0205519	268.629
240.5000	0.0336719	268.738
240.4000	0.0300139	268.844
240.3000	0.045604	268.956
240.2000	0.00376975	269.067
240.1000	-0.00621974	269.178
240.0000	-0.0442366	269.295
239.9000	-0.0419577	269.415
239.8000	-0.0428205	269.54
239.7000	-0.0266515	269.666
239.6000	-0.00675296	269.794
239.5000	0.015008	269.922
239.4000	0.0332405	270.052
239.3000	0.0399056	270.179
239.2000	-0.0144261	270.307
239.1000	-0.0140756	270.436
239.0000	-0.0265983	270.566
238.9000	-0.0531207	270.7
238.8000	-0.0570541	270.832
238.7000	-0.0787718	270.964
238.6000	-0.0759018	271.1
238.5000	-0.0351951	271.234
238.4000	-0.00393664	271.374
238.3000	0.0113043	271.511
238.2000	-0.00322138	271.643
238.1000	-0.00243982	271.785
238.0000	-0.013423	271.924
237.9000	-0.0167996	272.064
237.8000	-0.0410952	272.206
237.7000	-0.052502	272.343
237.6000	-0.0678308	272.482
237.5000	-0.0422592	272.624
237.4000	-0.0214944	272.765
237.3000	-0.00807792	272.905
237.2000	-0.0150209	273.049
237.1000	0.00187829	273.191
237.0000	-0.01745	273.334
236.9000	-0.0077948	273.477
236.8000	-0.0317405	273.618
236.7000	-0.0648906	273.759
236.6000	-0.0459015	273.905
236.5000	-0.0469575	274.05
236.4000	-0.0640092	274.195
236.3000	-0.0598483	274.341
236.2000	-0.0334901	274.488
236.1000	-0.0298458	274.636
236.0000	-0.024229	274.786
235.9000	-0.0533024	274.93
235.8000	-0.0491572	275.076
235.7000	-0.0452432	275.217
235.6000	-0.0661048	275.36
235.5000	-0.0867655	275.503
235.4000	-0.0957961	275.643
235.3000	-0.101329	275.781
235.2000	-0.12496	275.92
235.1000	-0.130933	276.061
235.0000	-0.147713	276.205
234.9000	-0.151113	276.349
234.8000	-0.126883	276.491
234.7000	-0.122953	276.638
234.6000	-0.118644	276.781
234.5000	-0.105733	276.925
234.4000	-0.116009	277.069
234.3000	-0.127079	277.212
234.2000	-0.147543	277.355
234.1000	-0.172579	277.503
234.0000	-0.173745	277.646
233.9000	-0.191353	277.795
233.8000	-0.215587	277.944
233.7000	-0.230441	278.094
233.6000	-0.199446	278.245
233.5000	-0.182824	278.395
233.4000	-0.222841	278.538
233.3000	-0.208716	278.686
233.2000	-0.162762	278.834
233.1000	-0.152981	278.98
233.0000	-0.111168	279.123
232.9000	-0.152285	279.27
232.8000	-0.18423	279.417
232.7000	-0.149451	279.57
232.6000	-0.170998	279.723
232.5000	-0.213651	279.872
232.4000	-0.194144	280.022
232.3000	-0.199102	280.176
232.2000	-0.198234	280.322
232.1000	-0.186824	280.474
232.0000	-0.226969	280.631
231.9000	-0.222591	280.783
231.8000	-0.210056	280.936
231.7000	-0.21286	281.097
231.6000	-0.193031	281.256
231.5000	-0.155858	281.418
231.4000	-0.168103	281.576
231.3000	-0.178144	281.727
231.2000	-0.204524	281.883
231.1000	-0.204493	282.037
231.0000	-0.233037	282.182
230.9000	-0.252023	282.333
230.8000	-0.239812	282.483
230.7000	-0.209024	282.63
230.6000	-0.202942	282.781
230.5000	-0.207396	282.932
230.4000	-0.217926	283.084
230.3000	-0.196736	283.235
230.2000	-0.192335	283.386
230.1000	-0.2237	283.539
230.0000	-0.212564	283.689
229.9000	-0.210866	283.842
229.8000	-0.194597	283.994
229.7000	-0.183016	284.148
229.6000	-0.20111	284.302
229.5000	-0.232817	284.455
229.4000	-0.243875	284.608
229.3000	-0.267415	284.767
229.2000	-0.274166	284.923
229.1000	-0.279965	285.085
229.0000	-0.264079	285.249
228.9000	-0.261828	285.414
228.8000	-0.209318	285.584
228.7000	-0.244869	285.753
228.6000	-0.247712	285.924
228.5000	-0.239682	286.092
228.4000	-0.269788	286.262
228.3000	-0.292293	286.432
228.2000	-0.338539	286.598
228.1000	-0.373121	286.766
228.0000	-0.331714	286.933
227.9000	-0.328647	287.096
227.8000	-0.338294	287.26
227.7000	-0.294497	287.424
227.6000	-0.275137	287.589
227.5000	-0.260901	287.746
227.4000	-0.266143	287.903
227.3000	-0.272985	288.057
227.2000	-0.289419	288.214
227.1000	-0.289553	288.364
227.0000	-0.335088	288.516
226.9000	-0.321506	288.666
226.8000	-0.283461	288.822
226.7000	-0.250578	288.975
226.6000	-0.2348	289.127
226.5000	-0.255635	289.279
226.4000	-0.268001	289.428
226.3000	-0.231681	289.576
226.2000	-0.26537	289.723
226.1000	-0.334478	289.875
226.0000	-0.369396	290.02
225.9000	-0.370184	290.169
225.8000	-0.364108	290.32
225.7000	-0.388207	290.47
225.6000	-0.423648	290.614
225.5000	-0.426044	290.761
225.4000	-0.434501	290.903
225.3000	-0.435646	291.047
225.2000	-0.423524	291.191
225.1000	-0.388288	291.337
225.0000	-0.363602	291.482
224.9000	-0.337493	291.629
224.8000	-0.293477	291.777
224.7000	-0.259567	291.924
224.6000	-0.289859	292.074
224.5000	-0.352138	292.227
224.4000	-0.385673	292.374
224.3000	-0.371114	292.522
224.2000	-0.401104	292.672
224.1000	-0.440436	292.821
224.0000	-0.452577	292.976
223.9000	-0.401881	293.13
223.8000	-0.365999	293.281
223.7000	-0.378347	293.435
223.6000	-0.40492	293.591
223.5000	-0.406891	293.748
223.4000	-0.396113	293.901
223.3000	-0.418055	294.052
223.2000	-0.431178	294.204
223.1000	-0.442163	294.353
223.0000	-0.408371	294.505
222.9000	-0.453507	294.66
222.8000	-0.480969	294.813
222.7000	-0.497289	294.972
222.6000	-0.476251	295.129
222.5000	-0.487683	295.286
222.4000	-0.463524	295.446
222.3000	-0.466676	295.607
222.2000	-0.461141	295.766
222.1000	-0.477526	295.926
222.0000	-0.504034	296.082
221.9000	-0.507338	296.239
221.8000	-0.502065	296.394
221.7000	-0.572816	296.55
221.6000	-0.575378	296.705
221.5000	-0.562803	296.863
221.4000	-0.510623	297.021
221.3000	-0.502509	297.175
221.2000	-0.533331	297.328
221.1000	-0.540043	297.483
221.0000	-0.481839	297.628
220.9000	-0.465663	297.775
220.8000	-0.479648	297.921
220.7000	-0.486753	298.065
220.6000	-0.435697	298.209
220.5000	-0.414023	298.354
220.4000	-0.432086	298.497
220.3000	-0.43948	298.641
220.2000	-0.4733	298.783
220.1000	-0.46028	298.925
220.0000	-0.468543	299.065
219.9000	-0.508569	299.204
219.8000	-0.487557	299.346
219.7000	-0.452843	299.488
219.6000	-0.433285	299.629
219.5000	-0.42569	299.765
219.4000	-0.369846	299.906
219.3000	-0.358493	300.044
219.2000	-0.356357	300.184
219.1000	-0.40089	300.323
219.0000	-0.417888	300.466
218.9000	-0.416498	300.609
218.8000	-0.443354	300.749
218.7000	-0.498709	300.89
218.6000	-0.510447	301.035
218.5000	-0.510648	301.181
218.4000	-0.534337	301.327
218.3000	-0.561587	301.47
218.2000	-0.541494	301.619
218.1000	-0.499348	301.771
218.0000	-0.491244	301.922
217.9000	-0.479578	302.069
217.8000	-0.448927	302.214
217.7000	-0.425109	302.36
217.6000	-0.417783	302.507
217.5000	-0.42562	302.654
217.4000	-0.447694	302.798
217.3000	-0.424413	302.946
217.2000	-0.422925	303.092
217.1000	-0.440106	303.241
217.0000	-0.42834	303.39
216.9000	-0.466594	303.54
216.8000	-0.487105	303.691
216.7000	-0.531892	303.841
216.6000	-0.551715	303.991
216.5000	-0.56737	304.146
216.4000	-0.55408	304.3
216.3000	-0.593191	304.453
216.2000	-0.562872	304.605
216.1000	-0.543641	304.762
216.0000	-0.523984	304.913
215.9000	-0.505218	305.061
215.8000	-0.498267	305.209
215.7000	-0.507249	305.352
215.6000	-0.454537	305.493
215.5000	-0.477792	305.634
215.4000	-0.498414	305.77
215.3000	-0.48964	305.914
215.2000	-0.490937	306.051
215.1000	-0.518556	306.187
215.0000	-0.524265	306.325
214.9000	-0.537083	306.461
214.8000	-0.549525	306.589
214.7000	-0.520888	306.722
214.6000	-0.522444	306.855
214.5000	-0.550382	306.992
214.4000	-0.514898	307.126
214.3000	-0.526524	307.262
214.2000	-0.523894	307.4
214.1000	-0.498459	307.54
214.0000	-0.541921	307.673
213.9000	-0.537149	307.809
213.8000	-0.542042	307.95
213.7000	-0.526854	308.093
213.6000	-0.493418	308.237
213.5000	-0.507499	308.379
213.4000	-0.501544	308.527
213.3000	-0.44384	308.683
213.2000	-0.477255	308.834
213.1000	-0.471546	308.985
213.0000	-0.505098	309.139
212.9000	-0.542657	309.296
212.8000	-0.526048	309.453
212.7000	-0.540723	309.612
212.6000	-0.561023	309.771
212.5000	-0.540472	309.931
212.4000	-0.585868	310.092
212.3000	-0.586193	310.255
212.2000	-0.559094	310.421
212.1000	-0.55058	310.592
212.0000	-0.56391	310.758
211.9000	-0.559765	310.922
211.8000	-0.580645	311.09
211.7000	-0.540553	311.262
211.6000	-0.538129	311.433
211.5000	-0.568948	311.605
211.4000	-0.649972	311.775
211.3000	-0.662176	311.951
211.2000	-0.652104	312.123
211.1000	-0.658283	312.3
211.0000	-0.619411	312.474
210.9000	-0.627042	312.648
210.8000	-0.580344	312.82
210.7000	-0.533501	312.993
210.6000	-0.518607	313.16
210.5000	-0.548309	313.334
210.4000	-0.536149	313.496
210.3000	-0.579241	313.663
210.2000	-0.636472	313.825
210.1000	-0.634821	313.99
210.0000	-0.651162	314.156
209.9000	-0.675295	314.325
209.8000	-0.708124	314.492
209.7000	-0.733944	314.666
209.6000	-0.684259	314.835
209.5000	-0.675381	315.012
209.4000	-0.673184	315.186
209.3000	-0.679925	315.362
209.2000	-0.668275	315.542
209.1000	-0.645221	315.72
209.0000	-0.587807	315.899
208.9000	-0.635649	316.082
208.8000	-0.625199	316.268
208.7000	-0.695689	316.455
208.6000	-0.733315	316.644
208.5000	-0.767742	316.832
208.4000	-0.811944	317.025
208.3000	-0.864898	317.219
208.2000	-0.863489	317.419
208.1000	-0.849818	317.62
208.0000	-0.791648	317.816
207.9000	-0.81885	318.015
207.8000	-0.813235	318.22
207.7000	-0.783576	318.421
207.6000	-0.785523	318.625
207.5000	-0.791001	318.825
207.4000	-0.793449	319.028
207.3000	-0.766204	319.233
207.2000	-0.669748	319.443
207.1000	-0.618584	319.649
207.0000	-0.624488	319.856
206.9000	-0.579665	320.059
206.8000	-0.569406	320.26
206.7000	-0.631193	320.467
206.6000	-0.707551	320.674
206.5000	-0.781066	320.876
206.4000	-0.769577	321.077
206.3000	-0.802792	321.284
206.2000	-0.85356	321.498
206.1000	-0.867586	321.712
206.0000	-0.86265	321.919
205.9000	-0.788402	322.127
205.8000	-0.761069	322.336
205.7000	-0.787197	322.547
205.6000	-0.793083	322.754
205.5000	-0.813451	322.957
205.4000	-0.836075	323.165
205.3000	-0.815167	323.378
205.2000	-0.922196	323.588
205.1000	-0.948748	323.802
205.0000	-0.964849	324.021
204.9000	-0.926958	324.24
204.8000	-0.919023	324.463
204.7000	-0.920818	324.685
204.6000	-0.933876	324.911
204.5000	-0.954008	325.141
204.4000	-0.893472	325.369
204.3000	-0.912342	325.602
204.2000	-0.941013	325.834
204.1000	-0.99336	326.072
204.0000	-1.03464	326.316
203.9000	-0.977118	326.555
203.8000	-0.933727	326.795
203.7000	-0.993487	327.039
203.6000	-1.00486	327.281
203.5000	-1.02144	327.522
203.4000	-0.97947	327.768
203.3000	-0.975665	328.016
203.2000	-1.05311	328.27
203.1000	-1.05989	328.52
203.0000	-0.982844	328.773
202.9000	-0.996181	329.032
202.8000	-0.980053	329.297
202.7000	-0.989128	329.552
202.6000	-0.977536	329.81
202.5000	-0.952253	330.069
202.4000	-0.922162	330.336
202.3000	-0.960171	330.604
202.2000	-0.949958	330.874
202.1000	-0.967406	331.144
202.0000	-0.94068	331.421
201.9000	-0.916233	331.698
201.8000	-0.920614	331.978
201.7000	-0.950329	332.256
201.6000	-0.963358	332.541
201.5000	-1.00553	332.827
201.4000	-1.0221	333.114
201.3000	-1.0361	333.407
201.2000	-1.08584	333.705
201.1000	-1.12697	334.009
201.0000	-1.1282	334.315
200.9000	-1.12142	334.624
200.8000	-1.05046	334.935
200.7000	-1.00996	335.253
200.6000	-1.06186	335.569
200.5000	-1.09497	335.89
200.4000	-1.06876	336.212
200.3000	-1.05799	336.54
200.2000	-1.02542	336.871
200.1000	-1.04899	337.203
200.0000	-1.07703	337.539
199.9000	-1.0475	337.876
199.8000	-1.01158	338.215
199.7000	-1.03364	338.562
199.6000	-1.04509	338.906
199.5000	-1.03971	339.256
199.4000	-1.13567	339.608
199.3000	-1.1327	339.965
199.2000	-1.15618	340.32
199.1000	-1.141	340.678
199.0000	-1.07838	341.034
198.9000	-1.08761	341.395
198.8000	-1.10262	341.756
198.7000	-1.04542	342.119
198.6000	-1.06811	342.49
198.5000	-1.10722	342.872
198.4000	-1.1748	343.257
198.3000	-1.18425	343.647
198.2000	-1.13575	344.041
198.1000	-1.13998	344.436
198.0000	-1.11592	344.835
197.9000	-1.08989	345.232
197.8000	-1.06301	345.632
197.7000	-1.0702	346.036
197.6000	-1.16267	346.447
197.5000	-1.25452	346.862
197.4000	-1.25181	347.287
197.3000	-1.28214	347.714
197.2000	-1.2072	348.146
197.1000	-1.17426	348.585
197.0000	-1.14573	349.026
196.9000	-1.16308	349.47
196.8000	-1.13658	349.922
196.7000	-1.10427	350.376
196.6000	-1.08935	350.834
196.5000	-1.13778	351.295
196.4000	-1.11234	351.757
196.3000	-1.08851	352.223
196.2000	-1.02373	352.693
196.1000	-1.0205	353.165
196.0000	-1.0105	353.639
195.9000	-0.973345	354.118
195.8000	-0.97649	354.598
195.7000	-0.956238	355.082
195.6000	-0.941048	355.567
195.5000	-0.87699	356.05
195.4000	-0.802777	356.533
195.3000	-0.797114	357.032
195.2000	-0.800213	357.545
195.1000	-0.772039	358.081
195.0000	-0.764731	358.632
194.9000	-0.718857	359.198
194.8000	-0.765787	359.784
194.7000	-0.829853	360.394
194.6000	-0.870814	361.007
194.5000	-0.726362	361.625
194.4000	-0.680607	362.238
194.3000	-0.651715	362.863
194.2000	-0.632585	363.497
194.1000	-0.659944	364.135
194.0000	-0.564582	364.779
193.9000	-0.552717	365.43
193.8000	-0.647962	366.086
193.7000	-0.675536	366.755
193.6000	-0.696177	367.425
193.5000	-0.752223	368.098
193.4000	-0.710351	368.779
193.3000	-0.737933	369.464
193.2000	-0.788798	370.158
193.1000	-0.849808	370.859
193.0000	-0.902465	371.567
192.9000	-0.901558	372.285
192.8000	-0.837862	373.013
192.7000	-0.772356	373.745
192.6000	-0.762087	374.486
192.5000	-0.771698	375.228
192.4000	-0.71198	375.973
192.3000	-0.675745	376.729
192.2000	-0.635979	377.488
192.1000	-0.65473	378.254
192.0000	-0.645044	379.022
191.9000	-0.701013	379.794
191.8000	-0.636362	380.583
191.7000	-0.637091	381.376
191.6000	-0.621834	382.169
191.5000	-0.572534	382.975
191.4000	-0.553184	383.788
191.3000	-0.442825	384.613
191.2000	-0.426154	385.444
191.1000	-0.40399	386.286
191.0000	-0.384614	387.139
190.9000	-0.374148	388.008
190.8000	-0.509022	388.881
190.7000	-0.488463	389.771
190.6000	-0.580805	390.667
190.5000	-0.458941	391.569
190.4000	-0.469094	392.481
190.3000	-0.4524	393.411
190.2000	-0.524239	394.341
190.1000	-0.497466	395.288
190.0000	-0.553217	396.245
189.9000	-0.491635	397.221
189.8000	-0.482522	398.212
189.7000	-0.427703	399.218
189.6000	-0.406826	400.231
189.5000	-0.44081	401.268
189.4000	-0.456692	402.321
189.3000	-0.428257	403.396
189.2000	-0.520584	404.49
189.1000	-0.562728	405.609
189.0000	-0.623779	406.741
188.9000	-0.59506	407.9
188.8000	-0.466481	409.077
188.7000	-0.327726	410.277
188.6000	-0.211191	411.493
188.5000	-0.0436477	412.731
188.4000	0.133973	413.99
188.3000	0.176858	415.279
188.2000	0.101701	416.599
188.1000	0.149759	417.951
188.0000	0.207258	419.332
187.9000	0.175921	420.744
187.8000	-0.0178124	422.197
187.7000	-0.176807	423.692
187.6000	-0.14233	425.224
187.5000	0.0244965	426.792
187.4000	-0.053671	428.401
187.3000	-0.0674727	430.06
187.2000	0.123138	431.768
187.1000	0.21364	433.531
187.0000	0.294436	435.344
186.9000	0.312574	437.216
186.8000	0.271477	439.147
186.7000	0.161434	441.133
186.6000	0.0352152	443.173
186.5000	-0.135215	445.272
186.4000	-0.14474	447.422
186.3000	-0.154751	449.631
186.2000	-0.392342	451.89
186.1000	-0.469251	454.218
186.0000	-0.50908	456.613
185.9000	-0.448967	459.091
185.8000	-0.464451	461.643
185.7000	-0.566528	464.291
185.6000	-0.465855	467.034
185.5000	-0.128141	469.888
185.4000	-0.0722105	472.845
185.3000	-0.376151	475.927
185.2000	-0.347832	479.116
185.1000	-0.0819157	482.442
185.0000	0.200948	485.877
