TITLE	08_250626C_1day
DATA TYPE	
ORIGIN	JASCO
OWNER	
DATE	25/06/27
TIME	14:28:23
SPECTROMETER/DATA SYSTEM	JASCO Corp., J-715, Rev. 1.00
RESOLUTION	
DELTAX	-0.1
XUNITS	NANOMETERS
YUNITS	CD[mdeg]
Y2UNITS	HT[V]
FIRSTX	260.0000
LASTX	185.0000
NPOINTS	751
FIRSTY	0.15467
MAXY	0.28648
MINY	-0.75183
XYDATA
260.0000	0.154665	253.694
259.9000	0.156168	253.707
259.8000	0.161717	253.734
259.7000	0.126947	253.764
259.6000	0.0986015	253.803
259.5000	0.0983934	253.862
259.4000	0.0915093	253.929
259.3000	0.0853337	254.004
259.2000	0.0786429	254.077
259.1000	0.0899581	254.15
259.0000	0.0930016	254.229
258.9000	0.0833568	254.302
258.8000	0.078139	254.369
258.7000	0.0814363	254.44
258.6000	0.0790688	254.515
258.5000	0.083065	254.585
258.4000	0.0715524	254.652
258.3000	0.0913781	254.722
258.2000	0.0952929	254.794
258.1000	0.104995	254.863
258.0000	0.100613	254.935
257.9000	0.091547	254.998
257.8000	0.0812536	255.063
257.7000	0.0632584	255.129
257.6000	0.0524123	255.195
257.5000	0.0648553	255.266
257.4000	0.0623889	255.337
257.3000	0.0914536	255.405
257.2000	0.12659	255.475
257.1000	0.12695	255.544
257.0000	0.129231	255.61
256.9000	0.126649	255.679
256.8000	0.116143	255.746
256.7000	0.119844	255.811
256.6000	0.0951675	255.877
256.5000	0.0648744	255.945
256.4000	0.0681502	256.013
256.3000	0.0831778	256.083
256.2000	0.0793065	256.154
256.1000	0.05751	256.225
256.0000	0.0368737	256.297
255.9000	0.0538667	256.368
255.8000	0.0730013	256.438
255.7000	0.0752876	256.509
255.6000	0.063509	256.577
255.5000	0.0921962	256.639
255.4000	0.104542	256.704
255.3000	0.0953192	256.77
255.2000	0.0723171	256.842
255.1000	0.0552215	256.911
255.0000	0.0472459	256.98
254.9000	0.0335189	257.046
254.8000	0.0239047	257.114
254.7000	0.0141342	257.178
254.6000	0.012509	257.238
254.5000	0.00574614	257.298
254.4000	0.0131118	257.365
254.3000	0.0347381	257.432
254.2000	0.0404291	257.504
254.1000	0.0286713	257.577
254.0000	0.0231323	257.651
253.9000	0.0307751	257.725
253.8000	0.0499571	257.801
253.7000	0.0618964	257.875
253.6000	0.0468289	257.948
253.5000	0.0459736	258.024
253.4000	0.0329313	258.097
253.3000	0.031126	258.17
253.2000	0.027017	258.244
253.1000	0.0091508	258.315
253.0000	-0.0222599	258.384
252.9000	-0.0329326	258.454
252.8000	-0.0202008	258.521
252.7000	0.0105528	258.593
252.6000	0.019028	258.664
252.5000	0.026047	258.737
252.4000	0.0289373	258.806
252.3000	0.046809	258.878
252.2000	0.0481519	258.953
252.1000	0.0411193	259.029
252.0000	0.00886247	259.103
251.9000	-5.24024E-005	259.179
251.8000	-0.00283271	259.256
251.7000	-0.00672067	259.332
251.6000	-0.00863199	259.406
251.5000	-0.021601	259.48
251.4000	-0.0115782	259.548
251.3000	0.009574	259.622
251.2000	-0.000733882	259.696
251.1000	-0.0107321	259.768
251.0000	-0.0127075	259.844
250.9000	-0.0218975	259.92
250.8000	0.0105157	259.997
250.7000	0.0242804	260.078
250.6000	0.0402701	260.151
250.5000	0.0559318	260.222
250.4000	0.0844578	260.292
250.3000	0.0790017	260.366
250.2000	0.090238	260.437
250.1000	0.0413229	260.51
250.0000	0.0195665	260.578
249.9000	0.000819315	260.649
249.8000	-0.0172779	260.72
249.7000	-0.0602049	260.788
249.6000	-0.0365876	260.861
249.5000	-0.0235816	260.93
249.4000	0.0147899	260.999
249.3000	0.0287821	261.071
249.2000	0.0485572	261.143
249.1000	0.0683717	261.214
249.0000	0.105558	261.29
248.9000	0.0995254	261.361
248.8000	0.0720553	261.436
248.7000	0.0589862	261.507
248.6000	0.0578073	261.58
248.5000	0.0547553	261.654
248.4000	0.0674086	261.729
248.3000	0.0393463	261.8
248.2000	-0.00549133	261.874
248.1000	-0.004975	261.945
248.0000	0.000565002	262.017
247.9000	-0.0262784	262.091
247.8000	-0.0609256	262.164
247.7000	-0.088268	262.237
247.6000	-0.0618984	262.309
247.5000	-0.0397516	262.38
247.4000	-0.027251	262.454
247.3000	-0.0124909	262.527
247.2000	-0.00971953	262.599
247.1000	-0.00493874	262.672
247.0000	0.0116023	262.749
246.9000	0.0108672	262.827
246.8000	0.0182373	262.905
246.7000	0.031095	262.976
246.6000	0.0229016	263.053
246.5000	0.0523811	263.137
246.4000	0.069086	263.213
246.3000	0.0544528	263.294
246.2000	0.0533101	263.369
246.1000	0.0460289	263.445
246.0000	0.011075	263.525
245.9000	0.00310515	263.602
245.8000	-0.0105724	263.674
245.7000	-0.0042811	263.751
245.6000	0.00655254	263.826
245.5000	0.0154299	263.908
245.4000	-0.00674824	263.989
245.3000	0.0359158	264.068
245.2000	0.0483796	264.145
245.1000	0.0453519	264.22
245.0000	0.0330165	264.297
244.9000	0.0432625	264.369
244.8000	0.0148967	264.443
244.7000	0.0189292	264.516
244.6000	-0.00889425	264.59
244.5000	-0.014477	264.662
244.4000	0.00164434	264.736
244.3000	-0.00913615	264.811
244.2000	-0.00829374	264.891
244.1000	-0.0191256	264.967
244.0000	-0.0105396	265.051
243.9000	-0.0075909	265.136
243.8000	-0.0193852	265.218
243.7000	-0.0425572	265.3
243.6000	-0.0303338	265.381
243.5000	-0.026124	265.467
243.4000	-0.0256004	265.552
243.3000	-0.0330004	265.635
243.2000	-0.0245089	265.716
243.1000	0.0119917	265.803
243.0000	0.0514984	265.893
242.9000	0.0374111	265.986
242.8000	0.0297338	266.074
242.7000	0.047182	266.163
242.6000	0.0301371	266.25
242.5000	0.0355835	266.347
242.4000	-0.00240852	266.441
242.3000	-0.0149903	266.538
242.2000	0.00865906	266.63
242.1000	0.0152208	266.727
242.0000	0.0218848	266.828
241.9000	0.0337481	266.934
241.8000	0.0438268	267.033
241.7000	0.0499594	267.133
241.6000	0.0598135	267.23
241.5000	0.0484688	267.334
241.4000	0.0297012	267.441
241.3000	0.0237102	267.545
241.2000	0.026877	267.648
241.1000	0.0144025	267.755
241.0000	0.016399	267.865
240.9000	0.0194373	267.976
240.8000	0.0195225	268.085
240.7000	0.020049	268.192
240.6000	0.0269483	268.296
240.5000	0.011187	268.402
240.4000	-0.00911256	268.51
240.3000	0.00101651	268.617
240.2000	-0.0196586	268.724
240.1000	-0.0059709	268.834
240.0000	-0.000292808	268.95
239.9000	0.00913615	269.066
239.8000	0.0222382	269.186
239.7000	0.0314889	269.305
239.6000	0.0148661	269.43
239.5000	0.0294534	269.56
239.4000	0.0607488	269.689
239.3000	0.0557596	269.817
239.2000	0.0318766	269.948
239.1000	0.0484069	270.08
239.0000	0.0460977	270.213
238.9000	0.0346206	270.347
238.8000	-0.004786	270.478
238.7000	-0.0326032	270.604
238.6000	-0.0309537	270.733
238.5000	-0.0463073	270.867
238.4000	-0.0682284	270.999
238.3000	-0.0555481	271.13
238.2000	-0.0324259	271.258
238.1000	-0.0276809	271.394
238.0000	-0.026345	271.532
237.9000	-0.0511515	271.668
237.8000	-0.0557671	271.809
237.7000	-0.0516586	271.947
237.6000	-0.0477326	272.091
237.5000	-0.0376532	272.232
237.4000	-0.0458966	272.371
237.3000	-0.020805	272.511
237.2000	-0.0134081	272.655
237.1000	-0.0116423	272.795
237.0000	0.000775854	272.941
236.9000	-0.0107927	273.081
236.8000	-0.0179874	273.224
236.7000	-0.0129603	273.366
236.6000	-0.0321833	273.51
236.5000	-0.0102714	273.652
236.4000	-0.00801136	273.793
236.3000	-0.0272473	273.936
236.2000	-0.0286678	274.08
236.1000	-0.0296762	274.224
236.0000	-0.0116738	274.37
235.9000	-0.0119708	274.515
235.8000	-0.0124154	274.657
235.7000	0.00739718	274.799
235.6000	0.0149128	274.94
235.5000	0.0105761	275.08
235.4000	-0.0137726	275.219
235.3000	-0.02683	275.356
235.2000	-0.0296394	275.494
235.1000	-0.0282384	275.636
235.0000	-0.0452754	275.779
234.9000	-0.0667972	275.917
234.8000	-0.0786252	276.06
234.7000	-0.0591035	276.205
234.6000	-0.074696	276.348
234.5000	-0.0757602	276.491
234.4000	-0.0604987	276.635
234.3000	-0.0509049	276.774
234.2000	0.00312775	276.913
234.1000	0.0110793	277.049
234.0000	0.0287674	277.185
233.9000	0.0435551	277.327
233.8000	0.0430184	277.469
233.7000	0.0282315	277.613
233.6000	0.0219946	277.762
233.5000	-0.00399351	277.911
233.4000	0.0125465	278.063
233.3000	0.00574713	278.214
233.2000	-0.0032261	278.366
233.1000	-0.00838513	278.513
233.0000	-0.0311859	278.658
232.9000	-0.0479259	278.806
232.8000	-0.0393155	278.95
232.7000	-0.0463198	279.095
232.6000	-0.0553918	279.241
232.5000	-0.0564968	279.382
232.4000	-0.0563825	279.528
232.3000	-0.0700191	279.675
232.2000	-0.0854984	279.821
232.1000	-0.096896	279.971
232.0000	-0.111583	280.123
231.9000	-0.116289	280.272
231.8000	-0.11217	280.425
231.7000	-0.105898	280.576
231.6000	-0.101521	280.729
231.5000	-0.0984793	280.883
231.4000	-0.127394	281.039
231.3000	-0.146986	281.195
231.2000	-0.168018	281.352
231.1000	-0.183584	281.508
231.0000	-0.180832	281.663
230.9000	-0.168694	281.814
230.8000	-0.147442	281.964
230.7000	-0.146104	282.112
230.6000	-0.152953	282.26
230.5000	-0.129391	282.406
230.4000	-0.148907	282.548
230.3000	-0.174084	282.695
230.2000	-0.176472	282.841
230.1000	-0.170223	282.984
230.0000	-0.144087	283.128
229.9000	-0.144906	283.272
229.8000	-0.175863	283.419
229.7000	-0.150561	283.565
229.6000	-0.138649	283.715
229.5000	-0.129757	283.868
229.4000	-0.15448	284.024
229.3000	-0.169357	284.18
229.2000	-0.180519	284.337
229.1000	-0.161229	284.497
229.0000	-0.162668	284.66
228.9000	-0.181318	284.819
228.8000	-0.21054	284.983
228.7000	-0.218012	285.145
228.6000	-0.231957	285.311
228.5000	-0.202458	285.475
228.4000	-0.2271	285.638
228.3000	-0.220814	285.801
228.2000	-0.216335	285.964
228.1000	-0.229749	286.123
228.0000	-0.276046	286.286
227.9000	-0.272841	286.446
227.8000	-0.288965	286.609
227.7000	-0.265282	286.77
227.6000	-0.244242	286.932
227.5000	-0.22958	287.09
227.4000	-0.210585	287.247
227.3000	-0.177862	287.399
227.2000	-0.173604	287.553
227.1000	-0.188245	287.703
227.0000	-0.22331	287.85
226.9000	-0.25689	287.994
226.8000	-0.288544	288.138
226.7000	-0.278791	288.291
226.6000	-0.282163	288.44
226.5000	-0.249819	288.591
226.4000	-0.26625	288.737
226.3000	-0.298393	288.885
226.2000	-0.307225	289.036
226.1000	-0.312566	289.185
226.0000	-0.311159	289.327
225.9000	-0.27709	289.469
225.8000	-0.314311	289.608
225.7000	-0.267904	289.751
225.6000	-0.284356	289.889
225.5000	-0.284344	290.028
225.4000	-0.256657	290.169
225.3000	-0.264713	290.311
225.2000	-0.286171	290.452
225.1000	-0.304553	290.595
225.0000	-0.327905	290.737
224.9000	-0.29695	290.881
224.8000	-0.269422	291.025
224.7000	-0.254772	291.165
224.6000	-0.259305	291.313
224.5000	-0.266709	291.461
224.4000	-0.23556	291.607
224.3000	-0.183933	291.755
224.2000	-0.212585	291.901
224.1000	-0.255345	292.045
224.0000	-0.262984	292.193
223.9000	-0.229117	292.337
223.8000	-0.219474	292.486
223.7000	-0.249113	292.633
223.6000	-0.29224	292.781
223.5000	-0.218685	292.933
223.4000	-0.21778	293.087
223.3000	-0.240153	293.241
223.2000	-0.269197	293.39
223.1000	-0.287008	293.537
223.0000	-0.291234	293.686
222.9000	-0.320108	293.841
222.8000	-0.368606	293.995
222.7000	-0.376941	294.142
222.6000	-0.39635	294.293
222.5000	-0.426965	294.447
222.4000	-0.450994	294.603
222.3000	-0.445521	294.758
222.2000	-0.432125	294.908
222.1000	-0.447639	295.056
222.0000	-0.423032	295.21
221.9000	-0.41548	295.359
221.8000	-0.420599	295.51
221.7000	-0.387324	295.656
221.6000	-0.380607	295.805
221.5000	-0.390293	295.952
221.4000	-0.412963	296.104
221.3000	-0.444508	296.247
221.2000	-0.46988	296.395
221.1000	-0.424676	296.542
221.0000	-0.371507	296.691
220.9000	-0.365405	296.838
220.8000	-0.359764	296.987
220.7000	-0.341048	297.132
220.6000	-0.308565	297.275
220.5000	-0.275124	297.415
220.4000	-0.300709	297.552
220.3000	-0.323929	297.69
220.2000	-0.339551	297.825
220.1000	-0.327964	297.959
220.0000	-0.311665	298.096
219.9000	-0.307834	298.231
219.8000	-0.316528	298.365
219.7000	-0.338503	298.504
219.6000	-0.350703	298.639
219.5000	-0.356227	298.773
219.4000	-0.360958	298.91
219.3000	-0.373266	299.041
219.2000	-0.364338	299.181
219.1000	-0.331531	299.315
219.0000	-0.317115	299.448
218.9000	-0.300705	299.584
218.8000	-0.282555	299.718
218.7000	-0.259737	299.852
218.6000	-0.278	299.989
218.5000	-0.309824	300.126
218.4000	-0.325529	300.271
218.3000	-0.308992	300.412
218.2000	-0.331479	300.553
218.1000	-0.319561	300.697
218.0000	-0.313294	300.842
217.9000	-0.305697	300.986
217.8000	-0.295928	301.127
217.7000	-0.292927	301.271
217.6000	-0.319207	301.417
217.5000	-0.32552	301.556
217.4000	-0.406747	301.703
217.3000	-0.409599	301.85
217.2000	-0.387299	301.998
217.1000	-0.395846	302.141
217.0000	-0.41794	302.282
216.9000	-0.394531	302.428
216.8000	-0.34469	302.576
216.7000	-0.270522	302.716
216.6000	-0.286324	302.862
216.5000	-0.313715	303.01
216.4000	-0.331206	303.162
216.3000	-0.305142	303.313
216.2000	-0.311765	303.465
216.1000	-0.39103	303.619
216.0000	-0.39266	303.766
215.9000	-0.383836	303.905
215.8000	-0.369823	304.045
215.7000	-0.369936	304.183
215.6000	-0.361199	304.316
215.5000	-0.38041	304.445
215.4000	-0.341198	304.577
215.3000	-0.355626	304.713
215.2000	-0.355713	304.85
215.1000	-0.32507	304.98
215.0000	-0.349732	305.112
214.9000	-0.334319	305.244
214.8000	-0.346703	305.372
214.7000	-0.360972	305.497
214.6000	-0.341036	305.623
214.5000	-0.357442	305.755
214.4000	-0.338421	305.888
214.3000	-0.30401	306.018
214.2000	-0.311726	306.155
214.1000	-0.275006	306.288
214.0000	-0.258545	306.42
213.9000	-0.249123	306.549
213.8000	-0.243995	306.678
213.7000	-0.257762	306.81
213.6000	-0.267428	306.946
213.5000	-0.283159	307.078
213.4000	-0.3238	307.219
213.3000	-0.38053	307.363
213.2000	-0.477094	307.51
213.1000	-0.485658	307.657
213.0000	-0.544844	307.804
212.9000	-0.530699	307.952
212.8000	-0.491793	308.105
212.7000	-0.479388	308.255
212.6000	-0.4487	308.411
212.5000	-0.409873	308.565
212.4000	-0.386349	308.726
212.3000	-0.350823	308.889
212.2000	-0.343344	309.05
212.1000	-0.365598	309.212
212.0000	-0.340464	309.378
211.9000	-0.314687	309.542
211.8000	-0.26752	309.707
211.7000	-0.290382	309.869
211.6000	-0.312245	310.031
211.5000	-0.369305	310.192
211.4000	-0.400934	310.356
211.3000	-0.42841	310.522
211.2000	-0.408906	310.679
211.1000	-0.454344	310.841
211.0000	-0.449144	310.999
210.9000	-0.429195	311.158
210.8000	-0.397949	311.315
210.7000	-0.383561	311.47
210.6000	-0.39929	311.624
210.5000	-0.457349	311.783
210.4000	-0.445169	311.944
210.3000	-0.452539	312.106
210.2000	-0.451271	312.269
210.1000	-0.427693	312.439
210.0000	-0.441165	312.61
209.9000	-0.449598	312.779
209.8000	-0.414965	312.951
209.7000	-0.453054	313.114
209.6000	-0.411696	313.282
209.5000	-0.439093	313.444
209.4000	-0.481465	313.607
209.3000	-0.452489	313.774
209.2000	-0.425845	313.944
209.1000	-0.448093	314.11
209.0000	-0.442473	314.284
208.9000	-0.489413	314.457
208.8000	-0.453955	314.637
208.7000	-0.414597	314.815
208.6000	-0.419992	314.993
208.5000	-0.438802	315.174
208.4000	-0.406762	315.356
208.3000	-0.340543	315.538
208.2000	-0.339905	315.724
208.1000	-0.34664	315.905
208.0000	-0.416124	316.092
207.9000	-0.415279	316.28
207.8000	-0.399066	316.47
207.7000	-0.44625	316.663
207.6000	-0.511505	316.856
207.5000	-0.454529	317.054
207.4000	-0.435158	317.253
207.3000	-0.402225	317.45
207.2000	-0.440973	317.647
207.1000	-0.421207	317.846
207.0000	-0.413375	318.039
206.9000	-0.414057	318.232
206.8000	-0.443347	318.422
206.7000	-0.430925	318.619
206.6000	-0.411859	318.817
206.5000	-0.345475	319.007
206.4000	-0.350212	319.198
206.3000	-0.335127	319.393
206.2000	-0.355117	319.589
206.1000	-0.401877	319.778
206.0000	-0.482271	319.961
205.9000	-0.588116	320.152
205.8000	-0.643585	320.352
205.7000	-0.68841	320.55
205.6000	-0.715822	320.746
205.5000	-0.693219	320.943
205.4000	-0.640695	321.146
205.3000	-0.587407	321.345
205.2000	-0.500787	321.544
205.1000	-0.458822	321.742
205.0000	-0.401656	321.941
204.9000	-0.416812	322.142
204.8000	-0.40917	322.345
204.7000	-0.352649	322.555
204.6000	-0.326425	322.768
204.5000	-0.37359	322.978
204.4000	-0.359879	323.192
204.3000	-0.340384	323.404
204.2000	-0.357221	323.625
204.1000	-0.392224	323.843
204.0000	-0.48195	324.064
203.9000	-0.499478	324.285
203.8000	-0.519655	324.509
203.7000	-0.584603	324.734
203.6000	-0.55972	324.963
203.5000	-0.605099	325.188
203.4000	-0.616465	325.422
203.3000	-0.629151	325.655
203.2000	-0.645041	325.892
203.1000	-0.630348	326.126
203.0000	-0.624231	326.362
202.9000	-0.673493	326.6
202.8000	-0.604456	326.843
202.7000	-0.559787	327.083
202.6000	-0.537555	327.322
202.5000	-0.525493	327.563
202.4000	-0.479999	327.814
202.3000	-0.463435	328.064
202.2000	-0.359285	328.317
202.1000	-0.400489	328.573
202.0000	-0.509593	328.83
201.9000	-0.517247	329.092
201.8000	-0.587706	329.355
201.7000	-0.622412	329.62
201.6000	-0.673143	329.887
201.5000	-0.751832	330.154
201.4000	-0.694443	330.422
201.3000	-0.672804	330.696
201.2000	-0.692323	330.975
201.1000	-0.648636	331.252
201.0000	-0.683368	331.535
200.9000	-0.65493	331.821
200.8000	-0.685364	332.113
200.7000	-0.70229	332.409
200.6000	-0.65543	332.705
200.5000	-0.69409	333.003
200.4000	-0.68885	333.309
200.3000	-0.667987	333.608
200.2000	-0.717712	333.912
200.1000	-0.707006	334.22
200.0000	-0.715754	334.534
199.9000	-0.697931	334.847
199.8000	-0.672323	335.161
199.7000	-0.700994	335.483
199.6000	-0.670884	335.813
199.5000	-0.640619	336.136
199.4000	-0.637663	336.467
199.3000	-0.623124	336.797
199.2000	-0.610582	337.132
199.1000	-0.588575	337.468
199.0000	-0.57639	337.798
198.9000	-0.556057	338.128
198.8000	-0.504037	338.47
198.7000	-0.524435	338.803
198.6000	-0.558062	339.141
198.5000	-0.516257	339.485
198.4000	-0.508032	339.831
198.3000	-0.558154	340.19
198.2000	-0.631239	340.552
198.1000	-0.65395	340.916
198.0000	-0.672575	341.286
197.9000	-0.646301	341.664
197.8000	-0.633085	342.043
197.7000	-0.597328	342.429
197.6000	-0.56643	342.817
197.5000	-0.535939	343.215
197.4000	-0.548368	343.615
197.3000	-0.483795	344.02
197.2000	-0.495805	344.431
197.1000	-0.501285	344.85
197.0000	-0.539065	345.274
196.9000	-0.486822	345.705
196.8000	-0.440152	346.134
196.7000	-0.454816	346.568
196.6000	-0.43249	347.002
196.5000	-0.444906	347.436
196.4000	-0.450184	347.872
196.3000	-0.384454	348.314
196.2000	-0.434438	348.757
196.1000	-0.463289	349.203
196.0000	-0.470155	349.651
195.9000	-0.486646	350.106
195.8000	-0.465627	350.566
195.7000	-0.471984	351.023
195.6000	-0.477411	351.474
195.5000	-0.523622	351.924
195.4000	-0.481968	352.383
195.3000	-0.411424	352.854
195.2000	-0.394144	353.337
195.1000	-0.410672	353.834
195.0000	-0.420897	354.354
194.9000	-0.339708	354.893
194.8000	-0.252053	355.452
194.7000	-0.307432	356.025
194.6000	-0.38216	356.609
194.5000	-0.325728	357.196
194.4000	-0.309529	357.794
194.3000	-0.360773	358.397
194.2000	-0.482121	359.005
194.1000	-0.4617	359.618
194.0000	-0.430428	360.237
193.9000	-0.417501	360.86
193.8000	-0.45135	361.494
193.7000	-0.38198	362.13
193.6000	-0.29977	362.774
193.5000	-0.301014	363.423
193.4000	-0.387286	364.082
193.3000	-0.404172	364.749
193.2000	-0.457229	365.426
193.1000	-0.460093	366.105
193.0000	-0.560299	366.79
192.9000	-0.574111	367.479
192.8000	-0.567143	368.175
192.7000	-0.478638	368.875
192.6000	-0.424706	369.58
192.5000	-0.403403	370.296
192.4000	-0.333585	371.022
192.3000	-0.224921	371.754
192.2000	-0.113315	372.499
192.1000	-0.0973401	373.255
192.0000	-0.138557	374.02
191.9000	-0.180032	374.789
191.8000	-0.200468	375.559
191.7000	-0.270306	376.338
191.6000	-0.335024	377.13
191.5000	-0.385259	377.926
191.4000	-0.303501	378.726
191.3000	-0.229267	379.538
191.2000	-0.085224	380.361
191.1000	0.00946695	381.188
191.0000	-0.0315997	382.019
190.9000	0.00513544	382.86
190.8000	-0.0723965	383.714
190.7000	-0.136244	384.579
190.6000	-0.140488	385.453
190.5000	-0.34111	386.335
190.4000	-0.424061	387.237
190.3000	-0.265103	388.149
190.2000	-0.23727	389.077
190.1000	-0.0897174	390.012
190.0000	-0.0883927	390.957
189.9000	-0.130059	391.915
189.8000	0.0353418	392.891
189.7000	0.0693969	393.875
189.6000	-0.0407274	394.882
189.5000	-0.125242	395.894
189.4000	-0.178365	396.926
189.3000	-0.168427	397.973
189.2000	-0.152253	399.045
189.1000	-0.209212	400.131
189.0000	-0.113986	401.241
188.9000	-0.0349065	402.362
188.8000	-0.00151942	403.519
188.7000	-0.0369094	404.7
188.6000	0.00168035	405.904
188.5000	0.0244188	407.128
188.4000	0.102164	408.383
188.3000	-0.00885626	409.667
188.2000	0.00347743	410.979
188.1000	0.0601999	412.309
188.0000	0.211557	413.671
187.9000	0.23075	415.065
187.8000	0.222254	416.485
187.7000	0.242929	417.933
187.6000	0.134064	419.424
187.5000	-0.00275498	420.957
187.4000	-0.0552999	422.533
187.3000	-0.244384	424.153
187.2000	-0.28925	425.82
187.1000	-0.28651	427.544
187.0000	-0.276264	429.321
186.9000	-0.124281	431.143
186.8000	-0.0572105	433.022
186.7000	-0.0667103	434.955
186.6000	-0.0414299	436.946
186.5000	-0.0128629	438.994
186.4000	-0.0193506	441.09
186.3000	-0.0220922	443.249
186.2000	-0.0536658	445.466
186.1000	-0.0416912	447.74
186.0000	-0.0655716	450.076
185.9000	0.0562273	452.484
185.8000	-0.0447569	454.971
185.7000	0.0283385	457.544
185.6000	0.119041	460.214
185.5000	0.100093	462.983
185.4000	0.0162276	465.856
185.3000	-0.0118047	468.839
185.2000	0.07176	471.936
185.1000	0.286481	475.152
185.0000	0.275833	478.492
