TITLE	04_250626C_4days
DATA TYPE	
ORIGIN	JASCO
OWNER	
DATE	25/06/30
TIME	15:28:33
SPECTROMETER/DATA SYSTEM	JASCO Corp., J-715, Rev. 1.00
RESOLUTION	
DELTAX	-0.1
XUNITS	NANOMETERS
YUNITS	CD[mdeg]
Y2UNITS	HT[V]
FIRSTX	260.0000
LASTX	185.0000
NPOINTS	751
FIRSTY	0.13933
MAXY	0.43179
MINY	-0.74423
XYDATA
260.0000	0.139328	253.853
259.9000	0.141046	253.883
259.8000	0.154857	253.925
259.7000	0.139436	253.974
259.6000	0.136576	254.032
259.5000	0.133707	254.104
259.4000	0.107238	254.183
259.3000	0.109765	254.258
259.2000	0.116739	254.332
259.1000	0.132478	254.408
259.0000	0.168762	254.482
258.9000	0.166281	254.559
258.8000	0.169321	254.628
258.7000	0.189966	254.702
258.6000	0.200146	254.777
258.5000	0.17969	254.846
258.4000	0.180693	254.913
258.3000	0.169154	254.984
258.2000	0.155065	255.055
258.1000	0.136037	255.13
258.0000	0.153948	255.202
257.9000	0.147962	255.27
257.8000	0.156867	255.337
257.7000	0.16767	255.404
257.6000	0.189274	255.468
257.5000	0.200711	255.531
257.4000	0.194932	255.596
257.3000	0.198817	255.664
257.2000	0.186832	255.733
257.1000	0.157104	255.801
257.0000	0.129805	255.872
256.9000	0.117438	255.947
256.8000	0.118584	256.016
256.7000	0.128852	256.081
256.6000	0.0910699	256.147
256.5000	0.0954881	256.213
256.4000	0.107518	256.284
256.3000	0.118629	256.353
256.2000	0.104111	256.415
256.1000	0.0760652	256.484
256.0000	0.0640805	256.554
255.9000	0.0836154	256.624
255.8000	0.0736299	256.695
255.7000	0.0615686	256.76
255.6000	0.0423521	256.827
255.5000	0.0475536	256.898
255.4000	0.0716488	256.967
255.3000	0.0612867	257.037
255.2000	0.0599469	257.105
255.1000	0.0658753	257.173
255.0000	0.065395	257.24
254.9000	0.0680603	257.309
254.8000	0.0702523	257.375
254.7000	0.0839832	257.44
254.6000	0.0803438	257.501
254.5000	0.0717091	257.563
254.4000	0.0647801	257.625
254.3000	0.0781849	257.693
254.2000	0.0667684	257.763
254.1000	0.055029	257.833
254.0000	0.0241448	257.904
253.9000	0.0249905	257.977
253.8000	0.00467474	258.05
253.7000	0.00525763	258.128
253.6000	0.0290843	258.197
253.5000	0.0357181	258.267
253.4000	0.0458491	258.338
253.3000	0.0857897	258.409
253.2000	0.117624	258.482
253.1000	0.163739	258.558
253.0000	0.185203	258.629
252.9000	0.163049	258.703
252.8000	0.167604	258.77
252.7000	0.16439	258.843
252.6000	0.152283	258.915
252.5000	0.148253	258.988
252.4000	0.118577	259.062
252.3000	0.104133	259.136
252.2000	0.0967739	259.213
252.1000	0.113289	259.29
252.0000	0.10618	259.367
251.9000	0.0849036	259.443
251.8000	0.0768031	259.523
251.7000	0.0803716	259.596
251.6000	0.0832622	259.67
251.5000	0.101565	259.741
251.4000	0.094222	259.813
251.3000	0.0815238	259.885
251.2000	0.0828212	259.955
251.1000	0.0979823	260.027
251.0000	0.0885164	260.101
250.9000	0.0708478	260.179
250.8000	0.0678604	260.255
250.7000	0.0721936	260.333
250.6000	0.0641795	260.408
250.5000	0.0486587	260.484
250.4000	0.0510874	260.556
250.3000	0.0877909	260.628
250.2000	0.0926445	260.7
250.1000	0.120532	260.771
250.0000	0.123014	260.842
249.9000	0.149604	260.912
249.8000	0.158112	260.983
249.7000	0.147598	261.054
249.6000	0.143826	261.123
249.5000	0.145936	261.194
249.4000	0.128205	261.267
249.3000	0.128027	261.341
249.2000	0.0818888	261.415
249.1000	0.0719567	261.486
249.0000	0.0630672	261.558
248.9000	0.0523205	261.634
248.8000	0.0626105	261.71
248.7000	0.0554966	261.783
248.6000	0.0618684	261.856
248.5000	0.115714	261.932
248.4000	0.11016	262.009
248.3000	0.101243	262.086
248.2000	0.0672641	262.159
248.1000	0.06241	262.229
248.0000	0.0520897	262.304
247.9000	0.0567779	262.377
247.8000	0.0889418	262.447
247.7000	0.107801	262.52
247.6000	0.116702	262.592
247.5000	0.118076	262.661
247.4000	0.116218	262.734
247.3000	0.119699	262.805
247.2000	0.100355	262.876
247.1000	0.0576101	262.955
247.0000	0.0717548	263.032
246.9000	0.0751987	263.108
246.8000	0.0884019	263.189
246.7000	0.0618118	263.267
246.6000	0.0698748	263.346
246.5000	0.101283	263.43
246.4000	0.101746	263.505
246.3000	0.0819917	263.582
246.2000	0.088646	263.658
246.1000	0.0804382	263.731
246.0000	0.0973083	263.806
245.9000	0.111052	263.882
245.8000	0.0747939	263.955
245.7000	0.0690041	264.029
245.6000	0.0574301	264.102
245.5000	0.0436721	264.181
245.4000	0.0586753	264.259
245.3000	0.0604669	264.335
245.2000	0.052661	264.411
245.1000	0.0475114	264.49
245.0000	0.0604329	264.567
244.9000	0.0763615	264.643
244.8000	0.0675316	264.716
244.7000	0.0629244	264.791
244.6000	0.0511015	264.872
244.5000	0.0416912	264.947
244.4000	0.0606393	265.023
244.3000	0.068784	265.098
244.2000	0.0575078	265.181
244.1000	0.0812029	265.261
244.0000	0.085863	265.341
243.9000	0.0941118	265.419
243.8000	0.0923418	265.497
243.7000	0.0909969	265.577
243.6000	0.0976066	265.663
243.5000	0.114239	265.744
243.4000	0.10173	265.829
243.3000	0.0955326	265.92
243.2000	0.0901634	266.012
243.1000	0.102771	266.099
243.0000	0.0784936	266.186
242.9000	0.0470512	266.28
242.8000	0.0465271	266.373
242.7000	0.0426049	266.463
242.6000	0.0378144	266.549
242.5000	0.0438961	266.643
242.4000	0.0208144	266.738
242.3000	0.00785564	266.834
242.2000	0.0217053	266.927
242.1000	0.00690346	267.023
242.0000	0.0216121	267.126
241.9000	0.0279034	267.227
241.8000	0.0499137	267.326
241.7000	0.0918321	267.429
241.6000	0.145514	267.53
241.5000	0.178951	267.636
241.4000	0.182186	267.743
241.3000	0.177764	267.846
241.2000	0.179116	267.952
241.1000	0.146286	268.06
241.0000	0.127687	268.168
240.9000	0.0928799	268.277
240.8000	0.066795	268.38
240.7000	0.0656165	268.483
240.6000	0.0582936	268.591
240.5000	0.0688131	268.697
240.4000	0.0608936	268.802
240.3000	0.0271792	268.911
240.2000	0.00429451	269.022
240.1000	-0.019631	269.138
240.0000	-0.0252128	269.258
239.9000	-0.0515491	269.38
239.8000	-0.049644	269.5
239.7000	-0.018504	269.628
239.6000	0.00162597	269.752
239.5000	0.0283162	269.879
239.4000	0.0344284	270.007
239.3000	0.0417297	270.136
239.2000	0.0814388	270.264
239.1000	0.0582553	270.393
239.0000	0.0341199	270.524
238.9000	0.0391968	270.657
238.8000	0.021629	270.791
238.7000	0.012519	270.924
238.6000	-0.0107293	271.059
238.5000	-0.0466029	271.194
238.4000	-0.0275043	271.334
238.3000	0.00738601	271.468
238.2000	0.00310342	271.605
238.1000	0.0123819	271.745
238.0000	0.0157848	271.883
237.9000	0.0282265	272.02
237.8000	0.0685021	272.163
237.7000	0.0866001	272.3
237.6000	0.0427025	272.439
237.5000	0.0255498	272.577
237.4000	0.0611414	272.719
237.3000	0.0772412	272.859
237.2000	0.078627	272.997
237.1000	0.0398181	273.134
237.0000	0.0170256	273.278
236.9000	0.0338614	273.423
236.8000	0.0314919	273.566
236.7000	0.0197637	273.705
236.6000	0.0176837	273.849
236.5000	0.0383032	273.997
236.4000	0.0646939	274.144
236.3000	0.0647523	274.285
236.2000	0.079258	274.426
236.1000	0.0951479	274.571
236.0000	0.103301	274.715
235.9000	0.082096	274.861
235.8000	0.0473229	274.999
235.7000	0.0190146	275.14
235.6000	-0.0105483	275.281
235.5000	-0.0388928	275.421
235.4000	-0.0608874	275.558
235.3000	-0.0980623	275.698
235.2000	-0.0909482	275.834
235.1000	-0.0976754	275.976
235.0000	-0.0818707	276.117
234.9000	-0.0561843	276.264
234.8000	-0.0467929	276.407
234.7000	-0.0465564	276.554
234.6000	-0.0366236	276.702
234.5000	-0.0110251	276.851
234.4000	-0.0160257	276.998
234.3000	-0.00316948	277.142
234.2000	0.0026755	277.285
234.1000	0.00939518	277.434
234.0000	-0.0137058	277.577
233.9000	-0.0568002	277.722
233.8000	-0.0682419	277.868
233.7000	-0.0620782	278.015
233.6000	-0.095207	278.163
233.5000	-0.110897	278.31
233.4000	-0.108471	278.451
233.3000	-0.0687271	278.598
233.2000	-0.0548122	278.739
233.1000	-0.0559347	278.882
233.0000	-0.0645816	279.025
232.9000	-0.0543808	279.168
232.8000	-0.0599225	279.312
232.7000	-0.0662431	279.463
232.6000	-0.0816266	279.612
232.5000	-0.0746821	279.76
232.4000	-0.0898711	279.909
232.3000	-0.108187	280.062
232.2000	-0.132699	280.213
232.1000	-0.14435	280.367
232.0000	-0.128194	280.517
231.9000	-0.136558	280.667
231.8000	-0.124871	280.82
231.7000	-0.11074	280.974
231.6000	-0.0648235	281.129
231.5000	-0.0399634	281.283
231.4000	-0.0425267	281.441
231.3000	-0.0743248	281.598
231.2000	-0.0863396	281.755
231.1000	-0.0912684	281.909
231.0000	-0.102735	282.061
230.9000	-0.117821	282.211
230.8000	-0.139115	282.36
230.7000	-0.109261	282.503
230.6000	-0.0854135	282.65
230.5000	-0.076733	282.796
230.4000	-0.0953235	282.941
230.3000	-0.0840947	283.09
230.2000	-0.0782182	283.235
230.1000	-0.0948285	283.382
230.0000	-0.113616	283.531
229.9000	-0.0975502	283.685
229.8000	-0.102055	283.839
229.7000	-0.1091	283.994
229.6000	-0.17278	284.147
229.5000	-0.214115	284.304
229.4000	-0.228362	284.459
229.3000	-0.243282	284.617
229.2000	-0.269957	284.769
229.1000	-0.297103	284.927
229.0000	-0.303095	285.085
228.9000	-0.27404	285.248
228.8000	-0.246951	285.413
228.7000	-0.202984	285.581
228.6000	-0.198018	285.744
228.5000	-0.207874	285.91
228.4000	-0.206932	286.075
228.3000	-0.177626	286.243
228.2000	-0.177378	286.405
228.1000	-0.199095	286.565
228.0000	-0.212263	286.725
227.9000	-0.220168	286.888
227.8000	-0.235096	287.048
227.7000	-0.218456	287.204
227.6000	-0.245222	287.361
227.5000	-0.233557	287.519
227.4000	-0.220446	287.679
227.3000	-0.239761	287.833
227.2000	-0.227086	287.989
227.1000	-0.22166	288.144
227.0000	-0.253045	288.296
226.9000	-0.272926	288.445
226.8000	-0.299549	288.595
226.7000	-0.30262	288.743
226.6000	-0.271018	288.89
226.5000	-0.270221	289.034
226.4000	-0.255398	289.18
226.3000	-0.203859	289.33
226.2000	-0.208659	289.476
226.1000	-0.20974	289.62
226.0000	-0.225112	289.764
225.9000	-0.243028	289.909
225.8000	-0.263354	290.054
225.7000	-0.302818	290.198
225.6000	-0.337525	290.339
225.5000	-0.328775	290.482
225.4000	-0.346113	290.624
225.3000	-0.321288	290.766
225.2000	-0.322124	290.906
225.1000	-0.272444	291.049
225.0000	-0.233106	291.19
224.9000	-0.213469	291.334
224.8000	-0.192749	291.478
224.7000	-0.170933	291.62
224.6000	-0.155861	291.765
224.5000	-0.153066	291.909
224.4000	-0.192199	292.052
224.3000	-0.179554	292.203
224.2000	-0.17058	292.349
224.1000	-0.179184	292.497
224.0000	-0.173831	292.643
223.9000	-0.184099	292.793
223.8000	-0.234152	292.944
223.7000	-0.24481	293.094
223.6000	-0.246849	293.235
223.5000	-0.261011	293.385
223.4000	-0.28558	293.536
223.3000	-0.317968	293.69
223.2000	-0.31175	293.84
223.1000	-0.288322	293.991
223.0000	-0.291358	294.141
222.9000	-0.323594	294.299
222.8000	-0.325944	294.451
222.7000	-0.350547	294.604
222.6000	-0.340625	294.757
222.5000	-0.363823	294.911
222.4000	-0.33782	295.064
222.3000	-0.331607	295.22
222.2000	-0.330201	295.373
222.1000	-0.323966	295.526
222.0000	-0.317264	295.678
221.9000	-0.285042	295.83
221.8000	-0.266997	295.983
221.7000	-0.279162	296.133
221.6000	-0.277608	296.279
221.5000	-0.265686	296.423
221.4000	-0.241717	296.577
221.3000	-0.216766	296.726
221.2000	-0.229743	296.87
221.1000	-0.246133	297.016
221.0000	-0.259882	297.162
220.9000	-0.293012	297.312
220.8000	-0.298747	297.459
220.7000	-0.302815	297.596
220.6000	-0.288274	297.733
220.5000	-0.298637	297.874
220.4000	-0.281319	298.014
220.3000	-0.318982	298.154
220.2000	-0.312753	298.289
220.1000	-0.369754	298.43
220.0000	-0.387901	298.57
219.9000	-0.45371	298.71
219.8000	-0.475057	298.85
219.7000	-0.471649	298.989
219.6000	-0.433178	299.127
219.5000	-0.429718	299.265
219.4000	-0.40513	299.398
219.3000	-0.405284	299.531
219.2000	-0.383701	299.668
219.1000	-0.365966	299.806
219.0000	-0.372499	299.941
218.9000	-0.363491	300.073
218.8000	-0.344325	300.211
218.7000	-0.358991	300.347
218.6000	-0.338519	300.486
218.5000	-0.345574	300.62
218.4000	-0.333711	300.76
218.3000	-0.35305	300.899
218.2000	-0.344838	301.041
218.1000	-0.29527	301.182
218.0000	-0.287623	301.324
217.9000	-0.300639	301.466
217.8000	-0.341594	301.61
217.7000	-0.36435	301.748
217.6000	-0.362237	301.891
217.5000	-0.415273	302.036
217.4000	-0.469246	302.177
217.3000	-0.464901	302.319
217.2000	-0.450827	302.468
217.1000	-0.407016	302.612
217.0000	-0.393125	302.756
216.9000	-0.380928	302.904
216.8000	-0.315182	303.049
216.7000	-0.273423	303.195
216.6000	-0.260412	303.341
216.5000	-0.256108	303.486
216.4000	-0.269797	303.631
216.3000	-0.302321	303.781
216.2000	-0.321095	303.924
216.1000	-0.340263	304.071
216.0000	-0.356426	304.214
215.9000	-0.354527	304.355
215.8000	-0.343148	304.498
215.7000	-0.33948	304.64
215.6000	-0.325099	304.773
215.5000	-0.286281	304.912
215.4000	-0.285734	305.048
215.3000	-0.3174	305.184
215.2000	-0.338332	305.318
215.1000	-0.368038	305.447
215.0000	-0.357664	305.579
214.9000	-0.339027	305.71
214.8000	-0.374437	305.835
214.7000	-0.404092	305.964
214.6000	-0.40419	306.089
214.5000	-0.39395	306.216
214.4000	-0.355516	306.346
214.3000	-0.339981	306.475
214.2000	-0.385835	306.602
214.1000	-0.403858	306.731
214.0000	-0.36888	306.863
213.9000	-0.375798	307
213.8000	-0.390839	307.134
213.7000	-0.427617	307.268
213.6000	-0.443123	307.404
213.5000	-0.42204	307.541
213.4000	-0.4126	307.683
213.3000	-0.421524	307.823
213.2000	-0.404192	307.963
213.1000	-0.395671	308.104
213.0000	-0.372971	308.253
212.9000	-0.349016	308.403
212.8000	-0.377641	308.554
212.7000	-0.403194	308.704
212.6000	-0.404025	308.862
212.5000	-0.381531	309.023
212.4000	-0.391729	309.183
212.3000	-0.37895	309.343
212.2000	-0.326672	309.504
212.1000	-0.305825	309.665
212.0000	-0.275189	309.827
211.9000	-0.268739	309.983
211.8000	-0.305625	310.14
211.7000	-0.308459	310.303
211.6000	-0.32729	310.461
211.5000	-0.370679	310.625
211.4000	-0.389224	310.786
211.3000	-0.432654	310.949
211.2000	-0.389321	311.111
211.1000	-0.360694	311.27
211.0000	-0.40058	311.426
210.9000	-0.412712	311.586
210.8000	-0.438964	311.744
210.7000	-0.409766	311.901
210.6000	-0.355591	312.056
210.5000	-0.423582	312.219
210.4000	-0.415311	312.384
210.3000	-0.374454	312.546
210.2000	-0.33533	312.704
210.1000	-0.360706	312.865
210.0000	-0.381009	313.029
209.9000	-0.4112	313.191
209.8000	-0.416659	313.349
209.7000	-0.462191	313.507
209.6000	-0.486294	313.669
209.5000	-0.511316	313.838
209.4000	-0.497297	314.003
209.3000	-0.54923	314.172
209.2000	-0.520199	314.342
209.1000	-0.467649	314.51
209.0000	-0.422213	314.682
208.9000	-0.41109	314.857
208.8000	-0.459115	315.029
208.7000	-0.399952	315.203
208.6000	-0.371903	315.378
208.5000	-0.406647	315.558
208.4000	-0.431502	315.742
208.3000	-0.442773	315.921
208.2000	-0.42552	316.101
208.1000	-0.382991	316.289
208.0000	-0.427956	316.477
207.9000	-0.425988	316.663
207.8000	-0.430342	316.85
207.7000	-0.428993	317.041
207.6000	-0.439739	317.235
207.5000	-0.467957	317.428
207.4000	-0.475097	317.62
207.3000	-0.500234	317.81
207.2000	-0.466897	318.005
207.1000	-0.424662	318.198
207.0000	-0.42139	318.39
206.9000	-0.394325	318.585
206.8000	-0.369529	318.776
206.7000	-0.369959	318.971
206.6000	-0.392759	319.163
206.5000	-0.380396	319.356
206.4000	-0.360309	319.542
206.3000	-0.328006	319.728
206.2000	-0.337054	319.916
206.1000	-0.390907	320.104
206.0000	-0.391365	320.293
205.9000	-0.379763	320.484
205.8000	-0.45759	320.671
205.7000	-0.533279	320.862
205.6000	-0.622179	321.054
205.5000	-0.651747	321.24
205.4000	-0.625569	321.43
205.3000	-0.644936	321.622
205.2000	-0.661204	321.816
205.1000	-0.631947	322.011
205.0000	-0.618747	322.21
204.9000	-0.609769	322.411
204.8000	-0.636081	322.613
204.7000	-0.661953	322.818
204.6000	-0.648707	323.022
204.5000	-0.64871	323.229
204.4000	-0.654079	323.441
204.3000	-0.664366	323.653
204.2000	-0.628149	323.867
204.1000	-0.609162	324.086
204.0000	-0.600008	324.3
203.9000	-0.614354	324.522
203.8000	-0.666285	324.746
203.7000	-0.672981	324.969
203.6000	-0.673814	325.19
203.5000	-0.735109	325.412
203.4000	-0.743052	325.636
203.3000	-0.744227	325.863
203.2000	-0.740223	326.091
203.1000	-0.596749	326.319
203.0000	-0.573574	326.551
202.9000	-0.562548	326.782
202.8000	-0.507336	327.018
202.7000	-0.486396	327.255
202.6000	-0.468156	327.49
202.5000	-0.440556	327.727
202.4000	-0.494917	327.973
202.3000	-0.483961	328.211
202.2000	-0.462789	328.456
202.1000	-0.499229	328.702
202.0000	-0.534309	328.953
201.9000	-0.542408	329.206
201.8000	-0.58145	329.459
201.7000	-0.579094	329.71
201.6000	-0.554596	329.969
201.5000	-0.580098	330.229
201.4000	-0.559823	330.489
201.3000	-0.477716	330.756
201.2000	-0.503563	331.028
201.1000	-0.542005	331.304
201.0000	-0.566099	331.58
200.9000	-0.678248	331.866
200.8000	-0.64254	332.153
200.7000	-0.675928	332.444
200.6000	-0.650959	332.731
200.5000	-0.595242	333.022
200.4000	-0.588075	333.318
200.3000	-0.559168	333.623
200.2000	-0.523533	333.926
200.1000	-0.480439	334.236
200.0000	-0.496753	334.543
199.9000	-0.566687	334.862
199.8000	-0.575704	335.178
199.7000	-0.583034	335.493
199.6000	-0.625367	335.806
199.5000	-0.613747	336.124
199.4000	-0.656142	336.439
199.3000	-0.601963	336.759
199.2000	-0.569744	337.076
199.1000	-0.589961	337.402
199.0000	-0.580001	337.725
198.9000	-0.57132	338.054
198.8000	-0.560245	338.386
198.7000	-0.564899	338.721
198.6000	-0.592775	339.062
198.5000	-0.58928	339.402
198.4000	-0.5412	339.741
198.3000	-0.505626	340.085
198.2000	-0.475049	340.436
198.1000	-0.425953	340.789
198.0000	-0.421626	341.145
197.9000	-0.42745	341.509
197.8000	-0.449551	341.882
197.7000	-0.454891	342.26
197.6000	-0.467932	342.648
197.5000	-0.530705	343.041
197.4000	-0.540454	343.439
197.3000	-0.550564	343.845
197.2000	-0.589867	344.25
197.1000	-0.602822	344.664
197.0000	-0.619846	345.084
196.9000	-0.626531	345.502
196.8000	-0.585293	345.924
196.7000	-0.571843	346.346
196.6000	-0.538746	346.769
196.5000	-0.445167	347.197
196.4000	-0.377384	347.624
196.3000	-0.316917	348.058
196.2000	-0.285323	348.491
196.1000	-0.381803	348.926
196.0000	-0.461327	349.369
195.9000	-0.518534	349.819
195.8000	-0.614814	350.262
195.7000	-0.60003	350.708
195.6000	-0.623484	351.152
195.5000	-0.652507	351.604
195.4000	-0.57001	352.056
195.3000	-0.489042	352.515
195.2000	-0.492895	352.989
195.1000	-0.451168	353.485
195.0000	-0.5171	354
194.9000	-0.499529	354.535
194.8000	-0.515609	355.082
194.7000	-0.543145	355.65
194.6000	-0.594493	356.225
194.5000	-0.582339	356.807
194.4000	-0.561865	357.394
194.3000	-0.499141	357.989
194.2000	-0.501595	358.584
194.1000	-0.456696	359.191
194.0000	-0.436333	359.802
193.9000	-0.442223	360.427
193.8000	-0.357245	361.058
193.7000	-0.340144	361.692
193.6000	-0.338752	362.328
193.5000	-0.314506	362.975
193.4000	-0.382796	363.629
193.3000	-0.369891	364.289
193.2000	-0.325859	364.954
193.1000	-0.316309	365.626
193.0000	-0.327259	366.304
192.9000	-0.409365	366.996
192.8000	-0.400304	367.691
192.7000	-0.390232	368.389
192.6000	-0.409746	369.091
192.5000	-0.415666	369.802
192.4000	-0.405379	370.517
192.3000	-0.395324	371.242
192.2000	-0.340762	371.969
192.1000	-0.335798	372.706
192.0000	-0.320179	373.457
191.9000	-0.323767	374.22
191.8000	-0.415219	374.987
191.7000	-0.486408	375.764
191.6000	-0.54196	376.552
191.5000	-0.575958	377.352
191.4000	-0.553776	378.158
191.3000	-0.510811	378.968
191.2000	-0.418063	379.78
191.1000	-0.406449	380.604
191.0000	-0.346723	381.434
190.9000	-0.283017	382.272
190.8000	-0.19894	383.117
190.7000	-0.161702	383.979
190.6000	-0.185965	384.848
190.5000	-0.147467	385.735
190.4000	-0.167775	386.628
190.3000	-0.212481	387.535
190.2000	-0.21584	388.454
190.1000	-0.271046	389.39
190.0000	-0.323273	390.326
189.9000	-0.381975	391.284
189.8000	-0.445283	392.246
189.7000	-0.280694	393.23
189.6000	-0.265419	394.229
189.5000	-0.302812	395.245
189.4000	-0.190821	396.273
189.3000	-0.229591	397.324
189.2000	-0.167972	398.394
189.1000	-0.097732	399.491
189.0000	-0.276902	400.6
188.9000	-0.202909	401.731
188.8000	-0.149919	402.89
188.7000	-0.271554	404.077
188.6000	-0.229636	405.286
188.5000	-0.210314	406.521
188.4000	-0.251607	407.78
188.3000	-0.147626	409.071
188.2000	-0.239717	410.382
188.1000	-0.204368	411.713
188.0000	-0.0610702	413.073
187.9000	-0.0651332	414.464
187.8000	-0.221923	415.887
187.7000	-0.180356	417.348
187.6000	-0.132675	418.851
187.5000	-0.0877758	420.402
187.4000	-0.152483	421.994
187.3000	-0.190011	423.639
187.2000	-0.235188	425.333
187.1000	-0.0794411	427.079
187.0000	-0.0917313	428.873
186.9000	-0.143167	430.725
186.8000	-0.150777	432.632
186.7000	-0.370715	434.603
186.6000	-0.333248	436.623
186.5000	-0.248701	438.698
186.4000	-0.237246	440.827
186.3000	-0.110343	443.014
186.2000	0.0106144	445.249
186.1000	0.0907915	447.549
186.0000	0.368265	449.908
185.9000	0.370919	452.346
185.8000	0.4188	454.862
185.7000	0.43179	457.485
185.6000	0.253394	460.202
185.5000	0.137035	463.036
185.4000	0.0582171	465.974
185.3000	-0.0134014	469.04
185.2000	-0.191919	472.214
185.1000	-0.266715	475.521
185.0000	-0.267225	478.924
