TITLE	04_250626G
DATA TYPE	
ORIGIN	JASCO
OWNER	
DATE	25/06/26
TIME	16:24:22
SPECTROMETER/DATA SYSTEM	JASCO Corp., J-715, Rev. 1.00
RESOLUTION	
DELTAX	-0.1
XUNITS	NANOMETERS
YUNITS	CD[mdeg]
Y2UNITS	HT[V]
FIRSTX	260.0000
LASTX	185.0000
NPOINTS	751
FIRSTY	0.11678
MAXY	0.49199
MINY	-0.90072
XYDATA
260.0000	0.116782	253.779
259.9000	0.128253	253.81
259.8000	0.122865	253.852
259.7000	0.114854	253.901
259.6000	0.101715	253.961
259.5000	0.107569	254.03
259.4000	0.111998	254.118
259.3000	0.0827149	254.19
259.2000	0.10709	254.261
259.1000	0.116919	254.339
259.0000	0.136278	254.412
258.9000	0.13242	254.483
258.8000	0.136807	254.552
258.7000	0.1314	254.624
258.6000	0.140113	254.699
258.5000	0.13382	254.771
258.4000	0.108968	254.835
258.3000	0.0856256	254.902
258.2000	0.0795633	254.975
258.1000	0.0517483	255.052
258.0000	0.0527327	255.12
257.9000	0.0604389	255.191
257.8000	0.0337491	255.259
257.7000	0.0406412	255.328
257.6000	0.0690915	255.398
257.5000	0.0704587	255.465
257.4000	0.0940832	255.532
257.3000	0.112043	255.596
257.2000	0.137951	255.656
257.1000	0.171179	255.723
257.0000	0.162873	255.795
256.9000	0.124882	255.867
256.8000	0.115703	255.935
256.7000	0.0924168	256.003
256.6000	0.105441	256.073
256.5000	0.0791043	256.147
256.4000	0.0695921	256.217
256.3000	0.0950868	256.287
256.2000	0.114854	256.358
256.1000	0.129178	256.426
256.0000	0.120841	256.494
255.9000	0.103482	256.563
255.8000	0.112098	256.633
255.7000	0.0958507	256.702
255.6000	0.0980437	256.767
255.5000	0.108904	256.833
255.4000	0.126621	256.904
255.3000	0.140924	256.973
255.2000	0.133195	257.039
255.1000	0.123815	257.106
255.0000	0.138835	257.177
254.9000	0.145861	257.244
254.8000	0.14714	257.31
254.7000	0.111861	257.373
254.6000	0.118761	257.439
254.5000	0.100115	257.506
254.4000	0.0898669	257.567
254.3000	0.0677514	257.632
254.2000	0.0515078	257.705
254.1000	0.0556295	257.777
254.0000	0.0587386	257.847
253.9000	0.0447065	257.915
253.8000	0.0410038	257.988
253.7000	0.0733907	258.063
253.6000	0.0859621	258.134
253.5000	0.0839636	258.203
253.4000	0.0831157	258.273
253.3000	0.0942434	258.342
253.2000	0.0840033	258.419
253.1000	0.0954243	258.49
253.0000	0.0818032	258.562
252.9000	0.109919	258.632
252.8000	0.113946	258.701
252.7000	0.123412	258.772
252.6000	0.0801004	258.844
252.5000	0.0661579	258.914
252.4000	0.0501543	258.984
252.3000	0.0423908	259.056
252.2000	0.0333418	259.133
252.1000	0.0245822	259.208
252.0000	0.0121698	259.282
251.9000	0.0377129	259.358
251.8000	0.0462338	259.432
251.7000	0.0525882	259.507
251.6000	0.0361577	259.579
251.5000	0.0251492	259.651
251.4000	0.0124281	259.724
251.3000	-0.00826021	259.799
251.2000	0.0160689	259.873
251.1000	0.0174498	259.951
251.0000	0.0256745	260.028
250.9000	0.035387	260.106
250.8000	0.0583425	260.183
250.7000	0.0547623	260.259
250.6000	0.0633198	260.335
250.5000	0.0410515	260.411
250.4000	0.0315073	260.483
250.3000	0.0311971	260.553
250.2000	0.0100029	260.62
250.1000	-0.0281587	260.693
250.0000	-0.0255314	260.763
249.9000	-0.0118223	260.829
249.8000	0.000836949	260.898
249.7000	0.00922432	260.972
249.6000	0.0177992	261.046
249.5000	0.0418842	261.12
249.4000	0.0488495	261.185
249.3000	0.0365255	261.259
249.2000	0.0489769	261.337
249.1000	0.0382716	261.406
249.0000	0.0394772	261.474
248.9000	0.0216347	261.547
248.8000	0.0303189	261.625
248.7000	0.0263515	261.698
248.6000	0.040062	261.768
248.5000	0.0300087	261.84
248.4000	0.024608	261.911
248.3000	0.0133949	261.985
248.2000	0.0220632	262.056
248.1000	-0.00208964	262.124
248.0000	0.0155839	262.197
247.9000	0.00542626	262.27
247.8000	0.0232634	262.337
247.7000	0.0256735	262.412
247.6000	0.0450209	262.482
247.5000	0.0402461	262.554
247.4000	0.0562087	262.629
247.3000	0.0658346	262.707
247.2000	0.0700563	262.782
247.1000	0.0559608	262.863
247.0000	0.0635535	262.94
246.9000	0.0690271	263.016
246.8000	0.0691002	263.092
246.7000	0.0552393	263.17
246.6000	0.0530049	263.247
246.5000	0.0467074	263.33
246.4000	0.0446533	263.408
246.3000	0.0463895	263.489
246.2000	0.0519104	263.57
246.1000	0.0420277	263.65
246.0000	0.0360978	263.725
245.9000	-0.00106717	263.799
245.8000	0.00917266	263.875
245.7000	0.00358	263.951
245.6000	0.0144447	264.028
245.5000	0.00879938	264.105
245.4000	0.0130157	264.181
245.3000	0.0233062	264.257
245.2000	0.0549396	264.334
245.1000	0.0688215	264.407
245.0000	0.0853978	264.482
244.9000	0.0923316	264.557
244.8000	0.0915197	264.632
244.7000	0.10665	264.708
244.6000	0.118833	264.788
244.5000	0.128735	264.865
244.4000	0.0872523	264.941
244.3000	0.0764827	265.019
244.2000	0.0322397	265.095
244.1000	0.0272073	265.176
244.0000	0.0131898	265.256
243.9000	0.00483816	265.337
243.8000	-0.0090532	265.417
243.7000	0.00659898	265.503
243.6000	-0.00501052	265.583
243.5000	0.0192031	265.672
243.4000	0.0409327	265.758
243.3000	0.0105441	265.846
243.2000	0.000109275	265.934
243.1000	0.0164414	266.021
243.0000	0.0218774	266.105
242.9000	0.039646	266.196
242.8000	0.0341542	266.285
242.7000	0.0294618	266.374
242.6000	0.0517646	266.465
242.5000	0.053401	266.559
242.4000	0.0208969	266.655
242.3000	0.00553727	266.758
242.2000	-0.0141015	266.855
242.1000	-0.0182499	266.951
242.0000	-0.0264771	267.052
241.9000	-0.0277214	267.149
241.8000	-0.0135385	267.249
241.7000	-0.00230099	267.354
241.6000	-0.00948211	267.456
241.5000	0.0180081	267.557
241.4000	0.0289008	267.661
241.3000	0.0582966	267.765
241.2000	0.0497808	267.874
241.1000	0.0501213	267.981
241.0000	0.0358418	268.083
240.9000	0.0238972	268.185
240.8000	0.0277139	268.293
240.7000	0.0187948	268.396
240.6000	-0.0111612	268.502
240.5000	-0.0202293	268.606
240.4000	-0.00562891	268.71
240.3000	-0.0193698	268.821
240.2000	-0.00999346	268.932
240.1000	-0.0120764	269.044
240.0000	-0.0341604	269.159
239.9000	-0.0500922	269.276
239.8000	-0.0708081	269.397
239.7000	-0.0545263	269.522
239.6000	-0.0350701	269.646
239.5000	-0.0247916	269.775
239.4000	0.000395129	269.902
239.3000	0.0609075	270.03
239.2000	0.0775449	270.158
239.1000	0.0836415	270.291
239.0000	0.0884491	270.42
238.9000	0.0689477	270.552
238.8000	0.0509841	270.686
238.7000	0.0172079	270.822
238.6000	-0.022839	270.958
238.5000	-0.0125706	271.093
238.4000	-0.0110654	271.229
238.3000	-0.0107909	271.364
238.2000	0.0142572	271.499
238.1000	0.0262702	271.638
238.0000	0.0277596	271.776
237.9000	0.0192518	271.914
237.8000	-0.00283271	272.055
237.7000	-0.0178166	272.194
237.6000	-0.0323221	272.335
237.5000	-0.0410182	272.475
237.4000	-0.0570429	272.615
237.3000	-0.0637566	272.757
237.2000	-0.0459691	272.897
237.1000	-0.0196298	273.042
237.0000	-0.0273416	273.183
236.9000	-0.00782833	273.327
236.8000	0.0116025	273.47
236.7000	0.0285516	273.612
236.6000	0.0508589	273.758
236.5000	0.0446764	273.9
236.4000	0.0407917	274.04
236.3000	0.0596528	274.184
236.2000	0.0269217	274.327
236.1000	0.0168197	274.473
236.0000	-0.0025784	274.613
235.9000	-0.0405093	274.753
235.8000	-0.0186039	274.897
235.7000	-0.00374019	275.043
235.6000	0.0204518	275.185
235.5000	0.0448609	275.325
235.4000	0.0368613	275.466
235.3000	0.0595994	275.606
235.2000	0.0544893	275.751
235.1000	0.0332187	275.893
235.0000	-0.0163548	276.03
234.9000	-0.0723965	276.17
234.8000	-0.0690579	276.313
234.7000	-0.0504044	276.455
234.6000	-0.0651369	276.598
234.5000	-0.0473407	276.74
234.4000	-0.0610975	276.883
234.3000	-0.0311593	277.027
234.2000	-0.0164323	277.173
234.1000	-0.0480828	277.317
234.0000	-0.0805318	277.459
233.9000	-0.0988913	277.605
233.8000	-0.105201	277.749
233.7000	-0.0988533	277.895
233.6000	-0.11973	278.043
233.5000	-0.151472	278.192
233.4000	-0.136233	278.334
233.3000	-0.113395	278.481
233.2000	-0.0793075	278.626
233.1000	-0.100999	278.77
233.0000	-0.11081	278.915
232.9000	-0.107604	279.058
232.8000	-0.0722098	279.203
232.7000	-0.115114	279.357
232.6000	-0.128766	279.507
232.5000	-0.132268	279.655
232.4000	-0.11998	279.806
232.3000	-0.0958907	279.956
232.2000	-0.0969162	280.106
232.1000	-0.075122	280.255
232.0000	-0.0559827	280.405
231.9000	-0.0635949	280.549
231.8000	-0.0648595	280.702
231.7000	-0.0350249	280.852
231.6000	-0.0548941	281.01
231.5000	-0.0415318	281.167
231.4000	-0.0641229	281.327
231.3000	-0.0893896	281.484
231.2000	-0.106152	281.644
231.1000	-0.169466	281.797
231.0000	-0.225271	281.949
230.9000	-0.21413	282.096
230.8000	-0.204108	282.244
230.7000	-0.236874	282.388
230.6000	-0.198639	282.532
230.5000	-0.19122	282.677
230.4000	-0.137958	282.821
230.3000	-0.096334	282.969
230.2000	-0.121752	283.109
230.1000	-0.141546	283.254
230.0000	-0.0885059	283.398
229.9000	-0.108189	283.55
229.8000	-0.127009	283.701
229.7000	-0.159925	283.853
229.6000	-0.237971	284.004
229.5000	-0.257953	284.16
229.4000	-0.249271	284.314
229.3000	-0.27146	284.473
229.2000	-0.255907	284.628
229.1000	-0.24809	284.789
229.0000	-0.244814	284.951
228.9000	-0.214252	285.115
228.8000	-0.221092	285.277
228.7000	-0.239797	285.444
228.6000	-0.243685	285.608
228.5000	-0.244564	285.775
228.4000	-0.225358	285.935
228.3000	-0.209627	286.096
228.2000	-0.190424	286.257
228.1000	-0.186256	286.422
228.0000	-0.174359	286.586
227.9000	-0.134935	286.745
227.8000	-0.110282	286.902
227.7000	-0.105946	287.062
227.6000	-0.148432	287.224
227.5000	-0.185953	287.382
227.4000	-0.175868	287.539
227.3000	-0.206366	287.694
227.2000	-0.25348	287.849
227.1000	-0.272068	288.003
227.0000	-0.258007	288.157
226.9000	-0.226007	288.305
226.8000	-0.229878	288.457
226.7000	-0.221492	288.606
226.6000	-0.203025	288.75
226.5000	-0.200462	288.9
226.4000	-0.222954	289.046
226.3000	-0.232847	289.195
226.2000	-0.252341	289.342
226.1000	-0.225574	289.488
226.0000	-0.220419	289.633
225.9000	-0.213272	289.777
225.8000	-0.230332	289.922
225.7000	-0.232154	290.071
225.6000	-0.23864	290.212
225.5000	-0.235203	290.358
225.4000	-0.228282	290.5
225.3000	-0.235822	290.644
225.2000	-0.235169	290.789
225.1000	-0.213321	290.935
225.0000	-0.236116	291.078
224.9000	-0.248598	291.223
224.8000	-0.246227	291.366
224.7000	-0.306785	291.513
224.6000	-0.346219	291.659
224.5000	-0.370804	291.803
224.4000	-0.369212	291.945
224.3000	-0.346301	292.087
224.2000	-0.363218	292.234
224.1000	-0.361254	292.378
224.0000	-0.325616	292.523
223.9000	-0.315244	292.662
223.8000	-0.306249	292.806
223.7000	-0.321803	292.948
223.6000	-0.327144	293.097
223.5000	-0.293447	293.246
223.4000	-0.303774	293.394
223.3000	-0.30144	293.544
223.2000	-0.300157	293.696
223.1000	-0.291791	293.85
223.0000	-0.288253	294.005
222.9000	-0.298727	294.153
222.8000	-0.3043	294.305
222.7000	-0.309029	294.458
222.6000	-0.334993	294.61
222.5000	-0.328154	294.767
222.4000	-0.361068	294.918
222.3000	-0.350338	295.074
222.2000	-0.376054	295.226
222.1000	-0.380986	295.379
222.0000	-0.358863	295.531
221.9000	-0.310916	295.685
221.8000	-0.27613	295.836
221.7000	-0.271955	295.987
221.6000	-0.282432	296.137
221.5000	-0.281353	296.29
221.4000	-0.259783	296.444
221.3000	-0.283727	296.592
221.2000	-0.36801	296.738
221.1000	-0.430549	296.887
221.0000	-0.400901	297.03
220.9000	-0.402385	297.173
220.8000	-0.431466	297.312
220.7000	-0.450771	297.454
220.6000	-0.427638	297.595
220.5000	-0.40865	297.735
220.4000	-0.402597	297.871
220.3000	-0.432049	298.012
220.2000	-0.408627	298.156
220.1000	-0.313339	298.297
220.0000	-0.324053	298.436
219.9000	-0.297463	298.57
219.8000	-0.266745	298.707
219.7000	-0.274028	298.848
219.6000	-0.32045	298.982
219.5000	-0.39038	299.111
219.4000	-0.427582	299.25
219.3000	-0.409228	299.382
219.2000	-0.43399	299.52
219.1000	-0.46686	299.656
219.0000	-0.46696	299.79
218.9000	-0.406794	299.929
218.8000	-0.38098	300.066
218.7000	-0.406272	300.2
218.6000	-0.447153	300.34
218.5000	-0.451365	300.48
218.4000	-0.412579	300.618
218.3000	-0.409723	300.759
218.2000	-0.405473	300.9
218.1000	-0.385674	301.049
218.0000	-0.400492	301.195
217.9000	-0.362821	301.337
217.8000	-0.355816	301.476
217.7000	-0.335594	301.621
217.6000	-0.393961	301.765
217.5000	-0.407304	301.906
217.4000	-0.386626	302.043
217.3000	-0.414573	302.186
217.2000	-0.443038	302.334
217.1000	-0.42234	302.482
217.0000	-0.411964	302.63
216.9000	-0.359223	302.78
216.8000	-0.365892	302.929
216.7000	-0.387405	303.08
216.6000	-0.346132	303.226
216.5000	-0.324566	303.374
216.4000	-0.312435	303.523
216.3000	-0.315753	303.671
216.2000	-0.336329	303.819
216.1000	-0.318771	303.969
216.0000	-0.315079	304.112
215.9000	-0.330864	304.258
215.8000	-0.350206	304.402
215.7000	-0.382026	304.545
215.6000	-0.399255	304.681
215.5000	-0.338647	304.813
215.4000	-0.328705	304.947
215.3000	-0.306162	305.083
215.2000	-0.293388	305.215
215.1000	-0.311626	305.347
215.0000	-0.339532	305.475
214.9000	-0.31812	305.606
214.8000	-0.357047	305.737
214.7000	-0.38987	305.866
214.6000	-0.381594	305.992
214.5000	-0.381641	306.118
214.4000	-0.371085	306.245
214.3000	-0.353869	306.376
214.2000	-0.361038	306.508
214.1000	-0.372814	306.641
214.0000	-0.404785	306.775
213.9000	-0.390444	306.911
213.8000	-0.388563	307.048
213.7000	-0.383771	307.185
213.6000	-0.37204	307.322
213.5000	-0.349402	307.462
213.4000	-0.334055	307.596
213.3000	-0.323728	307.739
213.2000	-0.328943	307.879
213.1000	-0.34322	308.025
213.0000	-0.310136	308.173
212.9000	-0.335918	308.321
212.8000	-0.359729	308.478
212.7000	-0.354813	308.638
212.6000	-0.340196	308.794
212.5000	-0.360325	308.956
212.4000	-0.339751	309.115
212.3000	-0.348742	309.274
212.2000	-0.369371	309.438
212.1000	-0.37595	309.599
212.0000	-0.396816	309.759
211.9000	-0.418376	309.923
211.8000	-0.428534	310.084
211.7000	-0.417025	310.25
211.6000	-0.420087	310.418
211.5000	-0.4152	310.581
211.4000	-0.457584	310.742
211.3000	-0.42821	310.906
211.2000	-0.391842	311.069
211.1000	-0.382525	311.226
211.0000	-0.406852	311.382
210.9000	-0.421442	311.539
210.8000	-0.378543	311.699
210.7000	-0.36158	311.859
210.6000	-0.358448	312.022
210.5000	-0.399202	312.188
210.4000	-0.406234	312.354
210.3000	-0.37925	312.525
210.2000	-0.373558	312.69
210.1000	-0.411612	312.857
210.0000	-0.448459	313.021
209.9000	-0.463189	313.182
209.8000	-0.455869	313.341
209.7000	-0.472573	313.503
209.6000	-0.49117	313.662
209.5000	-0.521426	313.825
209.4000	-0.491111	313.99
209.3000	-0.449649	314.153
209.2000	-0.394023	314.319
209.1000	-0.447978	314.49
209.0000	-0.453845	314.661
208.9000	-0.424512	314.837
208.8000	-0.365102	315.016
208.7000	-0.315078	315.195
208.6000	-0.30915	315.377
208.5000	-0.353535	315.559
208.4000	-0.293788	315.743
208.3000	-0.308802	315.931
208.2000	-0.283943	316.116
208.1000	-0.322749	316.305
208.0000	-0.373491	316.496
207.9000	-0.409008	316.691
207.8000	-0.395949	316.884
207.7000	-0.38511	317.08
207.6000	-0.371495	317.274
207.5000	-0.446641	317.467
207.4000	-0.471796	317.659
207.3000	-0.47024	317.854
207.2000	-0.478825	318.048
207.1000	-0.495176	318.248
207.0000	-0.503661	318.445
206.9000	-0.542222	318.64
206.8000	-0.532569	318.838
206.7000	-0.518597	319.033
206.6000	-0.519158	319.228
206.5000	-0.551543	319.424
206.4000	-0.573537	319.618
206.3000	-0.615584	319.812
206.2000	-0.589252	320.008
206.1000	-0.583796	320.206
206.0000	-0.588681	320.4
205.9000	-0.605213	320.597
205.8000	-0.587453	320.789
205.7000	-0.554748	320.982
205.6000	-0.497322	321.177
205.5000	-0.511082	321.374
205.4000	-0.512285	321.573
205.3000	-0.462391	321.774
205.2000	-0.474393	321.972
205.1000	-0.480656	322.176
205.0000	-0.523353	322.377
204.9000	-0.561244	322.581
204.8000	-0.560219	322.786
204.7000	-0.560861	322.991
204.6000	-0.62305	323.202
204.5000	-0.588194	323.417
204.4000	-0.619348	323.627
204.3000	-0.566616	323.845
204.2000	-0.564373	324.063
204.1000	-0.540923	324.285
204.0000	-0.535899	324.501
203.9000	-0.517862	324.722
203.8000	-0.52848	324.941
203.7000	-0.48631	325.17
203.6000	-0.554552	325.397
203.5000	-0.549102	325.627
203.4000	-0.601491	325.856
203.3000	-0.64935	326.09
203.2000	-0.650097	326.323
203.1000	-0.68519	326.563
203.0000	-0.698911	326.797
202.9000	-0.704975	327.03
202.8000	-0.715076	327.269
202.7000	-0.699402	327.51
202.6000	-0.665809	327.753
202.5000	-0.70669	327.996
202.4000	-0.676314	328.243
202.3000	-0.653199	328.497
202.2000	-0.633542	328.748
202.1000	-0.63742	328.998
202.0000	-0.607364	329.253
201.9000	-0.59195	329.513
201.8000	-0.556371	329.774
201.7000	-0.586305	330.036
201.6000	-0.632534	330.306
201.5000	-0.628442	330.581
201.4000	-0.579082	330.856
201.3000	-0.617403	331.133
201.2000	-0.687146	331.409
201.1000	-0.722483	331.695
201.0000	-0.688732	331.978
200.9000	-0.725958	332.264
200.8000	-0.771331	332.553
200.7000	-0.813663	332.848
200.6000	-0.829215	333.146
200.5000	-0.792818	333.449
200.4000	-0.734491	333.752
200.3000	-0.753999	334.065
200.2000	-0.738556	334.376
200.1000	-0.702489	334.691
200.0000	-0.696982	335.005
199.9000	-0.712182	335.322
199.8000	-0.674862	335.638
199.7000	-0.710586	335.964
199.6000	-0.671464	336.282
199.5000	-0.634409	336.605
199.4000	-0.614154	336.933
199.3000	-0.580318	337.259
199.2000	-0.563155	337.589
199.1000	-0.616465	337.925
199.0000	-0.625947	338.255
198.9000	-0.621624	338.592
198.8000	-0.666792	338.926
198.7000	-0.725917	339.265
198.6000	-0.697938	339.611
198.5000	-0.648701	339.958
198.4000	-0.586977	340.304
198.3000	-0.576329	340.658
198.2000	-0.603307	341.021
198.1000	-0.532533	341.39
198.0000	-0.518308	341.762
197.9000	-0.55263	342.134
197.8000	-0.511295	342.52
197.7000	-0.594596	342.915
197.6000	-0.632884	343.315
197.5000	-0.607711	343.717
197.4000	-0.630203	344.125
197.3000	-0.674216	344.537
197.2000	-0.76538	344.958
197.1000	-0.879641	345.376
197.0000	-0.87277	345.799
196.9000	-0.818448	346.222
196.8000	-0.900724	346.649
196.7000	-0.85591	347.078
196.6000	-0.825261	347.513
196.5000	-0.784825	347.954
196.4000	-0.725407	348.392
196.3000	-0.691707	348.828
196.2000	-0.678935	349.268
196.1000	-0.608813	349.717
196.0000	-0.565108	350.166
195.9000	-0.545102	350.615
195.8000	-0.537616	351.065
195.7000	-0.609354	351.517
195.6000	-0.574411	351.977
195.5000	-0.54275	352.436
195.4000	-0.543344	352.894
195.3000	-0.549454	353.361
195.2000	-0.526398	353.846
195.1000	-0.493611	354.351
195.0000	-0.458372	354.877
194.9000	-0.448714	355.415
194.8000	-0.479236	355.973
194.7000	-0.528641	356.554
194.6000	-0.529898	357.145
194.5000	-0.561411	357.741
194.4000	-0.473962	358.34
194.3000	-0.443423	358.948
194.2000	-0.461931	359.56
194.1000	-0.471441	360.183
194.0000	-0.435176	360.81
193.9000	-0.400661	361.444
193.8000	-0.382923	362.085
193.7000	-0.467797	362.731
193.6000	-0.445671	363.382
193.5000	-0.494786	364.046
193.4000	-0.546048	364.71
193.3000	-0.569617	365.378
193.2000	-0.547663	366.049
193.1000	-0.517554	366.728
193.0000	-0.507889	367.411
192.9000	-0.50695	368.103
192.8000	-0.474212	368.799
192.7000	-0.412948	369.508
192.6000	-0.399731	370.221
192.5000	-0.377981	370.942
192.4000	-0.368426	371.668
192.3000	-0.216398	372.403
192.2000	-0.134517	373.153
192.1000	-0.107078	373.909
192.0000	-0.0991568	374.668
191.9000	-0.087479	375.443
191.8000	-0.0381726	376.228
191.7000	-0.0671389	377.022
191.6000	-0.198592	377.819
191.5000	-0.220754	378.616
191.4000	-0.183352	379.42
191.3000	-0.220375	380.234
191.2000	-0.304118	381.048
191.1000	-0.398973	381.873
191.0000	-0.435956	382.71
190.9000	-0.409058	383.562
190.8000	-0.355358	384.419
190.7000	-0.429722	385.291
190.6000	-0.397586	386.173
190.5000	-0.277936	387.071
190.4000	-0.1597	387.981
190.3000	-0.082582	388.903
190.2000	-0.11755	389.835
190.1000	-0.0822815	390.784
190.0000	-0.0449451	391.738
189.9000	0.0168053	392.712
189.8000	0.0351628	393.693
189.7000	-0.0532796	394.686
189.6000	0.00685851	395.694
189.5000	-0.00297601	396.72
189.4000	-0.0739766	397.755
189.3000	0.0205003	398.816
189.2000	-0.0665913	399.891
189.1000	-0.00798727	400.989
189.0000	-0.0671794	402.108
188.9000	-0.0449851	403.261
188.8000	-0.058758	404.434
188.7000	0.011527	405.639
188.6000	-0.0647753	406.864
188.5000	0.00992889	408.113
188.4000	0.025137	409.39
188.3000	0.151875	410.687
188.2000	0.0972693	412.004
188.1000	0.0224657	413.35
188.0000	-0.133901	414.724
187.9000	-0.127913	416.133
187.8000	0.00806227	417.578
187.7000	-0.0520003	419.059
187.6000	-0.238864	420.587
187.5000	-0.346114	422.157
187.4000	-0.299772	423.775
187.3000	-0.220762	425.438
187.2000	-0.205804	427.145
187.1000	-0.182017	428.915
187.0000	-0.196295	430.737
186.9000	-0.184324	432.611
186.8000	-0.0236442	434.537
186.7000	-0.0332718	436.527
186.6000	0.103011	438.568
186.5000	0.0702237	440.663
186.4000	-0.12641	442.806
186.3000	0.112116	445.016
186.2000	0.216863	447.281
186.1000	0.196446	449.609
186.0000	0.19914	451.991
185.9000	0.10599	454.46
185.8000	0.0351295	457.005
185.7000	-0.0712298	459.645
185.6000	-0.263343	462.374
185.5000	-0.14299	465.222
185.4000	-0.0398676	468.173
185.3000	0.0213976	471.252
185.2000	0.0959893	474.436
185.1000	0.0350523	477.759
185.0000	0.491992	481.194
