TITLE	03_250626F
DATA TYPE	
ORIGIN	JASCO
OWNER	
DATE	25/06/26
TIME	15:53:19
SPECTROMETER/DATA SYSTEM	JASCO Corp., J-715, Rev. 1.00
RESOLUTION	
DELTAX	-0.1
XUNITS	NANOMETERS
YUNITS	CD[mdeg]
Y2UNITS	HT[V]
FIRSTX	260.0000
LASTX	185.0000
NPOINTS	751
FIRSTY	0.11019
MAXY	0.18843
MINY	-1.30884
XYDATA
260.0000	0.110189	253.748
259.9000	0.118107	253.782
259.8000	0.11322	253.824
259.7000	0.12442	253.874
259.6000	0.14569	253.937
259.5000	0.146979	254.01
259.4000	0.140757	254.094
259.3000	0.157423	254.165
259.2000	0.181852	254.235
259.1000	0.188434	254.309
259.0000	0.159475	254.385
258.9000	0.153558	254.456
258.8000	0.168983	254.528
258.7000	0.176914	254.6
258.6000	0.163251	254.675
258.5000	0.13887	254.746
258.4000	0.148168	254.815
258.3000	0.169765	254.885
258.2000	0.168903	254.955
258.1000	0.150424	255.023
258.0000	0.125866	255.089
257.9000	0.122212	255.157
257.8000	0.126117	255.218
257.7000	0.140475	255.285
257.6000	0.122917	255.352
257.5000	0.0989571	255.425
257.4000	0.10289	255.49
257.3000	0.0990408	255.557
257.2000	0.101482	255.625
257.1000	0.0857775	255.694
257.0000	0.0582658	255.76
256.9000	0.0652517	255.826
256.8000	0.0664922	255.891
256.7000	0.0623971	255.961
256.6000	0.0719257	256.026
256.5000	0.0728155	256.093
256.4000	0.0678703	256.162
256.3000	0.0853511	256.231
256.2000	0.0944359	256.303
256.1000	0.0931208	256.374
256.0000	0.106567	256.445
255.9000	0.122563	256.515
255.8000	0.123192	256.582
255.7000	0.119419	256.656
255.6000	0.125524	256.723
255.5000	0.126041	256.786
255.4000	0.134323	256.852
255.3000	0.123376	256.92
255.2000	0.118277	256.993
255.1000	0.0814567	257.06
255.0000	0.0916287	257.125
254.9000	0.0713989	257.192
254.8000	0.0709767	257.258
254.7000	0.0541838	257.321
254.6000	0.0405168	257.382
254.5000	0.0322315	257.445
254.4000	0.0348056	257.507
254.3000	0.0106603	257.572
254.2000	-0.00381644	257.643
254.1000	0.0052169	257.716
254.0000	0.0394672	257.789
253.9000	0.0446911	257.862
253.8000	0.0452129	257.935
253.7000	0.0651901	258.012
253.6000	0.069082	258.084
253.5000	0.0714973	258.149
253.4000	0.0534001	258.219
253.3000	0.0192262	258.288
253.2000	0.00757476	258.356
253.1000	-0.00433922	258.424
253.0000	-0.00732367	258.493
252.9000	0.0320829	258.564
252.8000	0.037686	258.636
252.7000	0.0623691	258.704
252.6000	0.102426	258.775
252.5000	0.113955	258.848
252.4000	0.127986	258.924
252.3000	0.0948422	258.997
252.2000	0.0733005	259.071
252.1000	0.0714377	259.147
252.0000	0.0524926	259.225
251.9000	0.0397603	259.304
251.8000	0.0573225	259.38
251.7000	0.0638833	259.454
251.6000	0.0971039	259.527
251.5000	0.0977168	259.596
251.4000	0.103579	259.661
251.3000	0.0904406	259.734
251.2000	0.119468	259.803
251.1000	0.105262	259.871
251.0000	0.0720089	259.943
250.9000	0.0569597	260.019
250.8000	0.0584925	260.099
250.7000	0.0682605	260.177
250.6000	0.0800654	260.252
250.5000	0.0503396	260.323
250.4000	0.0509029	260.395
250.3000	0.0759855	260.464
250.2000	0.0854847	260.531
250.1000	0.070707	260.597
250.0000	0.0440548	260.662
249.9000	0.00747343	260.728
249.8000	-0.00891909	260.799
249.7000	-0.0328022	260.87
249.6000	-0.0223806	260.942
249.5000	-0.0291434	261.012
249.4000	-0.0655343	261.083
249.3000	-0.0605923	261.154
249.2000	-0.0538707	261.229
249.1000	-0.0498195	261.3
249.0000	-0.0600293	261.37
248.9000	-0.0696473	261.441
248.8000	-0.0451908	261.517
248.7000	-0.00354424	261.589
248.6000	-0.00196124	261.66
248.5000	0.002149	261.735
248.4000	-0.00467896	261.809
248.3000	0.00107164	261.881
248.2000	0.00923822	261.953
248.1000	-0.0166585	262.02
248.0000	-0.032943	262.091
247.9000	-0.0450554	262.163
247.8000	-0.0529793	262.23
247.7000	-0.0353833	262.299
247.6000	-0.0152074	262.371
247.5000	-0.00715107	262.441
247.4000	0.0159812	262.516
247.3000	0.0545698	262.59
247.2000	0.0967227	262.661
247.1000	0.106965	262.736
247.0000	0.109259	262.811
246.9000	0.10288	262.885
246.8000	0.0775561	262.964
246.7000	0.0769675	263.038
246.6000	0.0437448	263.113
246.5000	0.0335688	263.193
246.4000	0.0484474	263.272
246.3000	0.059935	263.348
246.2000	0.0524427	263.42
246.1000	0.0463776	263.491
246.0000	0.0442177	263.567
245.9000	0.0638381	263.64
245.8000	0.0519529	263.713
245.7000	0.0602605	263.787
245.6000	0.0448982	263.861
245.5000	0.0308836	263.937
245.4000	0.0245887	264.014
245.3000	0.0246922	264.089
245.2000	0.0142649	264.162
245.1000	-0.00038743	264.233
245.0000	-0.0066479	264.307
244.9000	0.0158754	264.382
244.8000	0.0415477	264.458
244.7000	0.0591646	264.532
244.6000	0.0454051	264.61
244.5000	0.0618614	264.683
244.4000	0.0559819	264.753
244.3000	0.0559159	264.826
244.2000	0.0235473	264.899
244.1000	0.0131321	264.974
244.0000	0.0188529	265.052
243.9000	0.0346735	265.129
243.8000	0.0593757	265.209
243.7000	0.074854	265.292
243.6000	0.0828475	265.371
243.5000	0.0932202	265.457
243.4000	0.123035	265.541
243.3000	0.106875	265.627
243.2000	0.0858217	265.714
243.1000	0.0346785	265.799
243.0000	0.0157227	265.888
242.9000	-0.0138822	265.976
242.8000	-0.0090378	266.062
242.7000	-0.0170703	266.151
242.6000	-0.0138842	266.237
242.5000	-0.0081564	266.326
242.4000	0.00440006	266.418
242.3000	0.0146657	266.513
242.2000	0.0463232	266.61
242.1000	0.030234	266.707
242.0000	0.032601	266.804
241.9000	0.0212438	266.902
241.8000	0.0327572	267.001
241.7000	0.0309154	267.104
241.6000	0.0214219	267.203
241.5000	-0.000446786	267.301
241.4000	0.0250605	267.4
241.3000	0.0392484	267.502
241.2000	0.0554162	267.605
241.1000	0.0292179	267.713
241.0000	0.0407537	267.819
240.9000	0.0599891	267.92
240.8000	0.0743953	268.017
240.7000	0.0195093	268.12
240.6000	0.0132826	268.223
240.5000	0.0263554	268.33
240.4000	0.0455978	268.427
240.3000	0.0185547	268.527
240.2000	-0.0167323	268.63
240.1000	-0.0123352	268.74
240.0000	0.00743717	268.848
239.9000	-0.0295796	268.959
239.8000	-0.0774843	269.075
239.7000	-0.0824081	269.194
239.6000	-0.0529744	269.318
239.5000	-0.029807	269.448
239.4000	-0.0468068	269.576
239.3000	-0.0149988	269.708
239.2000	0.0394449	269.836
239.1000	0.0780242	269.967
239.0000	0.0900269	270.097
238.9000	0.0471103	270.23
238.8000	0.0416639	270.361
238.7000	0.0266162	270.493
238.6000	-0.0177689	270.622
238.5000	-0.097547	270.756
238.4000	-0.109718	270.891
238.3000	-0.0960295	271.023
238.2000	-0.0835784	271.154
238.1000	-0.0999572	271.286
238.0000	-0.108351	271.419
237.9000	-0.120272	271.553
237.8000	-0.0589778	271.692
237.7000	-0.0644301	271.83
237.6000	-0.0967028	271.967
237.5000	-0.108437	272.104
237.4000	-0.099539	272.247
237.3000	-0.0666052	272.383
237.2000	-0.0533136	272.522
237.1000	-0.0967304	272.66
237.0000	-0.0870136	272.8
236.9000	-0.069159	272.94
236.8000	-0.0652773	273.08
236.7000	-0.0936955	273.219
236.6000	-0.108734	273.364
236.5000	-0.0961065	273.505
236.4000	-0.112673	273.642
236.3000	-0.115467	273.777
236.2000	-0.0999359	273.915
236.1000	-0.0836504	274.054
236.0000	-0.0715318	274.193
235.9000	-0.0403201	274.328
235.8000	-0.0147104	274.466
235.7000	-0.0113959	274.609
235.6000	-0.0389941	274.753
235.5000	-0.0688975	274.897
235.4000	-0.0652949	275.038
235.3000	-0.0659486	275.179
235.2000	-0.111537	275.32
235.1000	-0.132591	275.464
235.0000	-0.10567	275.601
234.9000	-0.101559	275.741
234.8000	-0.0736577	275.878
234.7000	-0.0785279	276.02
234.6000	-0.0843637	276.16
234.5000	-0.0855178	276.3
234.4000	-0.0997953	276.438
234.3000	-0.0874569	276.575
234.2000	-0.0699803	276.711
234.1000	-0.144643	276.852
234.0000	-0.166582	276.991
233.9000	-0.155801	277.134
233.8000	-0.125225	277.278
233.7000	-0.13676	277.423
233.6000	-0.155101	277.568
233.5000	-0.156116	277.712
233.4000	-0.100657	277.855
233.3000	-0.0903803	277.999
233.2000	-0.0680866	278.144
233.1000	-0.0974104	278.287
233.0000	-0.116078	278.431
232.9000	-0.0953272	278.574
232.8000	-0.0944905	278.721
232.7000	-0.0908891	278.868
232.6000	-0.117408	279.009
232.5000	-0.138502	279.151
232.4000	-0.10112	279.296
232.3000	-0.132547	279.444
232.2000	-0.171606	279.59
232.1000	-0.176549	279.738
232.0000	-0.170168	279.889
231.9000	-0.192841	280.038
231.8000	-0.187316	280.188
231.7000	-0.198483	280.336
231.6000	-0.173252	280.486
231.5000	-0.167965	280.637
231.4000	-0.182011	280.787
231.3000	-0.193254	280.936
231.2000	-0.170601	281.091
231.1000	-0.231219	281.245
231.0000	-0.229845	281.397
230.9000	-0.23252	281.551
230.8000	-0.221061	281.702
230.7000	-0.200026	281.851
230.6000	-0.209553	281.999
230.5000	-0.179073	282.143
230.4000	-0.131066	282.284
230.3000	-0.14163	282.427
230.2000	-0.14527	282.567
230.1000	-0.173504	282.706
230.0000	-0.198964	282.847
229.9000	-0.195459	282.994
229.8000	-0.210456	283.141
229.7000	-0.232425	283.289
229.6000	-0.227098	283.439
229.5000	-0.214094	283.594
229.4000	-0.198785	283.749
229.3000	-0.210995	283.906
229.2000	-0.205611	284.061
229.1000	-0.218133	284.218
229.0000	-0.21177	284.375
228.9000	-0.242987	284.536
228.8000	-0.26198	284.691
228.7000	-0.269974	284.852
228.6000	-0.247193	285.01
228.5000	-0.270785	285.173
228.4000	-0.258601	285.333
228.3000	-0.234664	285.501
228.2000	-0.218648	285.664
228.1000	-0.23013	285.828
228.0000	-0.229083	285.992
227.9000	-0.258918	286.157
227.8000	-0.269519	286.315
227.7000	-0.320909	286.478
227.6000	-0.339295	286.632
227.5000	-0.328059	286.784
227.4000	-0.329057	286.935
227.3000	-0.371357	287.084
227.2000	-0.388902	287.233
227.1000	-0.395272	287.384
227.0000	-0.363676	287.529
226.9000	-0.393703	287.673
226.8000	-0.384386	287.823
226.7000	-0.374176	287.975
226.6000	-0.327952	288.125
226.5000	-0.258363	288.273
226.4000	-0.261295	288.423
226.3000	-0.239589	288.576
226.2000	-0.181178	288.724
226.1000	-0.189011	288.87
226.0000	-0.221008	289.011
225.9000	-0.266172	289.151
225.8000	-0.324814	289.29
225.7000	-0.315186	289.429
225.6000	-0.38605	289.569
225.5000	-0.430809	289.706
225.4000	-0.414354	289.844
225.3000	-0.387999	289.982
225.2000	-0.355944	290.122
225.1000	-0.313662	290.264
225.0000	-0.326851	290.402
224.9000	-0.290794	290.538
224.8000	-0.314657	290.681
224.7000	-0.344812	290.823
224.6000	-0.355879	290.967
224.5000	-0.33584	291.107
224.4000	-0.376076	291.244
224.3000	-0.348206	291.385
224.2000	-0.373222	291.527
224.1000	-0.351002	291.669
224.0000	-0.365578	291.815
223.9000	-0.403016	291.963
223.8000	-0.424718	292.112
223.7000	-0.382352	292.261
223.6000	-0.393735	292.407
223.5000	-0.392293	292.557
223.4000	-0.40461	292.706
223.3000	-0.373854	292.851
223.2000	-0.340227	292.995
223.1000	-0.328916	293.141
223.0000	-0.355515	293.291
222.9000	-0.354463	293.445
222.8000	-0.335069	293.597
222.7000	-0.340585	293.75
222.6000	-0.371871	293.903
222.5000	-0.397296	294.058
222.4000	-0.405386	294.212
222.3000	-0.400421	294.364
222.2000	-0.411853	294.516
222.1000	-0.402875	294.668
222.0000	-0.372722	294.814
221.9000	-0.304398	294.965
221.8000	-0.300768	295.115
221.7000	-0.288256	295.266
221.6000	-0.298202	295.415
221.5000	-0.271095	295.565
221.4000	-0.316565	295.717
221.3000	-0.363927	295.866
221.2000	-0.402648	296.013
221.1000	-0.408961	296.158
221.0000	-0.419237	296.303
220.9000	-0.44728	296.445
220.8000	-0.430453	296.585
220.7000	-0.378485	296.728
220.6000	-0.366223	296.872
220.5000	-0.387686	297.014
220.4000	-0.406288	297.156
220.3000	-0.388698	297.297
220.2000	-0.341967	297.436
220.1000	-0.374009	297.576
220.0000	-0.393624	297.707
219.9000	-0.405761	297.844
219.8000	-0.392483	297.975
219.7000	-0.397871	298.114
219.6000	-0.409926	298.249
219.5000	-0.40631	298.387
219.4000	-0.415228	298.517
219.3000	-0.415288	298.653
219.2000	-0.395155	298.786
219.1000	-0.395705	298.923
219.0000	-0.420764	299.052
218.9000	-0.455654	299.187
218.8000	-0.480602	299.321
218.7000	-0.500151	299.458
218.6000	-0.545626	299.597
218.5000	-0.591469	299.736
218.4000	-0.566553	299.874
218.3000	-0.502092	300.015
218.2000	-0.498393	300.15
218.1000	-0.42604	300.29
218.0000	-0.37286	300.432
217.9000	-0.329295	300.569
217.8000	-0.310871	300.709
217.7000	-0.324506	300.851
217.6000	-0.320276	300.995
217.5000	-0.325209	301.144
217.4000	-0.362918	301.288
217.3000	-0.407938	301.431
217.2000	-0.457993	301.58
217.1000	-0.459752	301.724
217.0000	-0.466237	301.869
216.9000	-0.462583	302.016
216.8000	-0.44445	302.158
216.7000	-0.450124	302.304
216.6000	-0.454682	302.453
216.5000	-0.435849	302.603
216.4000	-0.432961	302.755
216.3000	-0.411427	302.904
216.2000	-0.435116	303.053
216.1000	-0.433986	303.202
216.0000	-0.433664	303.345
215.9000	-0.441177	303.482
215.8000	-0.437108	303.619
215.7000	-0.451408	303.753
215.6000	-0.489922	303.883
215.5000	-0.489947	304.016
215.4000	-0.49956	304.146
215.3000	-0.53346	304.28
215.2000	-0.519759	304.41
215.1000	-0.489912	304.539
215.0000	-0.47128	304.669
214.9000	-0.467698	304.798
214.8000	-0.469465	304.923
214.7000	-0.449747	305.056
214.6000	-0.436056	305.183
214.5000	-0.427457	305.311
214.4000	-0.432119	305.44
214.3000	-0.424008	305.568
214.2000	-0.421291	305.692
214.1000	-0.452338	305.822
214.0000	-0.453114	305.946
213.9000	-0.461904	306.077
213.8000	-0.465094	306.206
213.7000	-0.441618	306.341
213.6000	-0.449521	306.478
213.5000	-0.4745	306.618
213.4000	-0.456969	306.752
213.3000	-0.472529	306.889
213.2000	-0.44176	307.026
213.1000	-0.464793	307.171
213.0000	-0.473137	307.311
212.9000	-0.478367	307.454
212.8000	-0.49702	307.601
212.7000	-0.487654	307.753
212.6000	-0.525036	307.909
212.5000	-0.581067	308.066
212.4000	-0.586831	308.219
212.3000	-0.584267	308.376
212.2000	-0.586592	308.533
212.1000	-0.557136	308.694
212.0000	-0.616248	308.858
211.9000	-0.5798	309.018
211.8000	-0.562967	309.178
211.7000	-0.525537	309.34
211.6000	-0.550232	309.499
211.5000	-0.540853	309.66
211.4000	-0.576579	309.814
211.3000	-0.549595	309.969
211.2000	-0.517129	310.124
211.1000	-0.510166	310.276
211.0000	-0.551209	310.431
210.9000	-0.563065	310.582
210.8000	-0.61965	310.729
210.7000	-0.578722	310.882
210.6000	-0.577412	311.029
210.5000	-0.551321	311.179
210.4000	-0.533871	311.33
210.3000	-0.54632	311.476
210.2000	-0.565398	311.625
210.1000	-0.517699	311.779
210.0000	-0.51988	311.93
209.9000	-0.561716	312.086
209.8000	-0.624081	312.241
209.7000	-0.669468	312.397
209.6000	-0.644829	312.562
209.5000	-0.662192	312.725
209.4000	-0.708021	312.883
209.3000	-0.684699	313.041
209.2000	-0.67087	313.2
209.1000	-0.675907	313.36
209.0000	-0.697231	313.524
208.9000	-0.695756	313.681
208.8000	-0.662519	313.847
208.7000	-0.670367	314.011
208.6000	-0.733804	314.176
208.5000	-0.733102	314.34
208.4000	-0.732602	314.506
208.3000	-0.708646	314.67
208.2000	-0.705472	314.838
208.1000	-0.664665	315
208.0000	-0.642842	315.167
207.9000	-0.632275	315.336
207.8000	-0.628067	315.506
207.7000	-0.619969	315.678
207.6000	-0.648796	315.85
207.5000	-0.626042	316.021
207.4000	-0.676243	316.194
207.3000	-0.660278	316.37
207.2000	-0.627184	316.548
207.1000	-0.683675	316.721
207.0000	-0.692302	316.892
206.9000	-0.751561	317.068
206.8000	-0.769449	317.243
206.7000	-0.78312	317.417
206.6000	-0.809057	317.586
206.5000	-0.793173	317.75
206.4000	-0.757813	317.913
206.3000	-0.799947	318.076
206.2000	-0.76023	318.234
206.1000	-0.770301	318.396
206.0000	-0.768173	318.554
205.9000	-0.812426	318.712
205.8000	-0.836462	318.872
205.7000	-0.869379	319.03
205.6000	-0.840931	319.187
205.5000	-0.815051	319.347
205.4000	-0.821107	319.504
205.3000	-0.855454	319.66
205.2000	-0.878498	319.819
205.1000	-0.931413	319.978
205.0000	-0.932035	320.137
204.9000	-0.960628	320.296
204.8000	-0.933435	320.45
204.7000	-0.988903	320.606
204.6000	-0.984617	320.764
204.5000	-1.00148	320.922
204.4000	-0.968592	321.082
204.3000	-0.933804	321.244
204.2000	-0.945138	321.408
204.1000	-0.982089	321.574
204.0000	-0.953214	321.737
203.9000	-0.946888	321.9
203.8000	-0.887252	322.065
203.7000	-0.918364	322.229
203.6000	-0.936759	322.396
203.5000	-1.02699	322.562
203.4000	-1.06092	322.726
203.3000	-1.0875	322.891
203.2000	-1.11801	323.056
203.1000	-1.1839	323.222
203.0000	-1.15892	323.389
202.9000	-1.15649	323.547
202.8000	-1.08597	323.706
202.7000	-1.07461	323.867
202.6000	-1.01676	324.027
202.5000	-1.0048	324.185
202.4000	-1.01449	324.347
202.3000	-1.01605	324.503
202.2000	-1.08063	324.663
202.1000	-1.15134	324.82
202.0000	-1.19101	324.977
201.9000	-1.16187	325.137
201.8000	-1.15004	325.296
201.7000	-1.11643	325.457
201.6000	-1.08589	325.617
201.5000	-1.02696	325.775
201.4000	-1.02884	325.935
201.3000	-1.06999	326.094
201.2000	-1.14338	326.257
201.1000	-1.16333	326.419
201.0000	-1.17325	326.579
200.9000	-1.27296	326.747
200.8000	-1.29741	326.917
200.7000	-1.23784	327.089
200.6000	-1.2033	327.255
200.5000	-1.21621	327.425
200.4000	-1.27921	327.596
200.3000	-1.26853	327.762
200.2000	-1.24541	327.928
200.1000	-1.23714	328.093
200.0000	-1.22931	328.259
199.9000	-1.2363	328.427
199.8000	-1.26546	328.591
199.7000	-1.21614	328.754
199.6000	-1.15149	328.916
199.5000	-1.18551	329.081
199.4000	-1.1933	329.245
199.3000	-1.20346	329.407
199.2000	-1.15099	329.566
199.1000	-1.14613	329.721
199.0000	-1.19781	329.872
198.9000	-1.2564	330.024
198.8000	-1.2215	330.173
198.7000	-1.18174	330.324
198.6000	-1.20062	330.468
198.5000	-1.22591	330.617
198.4000	-1.20169	330.767
198.3000	-1.19537	330.922
198.2000	-1.18323	331.081
198.1000	-1.17143	331.236
198.0000	-1.21408	331.392
197.9000	-1.21587	331.548
197.8000	-1.26886	331.702
197.7000	-1.28699	331.863
197.6000	-1.29017	332.024
197.5000	-1.30884	332.18
197.4000	-1.30487	332.339
197.3000	-1.25976	332.499
197.2000	-1.23865	332.665
197.1000	-1.12221	332.831
197.0000	-1.05853	332.993
196.9000	-1.04094	333.159
196.8000	-1.04818	333.329
196.7000	-1.08663	333.501
196.6000	-1.11792	333.67
196.5000	-1.1686	333.833
196.4000	-1.20707	333.994
196.3000	-1.26723	334.154
196.2000	-1.25509	334.315
196.1000	-1.2332	334.47
196.0000	-1.22688	334.625
195.9000	-1.20496	334.781
195.8000	-1.19213	334.944
195.7000	-1.20567	335.102
195.6000	-1.18492	335.259
195.5000	-1.20021	335.412
195.4000	-1.24216	335.568
195.3000	-1.22978	335.73
195.2000	-1.24086	335.902
195.1000	-1.17043	336.089
195.0000	-1.1338	336.294
194.9000	-1.09058	336.503
194.8000	-1.0417	336.724
194.7000	-0.988461	336.961
194.6000	-0.952664	337.207
194.5000	-0.966412	337.456
194.4000	-1.02638	337.7
194.3000	-1.0476	337.952
194.2000	-1.11755	338.212
194.1000	-1.12833	338.472
194.0000	-1.1445	338.73
193.9000	-1.14434	338.989
193.8000	-1.10888	339.251
193.7000	-1.1173	339.518
193.6000	-1.07695	339.78
193.5000	-1.01746	340.047
193.4000	-0.998788	340.32
193.3000	-1.05519	340.599
193.2000	-1.04246	340.877
193.1000	-1.06977	341.156
193.0000	-1.00383	341.441
192.9000	-1.03679	341.731
192.8000	-1.05812	342.02
192.7000	-1.0449	342.309
192.6000	-0.967892	342.602
192.5000	-0.985604	342.9
192.4000	-0.898557	343.204
192.3000	-0.920524	343.511
192.2000	-0.793155	343.82
192.1000	-0.722569	344.134
192.0000	-0.680568	344.451
191.9000	-0.69494	344.774
191.8000	-0.668075	345.096
191.7000	-0.711316	345.415
191.6000	-0.719886	345.742
191.5000	-0.799401	346.074
191.4000	-0.881635	346.41
191.3000	-0.901143	346.751
191.2000	-0.874422	347.091
191.1000	-0.883047	347.446
191.0000	-0.88826	347.808
190.9000	-0.945981	348.175
190.8000	-0.939892	348.538
190.7000	-0.924127	348.913
190.6000	-0.943953	349.294
190.5000	-0.878988	349.686
190.4000	-0.84817	350.077
190.3000	-0.813095	350.475
190.2000	-0.713708	350.879
190.1000	-0.727509	351.298
190.0000	-0.716231	351.723
189.9000	-0.655908	352.158
189.8000	-0.66901	352.595
189.7000	-0.616224	353.049
189.6000	-0.615367	353.516
189.5000	-0.660453	353.994
189.4000	-0.647471	354.481
189.3000	-0.587586	354.983
189.2000	-0.605797	355.498
189.1000	-0.669307	356.025
189.0000	-0.654847	356.562
188.9000	-0.676633	357.111
188.8000	-0.643684	357.677
188.7000	-0.587277	358.26
188.6000	-0.619045	358.852
188.5000	-0.586503	359.466
188.4000	-0.540668	360.097
188.3000	-0.620966	360.745
188.2000	-0.603096	361.41
188.1000	-0.590425	362.097
188.0000	-0.664835	362.802
187.9000	-0.734128	363.534
187.8000	-0.7902	364.282
187.7000	-0.854132	365.056
187.6000	-0.812117	365.857
187.5000	-0.75027	366.692
187.4000	-0.760782	367.553
187.3000	-0.743533	368.443
187.2000	-0.760762	369.366
187.1000	-0.710276	370.331
187.0000	-0.689286	371.332
186.9000	-0.647658	372.378
186.8000	-0.70172	373.456
186.7000	-0.627742	374.581
186.6000	-0.523634	375.75
186.5000	-0.476719	376.96
186.4000	-0.466045	378.208
186.3000	-0.483774	379.499
186.2000	-0.50131	380.825
186.1000	-0.388721	382.204
186.0000	-0.344966	383.629
185.9000	-0.435436	385.112
185.8000	-0.436526	386.653
185.7000	-0.444772	388.266
185.6000	-0.398931	389.945
185.5000	-0.401914	391.712
185.4000	-0.45944	393.548
185.3000	-0.553107	395.471
185.2000	-0.426686	397.476
185.1000	-0.311997	399.583
185.0000	-0.355617	401.778
