TITLE	03_250717D
DATA TYPE	
ORIGIN	JASCO
OWNER	
DATE	25/07/17
TIME	14:34:08
SPECTROMETER/DATA SYSTEM	JASCO Corp., J-715, Rev. 1.00
RESOLUTION	
DELTAX	-0.1
XUNITS	NANOMETERS
YUNITS	CD[mdeg]
Y2UNITS	HT[V]
FIRSTX	260.0000
LASTX	185.0000
NPOINTS	751
FIRSTY	0.15858
MAXY	0.28571
MINY	-2.12666
XYDATA
260.0000	0.158578	254.11
259.9000	0.151837	254.138
259.8000	0.163351	254.177
259.7000	0.156053	254.224
259.6000	0.147603	254.283
259.5000	0.136586	254.357
259.4000	0.141739	254.439
259.3000	0.132155	254.516
259.2000	0.127335	254.591
259.1000	0.112064	254.665
259.0000	0.10989	254.742
258.9000	0.11405	254.815
258.8000	0.113445	254.882
258.7000	0.131658	254.951
258.6000	0.142601	255.028
258.5000	0.152521	255.099
258.4000	0.152212	255.169
258.3000	0.180676	255.24
258.2000	0.208623	255.309
258.1000	0.228859	255.382
258.0000	0.225013	255.453
257.9000	0.224411	255.517
257.8000	0.206408	255.585
257.7000	0.195388	255.648
257.6000	0.175611	255.713
257.5000	0.147449	255.786
257.4000	0.136907	255.852
257.3000	0.139236	255.918
257.2000	0.151794	255.981
257.1000	0.169447	256.05
257.0000	0.166149	256.119
256.9000	0.186665	256.188
256.8000	0.208331	256.256
256.7000	0.202429	256.328
256.6000	0.186303	256.399
256.5000	0.190907	256.474
256.4000	0.171453	256.545
256.3000	0.167779	256.615
256.2000	0.150917	256.687
256.1000	0.131963	256.755
256.0000	0.105522	256.824
255.9000	0.110823	256.892
255.8000	0.117831	256.958
255.7000	0.14693	257.023
255.6000	0.145271	257.085
255.5000	0.144021	257.147
255.4000	0.154771	257.212
255.3000	0.186972	257.278
255.2000	0.213306	257.347
255.1000	0.184545	257.419
255.0000	0.156115	257.49
254.9000	0.163806	257.565
254.8000	0.169245	257.632
254.7000	0.137902	257.697
254.6000	0.119405	257.761
254.5000	0.07075	257.824
254.4000	0.0697484	257.888
254.3000	0.0679982	257.956
254.2000	0.0742147	258.027
254.1000	0.0811212	258.102
254.0000	0.109373	258.178
253.9000	0.102613	258.257
253.8000	0.110548	258.331
253.7000	0.119175	258.408
253.6000	0.109833	258.481
253.5000	0.0938706	258.55
253.4000	0.0855247	258.621
253.3000	0.0614323	258.692
253.2000	0.0815292	258.763
253.1000	0.0926745	258.832
253.0000	0.0786518	258.9
252.9000	0.0848748	258.969
252.8000	0.0602419	259.041
252.7000	0.041762	259.11
252.6000	0.0427944	259.18
252.5000	0.02047	259.253
252.4000	0.00966589	259.33
252.3000	0.0464621	259.405
252.2000	0.0439825	259.478
252.1000	0.0511284	259.553
252.0000	0.0647326	259.631
251.9000	0.0474952	259.705
251.8000	0.0432777	259.777
251.7000	0.0314655	259.846
251.6000	-0.0247106	259.915
251.5000	-0.0318428	259.99
251.4000	-0.0271944	260.064
251.3000	-0.0257738	260.137
251.2000	0.0286306	260.216
251.1000	0.0454163	260.293
251.0000	0.0628563	260.371
250.9000	0.0866994	260.45
250.8000	0.0710381	260.524
250.7000	0.0606542	260.601
250.6000	0.0498173	260.677
250.5000	0.0316024	260.745
250.4000	0.0239206	260.817
250.3000	0.0109469	260.886
250.2000	0.0164169	260.959
250.1000	0.0401224	261.031
250.0000	0.0477046	261.1
249.9000	0.039581	261.172
249.8000	0.0485594	261.244
249.7000	0.0499186	261.316
249.6000	0.0687838	261.394
249.5000	0.0649932	261.466
249.4000	0.0561528	261.541
249.3000	0.0510685	261.618
249.2000	0.0176455	261.69
249.1000	0.00688011	261.763
249.0000	0.00505621	261.84
248.9000	0.00829274	261.917
248.8000	0.00373299	261.996
248.7000	0.00478104	262.07
248.6000	0.0119135	262.142
248.5000	0.0486769	262.222
248.4000	0.0435442	262.299
248.3000	0.0471835	262.376
248.2000	0.049382	262.449
248.1000	0.0419286	262.517
248.0000	0.0435027	262.588
247.9000	0.0551758	262.661
247.8000	0.0654856	262.728
247.7000	0.0601764	262.799
247.6000	0.0366365	262.87
247.5000	0.0325635	262.942
247.4000	0.051368	263.016
247.3000	0.0538046	263.096
247.2000	0.050049	263.17
247.1000	0.0412978	263.249
247.0000	0.025888	263.328
246.9000	0.0325836	263.406
246.8000	-0.00206878	263.485
246.7000	-0.0148041	263.561
246.6000	-0.00773941	263.635
246.5000	-0.0303914	263.715
246.4000	-0.0171579	263.793
246.3000	-0.0235287	263.871
246.2000	0.0114178	263.948
246.1000	0.0430492	264.023
246.0000	0.0587322	264.1
245.9000	0.0382302	264.177
245.8000	0.0103166	264.258
245.7000	-0.0106384	264.336
245.6000	0.00935694	264.413
245.5000	-0.0230099	264.493
245.4000	0.0099058	264.575
245.3000	-0.0201682	264.654
245.2000	-0.000250588	264.731
245.1000	0.0394163	264.805
245.0000	0.0527228	264.881
244.9000	0.0838915	264.953
244.8000	0.0802328	265.028
244.7000	0.0738146	265.102
244.6000	0.105256	265.179
244.5000	0.116913	265.257
244.4000	0.097133	265.339
244.3000	0.125424	265.421
244.2000	0.0951163	265.506
244.1000	0.0961753	265.588
244.0000	0.0512963	265.672
243.9000	0.0163461	265.755
243.8000	-0.00884434	265.838
243.7000	-0.00335897	265.92
243.6000	-0.0271534	266.003
243.5000	-0.0311869	266.09
243.4000	-0.0137645	266.176
243.3000	0.0165033	266.262
243.2000	0.0243781	266.351
243.1000	0.046845	266.441
243.0000	0.0430842	266.533
242.9000	0.0478459	266.626
242.8000	0.018204	266.715
242.7000	0.00221034	266.807
242.6000	0.00609582	266.9
242.5000	0.0352482	266.994
242.4000	0.0170832	267.087
242.3000	0.0329189	267.182
242.2000	0.031426	267.276
242.1000	0.0558255	267.374
242.0000	0.0604878	267.475
241.9000	0.061812	267.574
241.8000	0.046853	267.677
241.7000	0.0324508	267.781
241.6000	0.0251969	267.888
241.5000	0.0148443	267.999
241.4000	-0.00458707	268.109
241.3000	-0.041342	268.214
241.2000	-0.0408133	268.322
241.1000	-0.0181096	268.429
241.0000	-0.00805035	268.538
240.9000	-0.0107452	268.643
240.8000	-0.00216613	268.746
240.7000	0.023588	268.855
240.6000	0.0388729	268.963
240.5000	0.0102152	269.071
240.4000	-0.0091893	269.183
240.3000	-0.0167149	269.297
240.2000	0.00855401	269.41
240.1000	0.00290622	269.524
240.0000	-0.0155764	269.64
239.9000	0.00933905	269.763
239.8000	0.0286835	269.892
239.7000	0.0435621	270.016
239.6000	0.0543813	270.141
239.5000	0.0226095	270.273
239.4000	0.0251986	270.405
239.3000	0.0340685	270.535
239.2000	-0.00397066	270.662
239.1000	-0.00216663	270.793
239.0000	0.000354648	270.926
238.9000	-0.00469262	271.06
238.8000	-0.0211127	271.191
238.7000	-0.0354543	271.326
238.6000	-0.0543599	271.465
238.5000	-0.0703223	271.605
238.4000	-0.130574	271.744
238.3000	-0.160394	271.885
238.2000	-0.159711	272.028
238.1000	-0.17074	272.169
238.0000	-0.160298	272.311
237.9000	-0.112823	272.454
237.8000	-0.069318	272.595
237.7000	-0.0292376	272.741
237.6000	-0.0374444	272.883
237.5000	-0.036183	273.023
237.4000	0.00304406	273.17
237.3000	0.0252808	273.315
237.2000	-0.0223597	273.457
237.1000	-0.0721951	273.599
237.0000	-0.0867262	273.739
236.9000	-0.0654973	273.885
236.8000	-0.0937134	274.028
236.7000	-0.109898	274.166
236.6000	-0.154024	274.314
236.5000	-0.144017	274.467
236.4000	-0.113367	274.614
236.3000	-0.0992648	274.763
236.2000	-0.140872	274.909
236.1000	-0.144696	275.063
236.0000	-0.142041	275.212
235.9000	-0.144361	275.359
235.8000	-0.123971	275.505
235.7000	-0.108485	275.653
235.6000	-0.109313	275.797
235.5000	-0.102236	275.939
235.4000	-0.0947299	276.082
235.3000	-0.0734461	276.224
235.2000	-0.0876958	276.368
235.1000	-0.104298	276.514
235.0000	-0.0993734	276.664
234.9000	-0.0893563	276.815
234.8000	-0.0944016	276.969
234.7000	-0.087437	277.119
234.6000	-0.0832928	277.272
234.5000	-0.0455198	277.423
234.4000	-0.0617067	277.569
234.3000	-0.0877629	277.715
234.2000	-0.0926214	277.859
234.1000	-0.0885608	278.002
234.0000	-0.117531	278.146
233.9000	-0.12743	278.292
233.8000	-0.145271	278.443
233.7000	-0.155395	278.593
233.6000	-0.169621	278.739
233.5000	-0.183123	278.887
233.4000	-0.175436	279.038
233.3000	-0.1817	279.19
233.2000	-0.222592	279.343
233.1000	-0.252207	279.492
233.0000	-0.256264	279.646
232.9000	-0.249878	279.797
232.8000	-0.252531	279.948
232.7000	-0.271391	280.1
232.6000	-0.260834	280.254
232.5000	-0.229029	280.41
232.4000	-0.206592	280.565
232.3000	-0.201284	280.722
232.2000	-0.239011	280.884
232.1000	-0.243198	281.051
232.0000	-0.238962	281.222
231.9000	-0.253894	281.389
231.8000	-0.257203	281.552
231.7000	-0.27325	281.715
231.6000	-0.27643	281.878
231.5000	-0.277271	282.039
231.4000	-0.28034	282.194
231.3000	-0.27293	282.345
231.2000	-0.253488	282.494
231.1000	-0.271628	282.646
231.0000	-0.295216	282.798
230.9000	-0.2951	282.95
230.8000	-0.293798	283.104
230.7000	-0.310983	283.255
230.6000	-0.338	283.411
230.5000	-0.343268	283.565
230.4000	-0.366019	283.718
230.3000	-0.356252	283.87
230.2000	-0.386276	284.023
230.1000	-0.363816	284.177
230.0000	-0.340273	284.331
229.9000	-0.329071	284.488
229.8000	-0.331416	284.645
229.7000	-0.308875	284.804
229.6000	-0.302382	284.964
229.5000	-0.29468	285.124
229.4000	-0.306864	285.291
229.3000	-0.328024	285.459
229.2000	-0.359827	285.627
229.1000	-0.381192	285.795
229.0000	-0.387311	285.962
228.9000	-0.39309	286.133
228.8000	-0.3656	286.302
228.7000	-0.381049	286.471
228.6000	-0.404114	286.637
228.5000	-0.404017	286.804
228.4000	-0.392972	286.974
228.3000	-0.41442	287.146
228.2000	-0.42674	287.316
228.1000	-0.454977	287.489
228.0000	-0.44523	287.66
227.9000	-0.429128	287.831
227.8000	-0.417225	288.001
227.7000	-0.423781	288.17
227.6000	-0.428153	288.339
227.5000	-0.419489	288.505
227.4000	-0.397138	288.669
227.3000	-0.391903	288.831
227.2000	-0.381206	288.992
227.1000	-0.39641	289.15
227.0000	-0.421132	289.308
226.9000	-0.395014	289.461
226.8000	-0.412582	289.619
226.7000	-0.414253	289.776
226.6000	-0.425337	289.933
226.5000	-0.442533	290.093
226.4000	-0.422461	290.251
226.3000	-0.379056	290.409
226.2000	-0.386016	290.566
226.1000	-0.374459	290.725
226.0000	-0.355263	290.879
225.9000	-0.32972	291.03
225.8000	-0.313677	291.184
225.7000	-0.344084	291.337
225.6000	-0.377802	291.485
225.5000	-0.390465	291.635
225.4000	-0.403495	291.78
225.3000	-0.480494	291.926
225.2000	-0.530788	292.076
225.1000	-0.533493	292.226
225.0000	-0.519568	292.378
224.9000	-0.533213	292.529
224.8000	-0.527238	292.684
224.7000	-0.499905	292.838
224.6000	-0.489991	292.994
224.5000	-0.45581	293.151
224.4000	-0.49872	293.305
224.3000	-0.529497	293.46
224.2000	-0.522494	293.617
224.1000	-0.530526	293.772
224.0000	-0.563518	293.926
223.9000	-0.531658	294.084
223.8000	-0.535551	294.239
223.7000	-0.546621	294.391
223.6000	-0.512387	294.548
223.5000	-0.520598	294.704
223.4000	-0.518012	294.862
223.3000	-0.490579	295.024
223.2000	-0.518381	295.186
223.1000	-0.503144	295.346
223.0000	-0.503776	295.509
222.9000	-0.511339	295.67
222.8000	-0.504501	295.831
222.7000	-0.508745	295.99
222.6000	-0.531683	296.155
222.5000	-0.529485	296.321
222.4000	-0.533321	296.49
222.3000	-0.503295	296.656
222.2000	-0.547275	296.823
222.1000	-0.528471	296.992
222.0000	-0.547747	297.157
221.9000	-0.573711	297.321
221.8000	-0.564332	297.484
221.7000	-0.552052	297.649
221.6000	-0.545814	297.81
221.5000	-0.473234	297.968
221.4000	-0.479137	298.13
221.3000	-0.434712	298.289
221.2000	-0.424205	298.442
221.1000	-0.454933	298.594
221.0000	-0.47755	298.749
220.9000	-0.466927	298.903
220.8000	-0.511075	299.06
220.7000	-0.53924	299.215
220.6000	-0.587657	299.37
220.5000	-0.588892	299.524
220.4000	-0.54707	299.675
220.3000	-0.521638	299.819
220.2000	-0.537962	299.971
220.1000	-0.519555	300.115
220.0000	-0.531629	300.257
219.9000	-0.513991	300.405
219.8000	-0.535115	300.553
219.7000	-0.529934	300.707
219.6000	-0.592837	300.862
219.5000	-0.615324	301.012
219.4000	-0.641416	301.167
219.3000	-0.611602	301.318
219.2000	-0.627822	301.465
219.1000	-0.613374	301.612
219.0000	-0.662218	301.759
218.9000	-0.610139	301.906
218.8000	-0.640536	302.055
218.7000	-0.639302	302.205
218.6000	-0.643782	302.356
218.5000	-0.616666	302.507
218.4000	-0.672397	302.661
218.3000	-0.688686	302.814
218.2000	-0.700579	302.964
218.1000	-0.669273	303.119
218.0000	-0.683341	303.27
217.9000	-0.666794	303.424
217.8000	-0.648433	303.575
217.7000	-0.582079	303.732
217.6000	-0.581136	303.888
217.5000	-0.59053	304.045
217.4000	-0.58915	304.199
217.3000	-0.584931	304.356
217.2000	-0.635868	304.515
217.1000	-0.635915	304.674
217.0000	-0.652131	304.832
216.9000	-0.64889	304.993
216.8000	-0.653563	305.151
216.7000	-0.679274	305.313
216.6000	-0.665288	305.474
216.5000	-0.660682	305.631
216.4000	-0.67518	305.792
216.3000	-0.689045	305.951
216.2000	-0.63128	306.111
216.1000	-0.621716	306.271
216.0000	-0.621042	306.427
215.9000	-0.612622	306.587
215.8000	-0.579807	306.746
215.7000	-0.568538	306.903
215.6000	-0.564191	307.051
215.5000	-0.599607	307.193
215.4000	-0.586865	307.339
215.3000	-0.607007	307.479
215.2000	-0.626756	307.624
215.1000	-0.603158	307.763
215.0000	-0.559834	307.906
214.9000	-0.562815	308.052
214.8000	-0.569045	308.199
214.7000	-0.533935	308.345
214.6000	-0.511831	308.496
214.5000	-0.520604	308.646
214.4000	-0.56236	308.793
214.3000	-0.625305	308.941
214.2000	-0.580557	309.086
214.1000	-0.583308	309.234
214.0000	-0.652555	309.377
213.9000	-0.687184	309.519
213.8000	-0.69842	309.664
213.7000	-0.724001	309.817
213.6000	-0.718077	309.964
213.5000	-0.740276	310.112
213.4000	-0.753748	310.264
213.3000	-0.725564	310.427
213.2000	-0.695757	310.59
213.1000	-0.682913	310.752
213.0000	-0.695605	310.918
212.9000	-0.681015	311.089
212.8000	-0.693022	311.264
212.7000	-0.647659	311.437
212.6000	-0.633579	311.61
212.5000	-0.629235	311.782
212.4000	-0.615826	311.958
212.3000	-0.612356	312.133
212.2000	-0.637385	312.316
212.1000	-0.651202	312.499
212.0000	-0.726074	312.685
211.9000	-0.766949	312.872
211.8000	-0.763647	313.062
211.7000	-0.786342	313.25
211.6000	-0.814895	313.436
211.5000	-0.841706	313.619
211.4000	-0.836616	313.804
211.3000	-0.831416	313.988
211.2000	-0.83172	314.171
211.1000	-0.858861	314.35
211.0000	-0.850989	314.534
210.9000	-0.86568	314.716
210.8000	-0.831957	314.896
210.7000	-0.869701	315.075
210.6000	-0.873305	315.252
210.5000	-0.830716	315.431
210.4000	-0.868869	315.608
210.3000	-0.906795	315.788
210.2000	-0.894578	315.966
210.1000	-0.904736	316.145
210.0000	-0.840147	316.329
209.9000	-0.867754	316.513
209.8000	-0.863606	316.696
209.7000	-0.843931	316.881
209.6000	-0.825471	317.063
209.5000	-0.81785	317.253
209.4000	-0.807271	317.44
209.3000	-0.853653	317.629
209.2000	-0.871983	317.821
209.1000	-0.902655	318.011
209.0000	-0.931031	318.206
208.9000	-0.951081	318.405
208.8000	-0.993132	318.606
208.7000	-1.11069	318.809
208.6000	-1.10459	319.006
208.5000	-1.09814	319.211
208.4000	-1.17178	319.421
208.3000	-1.15032	319.631
208.2000	-1.14347	319.84
208.1000	-1.1791	320.052
208.0000	-1.15125	320.267
207.9000	-1.21872	320.485
207.8000	-1.23187	320.7
207.7000	-1.15645	320.917
207.6000	-1.18402	321.131
207.5000	-1.21309	321.352
207.4000	-1.19893	321.573
207.3000	-1.17515	321.797
207.2000	-1.07798	322.023
207.1000	-1.0668	322.25
207.0000	-1.03551	322.48
206.9000	-1.03233	322.711
206.8000	-1.06606	322.941
206.7000	-1.04773	323.17
206.6000	-1.08811	323.397
206.5000	-1.17444	323.625
206.4000	-1.15786	323.852
206.3000	-1.25591	324.078
206.2000	-1.28067	324.309
206.1000	-1.29665	324.536
206.0000	-1.37225	324.765
205.9000	-1.39478	324.996
205.8000	-1.42374	325.229
205.7000	-1.45681	325.461
205.6000	-1.44265	325.692
205.5000	-1.47684	325.921
205.4000	-1.4754	326.153
205.3000	-1.42849	326.391
205.2000	-1.41488	326.623
205.1000	-1.40088	326.857
205.0000	-1.403	327.096
204.9000	-1.4136	327.344
204.8000	-1.40807	327.593
204.7000	-1.42416	327.84
204.6000	-1.40302	328.09
204.5000	-1.37215	328.349
204.4000	-1.51135	328.609
204.3000	-1.5318	328.871
204.2000	-1.51868	329.126
204.1000	-1.54994	329.391
204.0000	-1.56063	329.653
203.9000	-1.64355	329.921
203.8000	-1.64884	330.187
203.7000	-1.59783	330.454
203.6000	-1.62872	330.722
203.5000	-1.6307	330.996
203.4000	-1.60968	331.272
203.3000	-1.57445	331.552
203.2000	-1.60939	331.827
203.1000	-1.66087	332.112
203.0000	-1.63127	332.399
202.9000	-1.58954	332.688
202.8000	-1.65493	332.977
202.7000	-1.59393	333.267
202.6000	-1.57238	333.563
202.5000	-1.54985	333.861
202.4000	-1.59807	334.157
202.3000	-1.64699	334.456
202.2000	-1.70057	334.762
202.1000	-1.67846	335.067
202.0000	-1.7821	335.375
201.9000	-1.8534	335.688
201.8000	-1.88915	336.003
201.7000	-1.89374	336.322
201.6000	-1.97955	336.643
201.5000	-2.01811	336.962
201.4000	-2.07309	337.291
201.3000	-2.08207	337.623
201.2000	-2.09984	337.957
201.1000	-2.10684	338.294
201.0000	-2.07951	338.632
200.9000	-2.04666	338.977
200.8000	-2.0653	339.329
200.7000	-2.05104	339.683
200.6000	-2.06372	340.038
200.5000	-2.05236	340.396
200.4000	-1.97288	340.763
200.3000	-1.96244	341.134
200.2000	-1.96801	341.506
200.1000	-1.90406	341.877
200.0000	-1.90883	342.251
199.9000	-1.87073	342.633
199.8000	-1.86079	343.019
199.7000	-1.95347	343.411
199.6000	-1.95152	343.802
199.5000	-1.93566	344.2
199.4000	-2.02525	344.604
199.3000	-2.04608	345.004
199.2000	-2.04822	345.404
199.1000	-2.03728	345.807
199.0000	-1.98666	346.209
198.9000	-1.9989	346.613
198.8000	-2.01667	347.015
198.7000	-1.92886	347.425
198.6000	-1.94287	347.84
198.5000	-1.98646	348.256
198.4000	-2.04737	348.673
198.3000	-2.08847	349.098
198.2000	-2.12666	349.528
198.1000	-2.05713	349.963
198.0000	-2.10318	350.399
197.9000	-2.09526	350.841
197.8000	-2.03858	351.287
197.7000	-2.02336	351.737
197.6000	-2.00727	352.191
197.5000	-1.96018	352.657
197.4000	-1.94718	353.126
197.3000	-2.00536	353.6
197.2000	-2.03576	354.084
197.1000	-2.01544	354.572
197.0000	-1.98828	355.067
196.9000	-1.92394	355.569
196.8000	-1.94131	356.07
196.7000	-1.95506	356.575
196.6000	-1.78996	357.081
196.5000	-1.72468	357.592
196.4000	-1.74423	358.109
196.3000	-1.6661	358.629
196.2000	-1.70617	359.149
196.1000	-1.70423	359.679
196.0000	-1.74206	360.211
195.9000	-1.77705	360.745
195.8000	-1.69198	361.278
195.7000	-1.73214	361.81
195.6000	-1.79463	362.343
195.5000	-1.74084	362.88
195.4000	-1.73281	363.417
195.3000	-1.64122	363.964
195.2000	-1.67243	364.528
195.1000	-1.72075	365.112
195.0000	-1.73227	365.707
194.9000	-1.76089	366.323
194.8000	-1.77356	366.953
194.7000	-1.75565	367.608
194.6000	-1.82342	368.263
194.5000	-1.88008	368.929
194.4000	-1.78807	369.599
194.3000	-1.65052	370.281
194.2000	-1.58827	370.965
194.1000	-1.58763	371.654
194.0000	-1.58105	372.345
193.9000	-1.39569	373.053
193.8000	-1.23887	373.768
193.7000	-1.23949	374.488
193.6000	-1.28743	375.213
193.5000	-1.25831	375.949
193.4000	-1.22885	376.684
193.3000	-1.20043	377.433
193.2000	-1.28899	378.18
193.1000	-1.37777	378.929
193.0000	-1.34845	379.684
192.9000	-1.42309	380.44
192.8000	-1.3888	381.199
192.7000	-1.38174	381.967
192.6000	-1.37358	382.736
192.5000	-1.38971	383.513
192.4000	-1.39769	384.29
192.3000	-1.35203	385.074
192.2000	-1.29017	385.87
192.1000	-1.30224	386.673
192.0000	-1.25883	387.481
191.9000	-1.23278	388.291
191.8000	-1.28195	389.106
191.7000	-1.21731	389.938
191.6000	-1.23893	390.771
191.5000	-1.24611	391.61
191.4000	-1.19089	392.458
191.3000	-1.25807	393.315
191.2000	-1.28529	394.185
191.1000	-1.32131	395.067
191.0000	-1.45604	395.95
190.9000	-1.49815	396.844
190.8000	-1.51183	397.749
190.7000	-1.66146	398.664
190.6000	-1.6054	399.586
190.5000	-1.55597	400.52
190.4000	-1.36033	401.459
190.3000	-1.29186	402.419
190.2000	-1.26423	403.393
190.1000	-1.17201	404.388
190.0000	-1.05481	405.387
189.9000	-1.05736	406.4
189.8000	-1.1904	407.423
189.7000	-1.32016	408.471
189.6000	-1.29343	409.531
189.5000	-1.21989	410.596
189.4000	-1.14651	411.669
189.3000	-1.18099	412.769
189.2000	-1.18199	413.889
189.1000	-1.05382	415.027
189.0000	-0.913111	416.175
188.9000	-0.837208	417.346
188.8000	-0.854328	418.544
188.7000	-0.845232	419.769
188.6000	-0.74611	421.015
188.5000	-0.548037	422.289
188.4000	-0.463656	423.588
188.3000	-0.520762	424.918
188.2000	-0.65105	426.276
188.1000	-0.637182	427.657
188.0000	-0.627366	429.062
187.9000	-0.617367	430.507
187.8000	-0.515886	431.99
187.7000	-0.496966	433.522
187.6000	-0.369592	435.089
187.5000	-0.0668205	436.7
187.4000	-0.0714526	438.365
187.3000	-0.10681	440.082
187.2000	-0.147791	441.838
187.1000	-0.350847	443.641
187.0000	-0.328255	445.492
186.9000	-0.289575	447.398
186.8000	-0.211316	449.357
186.7000	-0.0828055	451.371
186.6000	-0.11264	453.441
186.5000	-0.00262383	455.571
186.4000	0.034184	457.758
186.3000	0.162481	460.002
186.2000	-0.0324659	462.316
186.1000	-0.236786	464.706
186.0000	-0.124736	467.165
185.9000	-0.190708	469.706
185.8000	-0.285353	472.327
185.7000	-0.170448	475.056
185.6000	-0.150173	477.887
185.5000	0.164782	480.818
185.4000	0.285715	483.852
185.3000	-0.0961279	487.006
185.2000	0.129612	490.287
185.1000	-0.0869006	493.71
185.0000	-0.0417424	497.237
