TITLE	05_250717A_1day
DATA TYPE	
ORIGIN	JASCO
OWNER	
DATE	25/07/18
TIME	13:54:37
SPECTROMETER/DATA SYSTEM	JASCO Corp., J-715, Rev. 1.00
RESOLUTION	
DELTAX	-0.1
XUNITS	NANOMETERS
YUNITS	CD[mdeg]
Y2UNITS	HT[V]
FIRSTX	260.0000
LASTX	185.0000
NPOINTS	751
FIRSTY	0.15359
MAXY	0.15359
MINY	-1.65566
XYDATA
260.0000	0.153592	254.041
259.9000	0.142325	254.058
259.8000	0.152849	254.084
259.7000	0.145841	254.12
259.6000	0.152165	254.163
259.5000	0.12275	254.222
259.4000	0.108145	254.289
259.3000	0.118615	254.36
259.2000	0.1197	254.432
259.1000	0.0993369	254.503
259.0000	0.103837	254.572
258.9000	0.0898694	254.643
258.8000	0.0989601	254.711
258.7000	0.095477	254.78
258.6000	0.0467377	254.852
258.5000	0.043718	254.922
258.4000	0.0408719	254.992
258.3000	0.0436778	255.063
258.2000	0.0576846	255.136
258.1000	0.0597989	255.21
258.0000	0.0628561	255.281
257.9000	0.086083	255.35
257.8000	0.0844061	255.418
257.7000	0.0778091	255.486
257.6000	0.0516482	255.555
257.5000	0.0392323	255.622
257.4000	0.0384939	255.688
257.3000	0.038408	255.754
257.2000	0.0599891	255.819
257.1000	0.0508003	255.884
257.0000	0.0632862	255.948
256.9000	0.0980116	256.013
256.8000	0.123991	256.081
256.7000	0.123792	256.152
256.6000	0.121683	256.223
256.5000	0.088075	256.289
256.4000	0.0904071	256.359
256.3000	0.0883048	256.431
256.2000	0.0776748	256.499
256.1000	0.0580149	256.564
256.0000	0.0706563	256.634
255.9000	0.0605514	256.702
255.8000	0.088833	256.773
255.7000	0.0883333	256.837
255.6000	0.0559385	256.905
255.5000	0.048996	256.97
255.4000	0.0703884	257.04
255.3000	0.0433241	257.107
255.2000	0.0370537	257.177
255.1000	0.034218	257.244
255.0000	0.0431043	257.315
254.9000	0.0563346	257.383
254.8000	0.0472434	257.452
254.7000	0.0273998	257.517
254.6000	0.0402649	257.581
254.5000	0.0481141	257.645
254.4000	0.0648769	257.712
254.3000	0.0771758	257.776
254.2000	0.0795608	257.847
254.1000	0.0901048	257.917
254.0000	0.102527	257.989
253.9000	0.106256	258.061
253.8000	0.0863771	258.133
253.7000	0.0908583	258.207
253.6000	0.0875135	258.283
253.5000	0.0784521	258.352
253.4000	0.077864	258.426
253.3000	0.0610044	258.496
253.2000	0.0681303	258.566
253.1000	0.0733095	258.637
253.0000	0.0468669	258.706
252.9000	0.0541545	258.774
252.8000	0.068978	258.846
252.7000	0.0623323	258.914
252.6000	0.0661656	258.986
252.5000	0.0683146	259.056
252.4000	0.0782614	259.133
252.3000	0.0707875	259.211
252.2000	0.0530486	259.286
252.1000	0.0337839	259.363
252.0000	0.0291198	259.442
251.9000	0.0370617	259.522
251.8000	0.0402674	259.602
251.7000	0.0208152	259.672
251.6000	0.015079	259.741
251.5000	0.0244742	259.813
251.4000	0.0350597	259.885
251.3000	0.0348538	259.96
251.2000	0.0105582	260.028
251.1000	-0.0167365	260.102
251.0000	-0.0113751	260.181
250.9000	0.00643656	260.26
250.8000	0.000148515	260.339
250.7000	-0.0322215	260.415
250.6000	-0.0434245	260.486
250.5000	-0.0206374	260.557
250.4000	-0.000149012	260.624
250.3000	0.0331116	260.692
250.2000	0.0558794	260.762
250.1000	0.058161	260.833
250.0000	0.0649234	260.902
249.9000	0.091142	260.971
249.8000	0.113206	261.044
249.7000	0.114095	261.117
249.6000	0.0676321	261.19
249.5000	0.0592289	261.256
249.4000	0.054083	261.321
249.3000	0.0510673	261.391
249.2000	0.0139078	261.468
249.1000	-0.00327354	261.538
249.0000	-0.000664592	261.609
248.9000	0.0275113	261.68
248.8000	0.0318259	261.755
248.7000	0.047116	261.827
248.6000	0.0687353	261.899
248.5000	0.0984853	261.966
248.4000	0.0904689	262.038
248.3000	0.0706007	262.11
248.2000	0.0590886	262.183
248.1000	0.0360621	262.252
248.0000	0.0332092	262.326
247.9000	0.0195493	262.398
247.8000	-0.0042816	262.467
247.7000	0.00313247	262.539
247.6000	0.00805333	262.609
247.5000	-0.0148535	262.677
247.4000	0.00997062	262.75
247.3000	0.0439311	262.823
247.2000	0.0582794	262.897
247.1000	0.0650128	262.972
247.0000	0.0367363	263.048
246.9000	0.0550697	263.122
246.8000	0.0792774	263.201
246.7000	0.0569324	263.278
246.6000	0.0229185	263.352
246.5000	0.0104398	263.43
246.4000	0.00580226	263.503
246.3000	0.0459164	263.58
246.2000	0.0322811	263.656
246.1000	0.0244024	263.735
246.0000	0.0293416	263.814
245.9000	0.0124246	263.891
245.8000	0.038074	263.969
245.7000	0.0418521	264.052
245.6000	0.0309147	264.127
245.5000	0.0263842	264.202
245.4000	0.0425632	264.274
245.3000	0.0241406	264.344
245.2000	0.0296084	264.418
245.1000	-0.00450859	264.487
245.0000	-0.0021706	264.558
244.9000	-0.00380923	264.629
244.8000	-0.0237584	264.699
244.7000	-0.00391429	264.774
244.6000	0.00102296	264.85
244.5000	0.0266063	264.924
244.4000	0.0453065	265.002
244.3000	0.0217425	265.074
244.2000	0.035433	265.157
244.1000	0.0505567	265.232
244.0000	0.00432283	265.306
243.9000	-0.0196613	265.381
243.8000	-0.0670527	265.457
243.7000	-0.0685029	265.533
243.6000	-0.0451654	265.612
243.5000	-0.0649283	265.693
243.4000	-0.0721961	265.779
243.3000	-0.056425	265.869
243.2000	-0.046216	265.957
243.1000	-0.0356706	266.047
243.0000	-0.0237105	266.137
242.9000	-0.033207	266.228
242.8000	-0.00817974	266.318
242.7000	0.00267476	266.405
242.6000	0.0100809	266.492
242.5000	0.0314591	266.582
242.4000	0.0335738	266.67
242.3000	-0.00609308	266.767
242.2000	-0.00102023	266.861
242.1000	0.026648	266.956
242.0000	0.0627702	267.058
241.9000	0.0575051	267.155
241.8000	0.0387872	267.255
241.7000	0.0612567	267.359
241.6000	0.0987972	267.456
241.5000	0.0828887	267.555
241.4000	0.0768026	267.659
241.3000	0.0418447	267.76
241.2000	0.0388227	267.864
241.1000	0.0532831	267.969
241.0000	0.0422875	268.076
240.9000	0.0357961	268.18
240.8000	0.0471026	268.287
240.7000	0.0149685	268.392
240.6000	0.00778337	268.495
240.5000	0.0285603	268.599
240.4000	0.0300072	268.698
240.3000	0.0179154	268.801
240.2000	0.0105706	268.904
240.1000	-0.0282998	269.011
240.0000	-0.0128421	269.122
239.9000	0.00665858	269.239
239.8000	-0.01202	269.36
239.7000	-0.0125788	269.48
239.6000	0.0197448	269.606
239.5000	0.0121954	269.735
239.4000	0.0444248	269.867
239.3000	0.0282116	269.994
239.2000	0.00473211	270.12
239.1000	-0.00931993	270.25
239.0000	-0.00480587	270.376
238.9000	-0.0527399	270.506
238.8000	-0.0463873	270.637
238.7000	-0.0719694	270.764
238.6000	-0.0691138	270.897
238.5000	-0.0643402	271.027
238.4000	-0.0676148	271.16
238.3000	-0.0657976	271.293
238.2000	-0.0476976	271.428
238.1000	-0.0470916	271.561
238.0000	-0.0345203	271.695
237.9000	-0.0497398	271.831
237.8000	-0.0538707	271.971
237.7000	-0.0690959	272.11
237.6000	-0.0949316	272.251
237.5000	-0.0834145	272.388
237.4000	-0.0578145	272.527
237.3000	-0.073275	272.668
237.2000	-0.0840299	272.806
237.1000	-0.073075	272.946
237.0000	-0.0690793	273.085
236.9000	-0.0620273	273.224
236.8000	-0.0812044	273.367
236.7000	-0.130492	273.508
236.6000	-0.0958373	273.646
236.5000	-0.0763995	273.787
236.4000	-0.0820758	273.929
236.3000	-0.0781173	274.07
236.2000	-0.0700675	274.216
236.1000	-0.0544461	274.358
236.0000	-0.0531663	274.504
235.9000	-0.0805428	274.647
235.8000	-0.091023	274.79
235.7000	-0.124103	274.931
235.6000	-0.129052	275.069
235.5000	-0.12686	275.204
235.4000	-0.116655	275.343
235.3000	-0.123976	275.482
235.2000	-0.134639	275.625
235.1000	-0.125173	275.766
235.0000	-0.123662	275.91
234.9000	-0.112925	276.056
234.8000	-0.109302	276.198
234.7000	-0.116759	276.338
234.6000	-0.0993562	276.478
234.5000	-0.0979205	276.616
234.4000	-0.0963852	276.754
234.3000	-0.0860967	276.893
234.2000	-0.122152	277.034
234.1000	-0.138695	277.179
234.0000	-0.155155	277.322
233.9000	-0.156675	277.463
233.8000	-0.15137	277.61
233.7000	-0.13078	277.755
233.6000	-0.121832	277.896
233.5000	-0.0824673	278.04
233.4000	-0.070288	278.176
233.3000	-0.0629959	278.317
233.2000	-0.0741551	278.461
233.1000	-0.10129	278.602
233.0000	-0.129186	278.751
232.9000	-0.171011	278.897
232.8000	-0.229244	279.039
232.7000	-0.209203	279.192
232.6000	-0.176697	279.341
232.5000	-0.15437	279.491
232.4000	-0.133185	279.638
232.3000	-0.144617	279.787
232.2000	-0.144727	279.935
232.1000	-0.132611	280.089
232.0000	-0.153462	280.237
231.9000	-0.200619	280.389
231.8000	-0.205269	280.537
231.7000	-0.198454	280.689
231.6000	-0.196921	280.842
231.5000	-0.180291	280.998
231.4000	-0.212507	281.159
231.3000	-0.235589	281.321
231.2000	-0.219803	281.481
231.1000	-0.241629	281.643
231.0000	-0.24285	281.796
230.9000	-0.239682	281.941
230.8000	-0.236362	282.092
230.7000	-0.184348	282.237
230.6000	-0.163407	282.382
230.5000	-0.198065	282.525
230.4000	-0.195061	282.665
230.3000	-0.200321	282.815
230.2000	-0.215492	282.967
230.1000	-0.197184	283.111
230.0000	-0.247818	283.259
229.9000	-0.253077	283.408
229.8000	-0.23399	283.557
229.7000	-0.253806	283.705
229.6000	-0.270349	283.852
229.5000	-0.263683	283.998
229.4000	-0.27547	284.152
229.3000	-0.24668	284.301
229.2000	-0.247201	284.453
229.1000	-0.247736	284.607
229.0000	-0.237433	284.764
228.9000	-0.220741	284.925
228.8000	-0.197758	285.09
228.7000	-0.200413	285.253
228.6000	-0.221485	285.42
228.5000	-0.221335	285.584
228.4000	-0.2405	285.755
228.3000	-0.262553	285.924
228.2000	-0.299568	286.09
228.1000	-0.332791	286.257
228.0000	-0.344197	286.423
227.9000	-0.346071	286.583
227.8000	-0.373435	286.745
227.7000	-0.366508	286.906
227.6000	-0.388372	287.065
227.5000	-0.403814	287.219
227.4000	-0.420976	287.376
227.3000	-0.420436	287.528
227.2000	-0.43342	287.686
227.1000	-0.426556	287.835
227.0000	-0.407441	287.988
226.9000	-0.395219	288.14
226.8000	-0.354258	288.294
226.7000	-0.352663	288.447
226.6000	-0.339029	288.597
226.5000	-0.323554	288.748
226.4000	-0.316838	288.901
226.3000	-0.322783	289.048
226.2000	-0.335216	289.199
226.1000	-0.376647	289.346
226.0000	-0.388813	289.489
225.9000	-0.39475	289.635
225.8000	-0.411061	289.78
225.7000	-0.42639	289.925
225.6000	-0.440541	290.072
225.5000	-0.407333	290.218
225.4000	-0.361564	290.363
225.3000	-0.331291	290.504
225.2000	-0.334674	290.65
225.1000	-0.323544	290.794
225.0000	-0.283391	290.938
224.9000	-0.268501	291.081
224.8000	-0.320177	291.225
224.7000	-0.323903	291.37
224.6000	-0.335425	291.521
224.5000	-0.351629	291.668
224.4000	-0.3652	291.812
224.3000	-0.412345	291.957
224.2000	-0.430676	292.102
224.1000	-0.407067	292.247
224.0000	-0.435895	292.394
223.9000	-0.486539	292.543
223.8000	-0.416864	292.696
223.7000	-0.411109	292.848
223.6000	-0.409187	292.996
223.5000	-0.358455	293.152
223.4000	-0.335855	293.309
223.3000	-0.314595	293.466
223.2000	-0.309821	293.617
223.1000	-0.327569	293.765
223.0000	-0.327946	293.919
222.9000	-0.309741	294.079
222.8000	-0.344924	294.229
222.7000	-0.374641	294.381
222.6000	-0.359433	294.533
222.5000	-0.368833	294.685
222.4000	-0.380365	294.842
222.3000	-0.391645	294.996
222.2000	-0.409059	295.151
222.1000	-0.422234	295.304
222.0000	-0.434295	295.459
221.9000	-0.424922	295.614
221.8000	-0.39211	295.773
221.7000	-0.44183	295.931
221.6000	-0.436249	296.086
221.5000	-0.416399	296.241
221.4000	-0.414398	296.396
221.3000	-0.415199	296.545
221.2000	-0.436658	296.695
221.1000	-0.45094	296.844
221.0000	-0.420465	296.992
220.9000	-0.402994	297.141
220.8000	-0.376333	297.285
220.7000	-0.327145	297.434
220.6000	-0.349217	297.58
220.5000	-0.393488	297.723
220.4000	-0.387527	297.864
220.3000	-0.406187	298.005
220.2000	-0.470116	298.15
220.1000	-0.527403	298.291
220.0000	-0.54449	298.428
219.9000	-0.530235	298.563
219.8000	-0.484354	298.701
219.7000	-0.461007	298.839
219.6000	-0.439874	298.973
219.5000	-0.373708	299.108
219.4000	-0.342115	299.248
219.3000	-0.342038	299.389
219.2000	-0.329038	299.531
219.1000	-0.347465	299.67
219.0000	-0.353303	299.804
218.9000	-0.372296	299.946
218.8000	-0.405768	300.084
218.7000	-0.415979	300.217
218.6000	-0.401595	300.355
218.5000	-0.426981	300.497
218.4000	-0.386858	300.641
218.3000	-0.416307	300.785
218.2000	-0.414193	300.931
218.1000	-0.448293	301.078
218.0000	-0.441883	301.23
217.9000	-0.456601	301.375
217.8000	-0.466054	301.518
217.7000	-0.543553	301.663
217.6000	-0.54834	301.808
217.5000	-0.551213	301.952
217.4000	-0.511878	302.096
217.3000	-0.547853	302.242
217.2000	-0.555442	302.393
217.1000	-0.563039	302.54
217.0000	-0.590801	302.691
216.9000	-0.565803	302.844
216.8000	-0.570703	302.991
216.7000	-0.571185	303.145
216.6000	-0.522749	303.294
216.5000	-0.523938	303.446
216.4000	-0.494981	303.601
216.3000	-0.474863	303.75
216.2000	-0.468884	303.896
216.1000	-0.455258	304.053
216.0000	-0.469456	304.202
215.9000	-0.515501	304.352
215.8000	-0.470548	304.498
215.7000	-0.402707	304.642
215.6000	-0.424393	304.783
215.5000	-0.451285	304.924
215.4000	-0.454819	305.058
215.3000	-0.467334	305.194
215.2000	-0.434877	305.327
215.1000	-0.482072	305.45
215.0000	-0.49861	305.577
214.9000	-0.513627	305.706
214.8000	-0.526883	305.835
214.7000	-0.518063	305.962
214.6000	-0.492974	306.093
214.5000	-0.527777	306.225
214.4000	-0.533906	306.365
214.3000	-0.530436	306.498
214.2000	-0.453821	306.634
214.1000	-0.480772	306.768
214.0000	-0.530787	306.898
213.9000	-0.547697	307.034
213.8000	-0.568741	307.165
213.7000	-0.609147	307.296
213.6000	-0.624058	307.435
213.5000	-0.674827	307.565
213.4000	-0.669271	307.705
213.3000	-0.621999	307.846
213.2000	-0.598087	307.987
213.1000	-0.566131	308.137
213.0000	-0.570393	308.288
212.9000	-0.61661	308.444
212.8000	-0.619252	308.604
212.7000	-0.636632	308.762
212.6000	-0.700893	308.922
212.5000	-0.696567	309.079
212.4000	-0.677339	309.239
212.3000	-0.65581	309.399
212.2000	-0.607497	309.557
212.1000	-0.59507	309.718
212.0000	-0.615314	309.877
211.9000	-0.615278	310.038
211.8000	-0.611359	310.201
211.7000	-0.649638	310.362
211.6000	-0.668478	310.523
211.5000	-0.699869	310.683
211.4000	-0.675763	310.846
211.3000	-0.667789	311.009
211.2000	-0.683246	311.169
211.1000	-0.736342	311.327
211.0000	-0.693297	311.484
210.9000	-0.63523	311.645
210.8000	-0.595149	311.804
210.7000	-0.61291	311.96
210.6000	-0.586084	312.119
210.5000	-0.543947	312.284
210.4000	-0.542061	312.447
210.3000	-0.595242	312.61
210.2000	-0.642733	312.766
210.1000	-0.672277	312.926
210.0000	-0.680561	313.085
209.9000	-0.730213	313.241
209.8000	-0.746133	313.395
209.7000	-0.761659	313.546
209.6000	-0.772383	313.707
209.5000	-0.803201	313.863
209.4000	-0.770505	314.026
209.3000	-0.796733	314.187
209.2000	-0.76336	314.353
209.1000	-0.739734	314.518
209.0000	-0.765322	314.686
208.9000	-0.813684	314.85
208.8000	-0.788161	315.022
208.7000	-0.854322	315.189
208.6000	-0.858493	315.358
208.5000	-0.885932	315.528
208.4000	-0.878748	315.701
208.3000	-0.827416	315.869
208.2000	-0.771887	316.043
208.1000	-0.819918	316.217
208.0000	-0.804313	316.39
207.9000	-0.804243	316.567
207.8000	-0.85619	316.742
207.7000	-0.907108	316.918
207.6000	-0.963886	317.101
207.5000	-0.967302	317.284
207.4000	-0.973721	317.465
207.3000	-0.978118	317.652
207.2000	-0.962289	317.833
207.1000	-0.955793	318.019
207.0000	-0.964122	318.203
206.9000	-0.953068	318.383
206.8000	-0.964565	318.563
206.7000	-0.975181	318.745
206.6000	-0.976213	318.924
206.5000	-1.06665	319.099
206.4000	-1.04053	319.27
206.3000	-1.04767	319.442
206.2000	-1.06192	319.609
206.1000	-1.10985	319.777
206.0000	-1.11427	319.939
205.9000	-1.16703	320.102
205.8000	-1.15096	320.271
205.7000	-1.16992	320.444
205.6000	-1.22897	320.612
205.5000	-1.23981	320.782
205.4000	-1.25681	320.944
205.3000	-1.29552	321.112
205.2000	-1.24093	321.282
205.1000	-1.21506	321.447
205.0000	-1.21204	321.612
204.9000	-1.20765	321.78
204.8000	-1.19552	321.949
204.7000	-1.20524	322.123
204.6000	-1.19011	322.298
204.5000	-1.20714	322.476
204.4000	-1.23232	322.654
204.3000	-1.20557	322.827
204.2000	-1.18143	323.004
204.1000	-1.19109	323.185
204.0000	-1.20146	323.366
203.9000	-1.20822	323.545
203.8000	-1.21899	323.716
203.7000	-1.22697	323.895
203.6000	-1.22967	324.075
203.5000	-1.23823	324.257
203.4000	-1.23871	324.434
203.3000	-1.17184	324.609
203.2000	-1.12214	324.781
203.1000	-1.12832	324.958
203.0000	-1.1457	325.133
202.9000	-1.22795	325.311
202.8000	-1.29717	325.485
202.7000	-1.2624	325.656
202.6000	-1.31971	325.828
202.5000	-1.37789	326.002
202.4000	-1.4308	326.177
202.3000	-1.4639	326.349
202.2000	-1.46321	326.518
202.1000	-1.43349	326.688
202.0000	-1.50012	326.863
201.9000	-1.51087	327.041
201.8000	-1.53861	327.216
201.7000	-1.51685	327.397
201.6000	-1.45177	327.573
201.5000	-1.44257	327.752
201.4000	-1.45012	327.935
201.3000	-1.468	328.117
201.2000	-1.53088	328.297
201.1000	-1.52866	328.477
201.0000	-1.5645	328.65
200.9000	-1.61024	328.829
200.8000	-1.64832	329.01
200.7000	-1.58522	329.195
200.6000	-1.49336	329.374
200.5000	-1.4434	329.556
200.4000	-1.41998	329.74
200.3000	-1.42769	329.926
200.2000	-1.43988	330.116
200.1000	-1.43948	330.3
200.0000	-1.44785	330.483
199.9000	-1.45986	330.667
199.8000	-1.41329	330.851
199.7000	-1.44361	331.033
199.6000	-1.49727	331.214
199.5000	-1.51523	331.391
199.4000	-1.54956	331.57
199.3000	-1.5282	331.749
199.2000	-1.61122	331.927
199.1000	-1.64714	332.102
199.0000	-1.61135	332.284
198.9000	-1.58154	332.458
198.8000	-1.57817	332.631
198.7000	-1.55512	332.797
198.6000	-1.65117	332.966
198.5000	-1.65566	333.138
198.4000	-1.62213	333.31
198.3000	-1.57058	333.479
198.2000	-1.52393	333.652
198.1000	-1.44011	333.824
198.0000	-1.45072	333.997
197.9000	-1.40279	334.172
197.8000	-1.41607	334.345
197.7000	-1.41958	334.519
197.6000	-1.45608	334.693
197.5000	-1.45395	334.867
197.4000	-1.50856	335.049
197.3000	-1.55697	335.229
197.2000	-1.5732	335.412
197.1000	-1.53912	335.596
197.0000	-1.51668	335.778
196.9000	-1.52983	335.963
196.8000	-1.5418	336.149
196.7000	-1.53401	336.334
196.6000	-1.47904	336.518
196.5000	-1.50195	336.701
196.4000	-1.49259	336.886
196.3000	-1.52715	337.073
196.2000	-1.47403	337.256
196.1000	-1.4407	337.442
196.0000	-1.46288	337.625
195.9000	-1.44172	337.813
195.8000	-1.38914	337.999
195.7000	-1.37265	338.179
195.6000	-1.35009	338.358
195.5000	-1.39753	338.536
195.4000	-1.39857	338.715
195.3000	-1.32629	338.9
195.2000	-1.30305	339.097
195.1000	-1.28909	339.306
195.0000	-1.30225	339.533
194.9000	-1.29005	339.77
194.8000	-1.27141	340.022
194.7000	-1.2304	340.286
194.6000	-1.30711	340.555
194.5000	-1.39258	340.823
194.4000	-1.38488	341.091
194.3000	-1.32657	341.359
194.2000	-1.31091	341.638
194.1000	-1.30912	341.919
194.0000	-1.33528	342.196
193.9000	-1.2929	342.473
193.8000	-1.28905	342.761
193.7000	-1.32345	343.055
193.6000	-1.38071	343.357
193.5000	-1.31151	343.649
193.4000	-1.3289	343.946
193.3000	-1.29895	344.246
193.2000	-1.26152	344.549
193.1000	-1.25012	344.848
193.0000	-1.25928	345.147
192.9000	-1.27189	345.443
192.8000	-1.26711	345.745
192.7000	-1.27236	346.051
192.6000	-1.31285	346.361
192.5000	-1.23717	346.671
192.4000	-1.1428	346.979
192.3000	-1.08593	347.291
192.2000	-1.10769	347.609
192.1000	-1.12861	347.93
192.0000	-1.07223	348.253
191.9000	-1.02428	348.578
191.8000	-1.03787	348.906
191.7000	-1.0265	349.243
191.6000	-1.03172	349.581
191.5000	-1.00163	349.922
191.4000	-1.02621	350.265
191.3000	-0.980971	350.612
191.2000	-1.02666	350.965
191.1000	-1.00382	351.325
191.0000	-0.978612	351.693
190.9000	-0.937412	352.066
190.8000	-0.940708	352.446
190.7000	-0.90624	352.829
190.6000	-0.951402	353.223
190.5000	-0.966585	353.622
190.4000	-1.0383	354.028
190.3000	-1.1076	354.432
190.2000	-1.0398	354.847
190.1000	-0.976227	355.273
190.0000	-1.0089	355.707
189.9000	-1.02801	356.144
189.8000	-1.03493	356.591
189.7000	-0.999119	357.047
189.6000	-0.937316	357.519
189.5000	-0.953727	357.995
189.4000	-0.964054	358.483
189.3000	-0.899187	358.986
189.2000	-0.832595	359.506
189.1000	-0.806984	360.035
189.0000	-0.803874	360.578
188.9000	-0.904495	361.132
188.8000	-0.856059	361.703
188.7000	-0.850345	362.29
188.6000	-0.930442	362.891
188.5000	-0.872343	363.506
188.4000	-0.920249	364.143
188.3000	-0.811314	364.789
188.2000	-0.675163	365.457
188.1000	-0.705687	366.137
188.0000	-0.597196	366.834
187.9000	-0.519103	367.556
187.8000	-0.505887	368.301
187.7000	-0.395186	369.071
187.6000	-0.427034	369.869
187.5000	-0.471611	370.693
187.4000	-0.475136	371.555
187.3000	-0.496531	372.453
187.2000	-0.572873	373.378
187.1000	-0.622813	374.337
187.0000	-0.597642	375.333
186.9000	-0.600426	376.367
186.8000	-0.64532	377.44
186.7000	-0.747214	378.549
186.6000	-0.807713	379.691
186.5000	-0.676594	380.873
186.4000	-0.653599	382.094
186.3000	-0.583452	383.358
186.2000	-0.554161	384.661
186.1000	-0.481769	386.009
186.0000	-0.393534	387.403
185.9000	-0.342199	388.85
185.8000	-0.410319	390.36
185.7000	-0.404068	391.931
185.6000	-0.524593	393.571
185.5000	-0.508329	395.29
185.4000	-0.514713	397.087
185.3000	-0.386644	398.967
185.2000	-0.399638	400.933
185.1000	-0.347383	402.992
185.0000	-0.34395	405.146
