TITLE	06_250717B_1day
DATA TYPE	
ORIGIN	JASCO
OWNER	
DATE	25/07/18
TIME	14:24:37
SPECTROMETER/DATA SYSTEM	JASCO Corp., J-715, Rev. 1.00
RESOLUTION	
DELTAX	-0.1
XUNITS	NANOMETERS
YUNITS	CD[mdeg]
Y2UNITS	HT[V]
FIRSTX	260.0000
LASTX	185.0000
NPOINTS	751
FIRSTY	0.13394
MAXY	0.65015
MINY	-1.92679
XYDATA
260.0000	0.133943	254.005
259.9000	0.130507	254.016
259.8000	0.150971	254.046
259.7000	0.185355	254.082
259.6000	0.175134	254.125
259.5000	0.151277	254.178
259.4000	0.129879	254.243
259.3000	0.110175	254.314
259.2000	0.0950672	254.389
259.1000	0.0679041	254.464
259.0000	0.0454322	254.541
258.9000	0.0295716	254.611
258.8000	0.0260067	254.682
258.7000	0.0191391	254.752
258.6000	0.0156422	254.825
258.5000	0.0138802	254.892
258.4000	0.0414503	254.959
258.3000	0.0493067	255.029
258.2000	0.0599511	255.101
258.1000	0.0731935	255.174
258.0000	0.0816713	255.245
257.9000	0.0858617	255.313
257.8000	0.0970011	255.38
257.7000	0.080236	255.448
257.6000	0.0857497	255.513
257.5000	0.121092	255.584
257.4000	0.107178	255.65
257.3000	0.0993515	255.722
257.2000	0.106696	255.791
257.1000	0.0801439	255.862
257.0000	0.0871244	255.929
256.9000	0.0813052	256.002
256.8000	0.0544339	256.067
256.7000	0.0709519	256.136
256.6000	0.0745659	256.203
256.5000	0.0928054	256.269
256.4000	0.106713	256.336
256.3000	0.0886527	256.405
256.2000	0.0762073	256.476
256.1000	0.0877728	256.546
256.0000	0.0706608	256.617
255.9000	0.0618922	256.686
255.8000	0.0273344	256.76
255.7000	0.0380839	256.83
255.6000	0.073382	256.895
255.5000	0.0749871	256.96
255.4000	0.0709253	257.026
255.3000	0.0953001	257.096
255.2000	0.129969	257.165
255.1000	0.150016	257.233
255.0000	0.129506	257.304
254.9000	0.0910632	257.376
254.8000	0.0759008	257.444
254.7000	0.0423635	257.512
254.6000	0.00841419	257.574
254.5000	-0.020686	257.637
254.4000	-0.0527665	257.7
254.3000	-0.0473353	257.766
254.2000	-0.0282827	257.834
254.1000	-0.00855823	257.902
254.0000	0.0298286	257.969
253.9000	0.0353691	258.042
253.8000	0.0280865	258.116
253.7000	0.0482515	258.191
253.6000	0.0544801	258.263
253.5000	0.0578182	258.336
253.4000	0.0682597	258.411
253.3000	0.0579926	258.486
253.2000	0.0753768	258.56
253.1000	0.0845181	258.632
253.0000	0.111223	258.706
252.9000	0.125657	258.773
252.8000	0.121918	258.841
252.7000	0.108176	258.912
252.6000	0.125191	258.988
252.5000	0.138554	259.06
252.4000	0.148376	259.138
252.3000	0.102372	259.215
252.2000	0.050091	259.294
252.1000	0.0442927	259.373
252.0000	0.040025	259.452
251.9000	0.0378485	259.527
251.8000	0.00426943	259.602
251.7000	0.00139003	259.671
251.6000	0.0377821	259.74
251.5000	0.0493728	259.816
251.4000	0.0445485	259.89
251.3000	0.0547747	259.96
251.2000	0.0185365	260.032
251.1000	0.026427	260.111
251.0000	0.022993	260.192
250.9000	0.0168619	260.274
250.8000	0.0342441	260.35
250.7000	0.0343546	260.426
250.6000	0.0268375	260.5
250.5000	0.0565129	260.571
250.4000	0.0750321	260.64
250.3000	0.0725811	260.707
250.2000	0.0773028	260.774
250.1000	0.0642948	260.841
250.0000	0.0616598	260.909
249.9000	0.0826975	260.98
249.8000	0.072248	261.052
249.7000	0.0292408	261.122
249.6000	0.0289204	261.193
249.5000	0.0190079	261.262
249.4000	0.0226557	261.334
249.3000	0.017408	261.405
249.2000	-0.0128965	261.479
249.1000	-0.0331432	261.552
249.0000	-0.00257219	261.628
248.9000	0.0128835	261.706
248.8000	0.0274216	261.786
248.7000	0.0323787	261.861
248.6000	0.0355696	261.937
248.5000	0.0701542	262.014
248.4000	0.0816482	262.085
248.3000	0.0686064	262.158
248.2000	0.061329	262.232
248.1000	0.0726456	262.303
248.0000	0.0714096	262.379
247.9000	0.0717449	262.455
247.8000	0.0648767	262.523
247.7000	0.044583	262.597
247.6000	0.0386496	262.665
247.5000	0.0153494	262.733
247.4000	-0.0247272	262.804
247.3000	-0.0368481	262.873
247.2000	-0.0372099	262.943
247.1000	-0.0302074	263.023
247.0000	-0.00483741	263.103
246.9000	0.00369872	263.185
246.8000	0.0316066	263.267
246.7000	0.0483401	263.349
246.6000	0.0552905	263.43
246.5000	0.0195108	263.51
246.4000	0.00668789	263.587
246.3000	-0.00299141	263.661
246.2000	-0.0390249	263.733
246.1000	-0.0533553	263.803
246.0000	-0.0743176	263.88
245.9000	-0.0618346	263.96
245.8000	-0.04953	264.041
245.7000	-0.0328037	264.12
245.6000	-0.0209448	264.202
245.5000	-0.0225087	264.287
245.4000	-0.016704	264.372
245.3000	0.0136731	264.448
245.2000	0.0195903	264.522
245.1000	0.0454962	264.595
245.0000	0.0516708	264.669
244.9000	0.060084	264.743
244.8000	0.0733068	264.82
244.7000	0.078089	264.892
244.6000	0.0497269	264.971
244.5000	0.0424599	265.047
244.4000	0.0052015	265.123
244.3000	-0.00042518	265.201
244.2000	-0.00514487	265.283
244.1000	-0.00560507	265.362
244.0000	0.00661388	265.448
243.9000	0.0199852	265.528
243.8000	0.0100464	265.608
243.7000	0.022007	265.689
243.6000	0.0105426	265.775
243.5000	0.0143704	265.86
243.4000	0.0091369	265.948
243.3000	-0.0202889	266.033
243.2000	-0.0164648	266.121
243.1000	-0.00213186	266.214
243.0000	-0.000927101	266.301
242.9000	0.0302841	266.388
242.8000	0.0284957	266.475
242.7000	0.0621152	266.562
242.6000	0.0681492	266.651
242.5000	0.0430827	266.741
242.4000	0.0261523	266.835
242.3000	-0.00240679	266.935
242.2000	-0.0368521	267.035
242.1000	-0.0554788	267.136
242.0000	-0.0728806	267.24
241.9000	-0.081595	267.342
241.8000	-0.0491018	267.448
241.7000	-0.0127027	267.551
241.6000	0.0273672	267.651
241.5000	0.0264575	267.757
241.4000	0.0359811	267.862
241.3000	0.0134091	267.967
241.2000	0.0217778	268.075
241.1000	0.00462582	268.183
241.0000	-0.0169446	268.292
240.9000	-0.0478014	268.4
240.8000	-0.0412559	268.505
240.7000	-0.0522075	268.612
240.6000	-0.0558649	268.721
240.5000	-0.0738469	268.825
240.4000	-0.134042	268.932
240.3000	-0.118198	269.042
240.2000	-0.0889825	269.156
240.1000	-0.0933473	269.266
240.0000	-0.0794753	269.383
239.9000	-0.0644249	269.5
239.8000	-0.0505457	269.624
239.7000	0.00824705	269.748
239.6000	-0.0211649	269.871
239.5000	-0.0234323	269.999
239.4000	-0.0492262	270.127
239.3000	-0.0567021	270.254
239.2000	-0.0355206	270.381
239.1000	0.000173102	270.508
239.0000	-0.00936389	270.64
238.9000	-0.027407	270.776
238.8000	-0.017077	270.909
238.7000	0.0198024	271.043
238.6000	0.027477	271.181
238.5000	0.00958567	271.319
238.4000	-0.0187916	271.458
238.3000	-0.0170909	271.597
238.2000	-0.0201729	271.732
238.1000	-0.0303522	271.874
238.0000	-0.0490663	272.015
237.9000	-0.0690363	272.152
237.8000	-0.0616575	272.296
237.7000	-0.102239	272.436
237.6000	-0.109226	272.571
237.5000	-0.104474	272.712
237.4000	-0.114201	272.85
237.3000	-0.11564	272.992
237.2000	-0.151344	273.139
237.1000	-0.165097	273.286
237.0000	-0.171128	273.434
236.9000	-0.165512	273.582
236.8000	-0.17022	273.729
236.7000	-0.156536	273.878
236.6000	-0.152401	274.025
236.5000	-0.100722	274.168
236.4000	-0.0923897	274.314
236.3000	-0.0959471	274.457
236.2000	-0.101396	274.605
236.1000	-0.124768	274.753
236.0000	-0.146481	274.902
235.9000	-0.15393	275.046
235.8000	-0.18974	275.189
235.7000	-0.193442	275.334
235.6000	-0.192553	275.478
235.5000	-0.16444	275.62
235.4000	-0.147162	275.755
235.3000	-0.120682	275.892
235.2000	-0.0995663	276.033
235.1000	-0.0742877	276.181
235.0000	-0.054052	276.324
234.9000	-0.0189868	276.469
234.8000	-0.0189885	276.614
234.7000	-0.0278975	276.763
234.6000	-0.0738181	276.912
234.5000	-0.0960087	277.06
234.4000	-0.0843495	277.207
234.3000	-0.0954154	277.351
234.2000	-0.160912	277.498
234.1000	-0.191788	277.65
234.0000	-0.178492	277.801
233.9000	-0.160432	277.945
233.8000	-0.184395	278.091
233.7000	-0.22463	278.24
233.6000	-0.222409	278.391
233.5000	-0.201365	278.539
233.4000	-0.206296	278.684
233.3000	-0.247641	278.832
233.2000	-0.279591	278.987
233.1000	-0.279982	279.139
233.0000	-0.315285	279.286
232.9000	-0.355031	279.436
232.8000	-0.362583	279.586
232.7000	-0.354769	279.741
232.6000	-0.32209	279.891
232.5000	-0.290852	280.037
232.4000	-0.271221	280.191
232.3000	-0.198515	280.347
232.2000	-0.178662	280.503
232.1000	-0.199997	280.657
232.0000	-0.233683	280.815
231.9000	-0.259405	280.975
231.8000	-0.274148	281.141
231.7000	-0.299235	281.305
231.6000	-0.340468	281.467
231.5000	-0.341517	281.634
231.4000	-0.292817	281.799
231.3000	-0.261835	281.958
231.2000	-0.270975	282.118
231.1000	-0.241794	282.275
231.0000	-0.231819	282.428
230.9000	-0.202129	282.582
230.8000	-0.224573	282.733
230.7000	-0.260613	282.882
230.6000	-0.266699	283.036
230.5000	-0.250585	283.186
230.4000	-0.269312	283.338
230.3000	-0.275894	283.493
230.2000	-0.295556	283.648
230.1000	-0.301056	283.801
230.0000	-0.3076	283.952
229.9000	-0.323384	284.103
229.8000	-0.346281	284.258
229.7000	-0.36184	284.408
229.6000	-0.393586	284.557
229.5000	-0.378019	284.71
229.4000	-0.34924	284.869
229.3000	-0.329773	285.033
229.2000	-0.32223	285.2
229.1000	-0.331124	285.364
229.0000	-0.320049	285.534
228.9000	-0.294959	285.703
228.8000	-0.339812	285.87
228.7000	-0.35897	286.037
228.6000	-0.359681	286.206
228.5000	-0.354649	286.368
228.4000	-0.313422	286.538
228.3000	-0.338602	286.707
228.2000	-0.35177	286.881
228.1000	-0.329109	287.053
228.0000	-0.357964	287.223
227.9000	-0.346841	287.392
227.8000	-0.35012	287.565
227.7000	-0.396469	287.734
227.6000	-0.426181	287.902
227.5000	-0.401798	288.067
227.4000	-0.407524	288.234
227.3000	-0.347404	288.394
227.2000	-0.352015	288.557
227.1000	-0.329448	288.713
227.0000	-0.312737	288.865
226.9000	-0.283521	289.018
226.8000	-0.306052	289.168
226.7000	-0.338248	289.323
226.6000	-0.404419	289.48
226.5000	-0.450282	289.632
226.4000	-0.486031	289.785
226.3000	-0.48206	289.936
226.2000	-0.500173	290.091
226.1000	-0.505346	290.244
226.0000	-0.495265	290.393
225.9000	-0.51936	290.543
225.8000	-0.501736	290.695
225.7000	-0.499556	290.848
225.6000	-0.537248	291.002
225.5000	-0.512263	291.153
225.4000	-0.516826	291.308
225.3000	-0.523696	291.458
225.2000	-0.515325	291.607
225.1000	-0.529296	291.755
225.0000	-0.522075	291.906
224.9000	-0.502481	292.055
224.8000	-0.524522	292.205
224.7000	-0.544261	292.353
224.6000	-0.534748	292.509
224.5000	-0.505746	292.664
224.4000	-0.493122	292.822
224.3000	-0.471925	292.98
224.2000	-0.473089	293.139
224.1000	-0.475522	293.294
224.0000	-0.448277	293.453
223.9000	-0.444791	293.606
223.8000	-0.451603	293.761
223.7000	-0.454049	293.913
223.6000	-0.461699	294.068
223.5000	-0.45238	294.221
223.4000	-0.440059	294.38
223.3000	-0.462404	294.536
223.2000	-0.491818	294.696
223.1000	-0.522457	294.855
223.0000	-0.52433	295.014
222.9000	-0.533459	295.174
222.8000	-0.537378	295.336
222.7000	-0.543149	295.494
222.6000	-0.50905	295.653
222.5000	-0.487568	295.814
222.4000	-0.4771	295.972
222.3000	-0.482218	296.133
222.2000	-0.502878	296.292
222.1000	-0.503549	296.456
222.0000	-0.500045	296.619
221.9000	-0.524102	296.785
221.8000	-0.516653	296.946
221.7000	-0.523657	297.115
221.6000	-0.531966	297.28
221.5000	-0.522874	297.448
221.4000	-0.527371	297.609
221.3000	-0.521374	297.767
221.2000	-0.525925	297.925
221.1000	-0.545656	298.081
221.0000	-0.553398	298.232
220.9000	-0.574736	298.384
220.8000	-0.583776	298.535
220.7000	-0.582563	298.684
220.6000	-0.587314	298.838
220.5000	-0.585601	298.986
220.4000	-0.579985	299.135
220.3000	-0.554667	299.288
220.2000	-0.506888	299.442
220.1000	-0.489732	299.583
220.0000	-0.490391	299.725
219.9000	-0.483944	299.862
219.8000	-0.468418	300.009
219.7000	-0.448728	300.151
219.6000	-0.482259	300.289
219.5000	-0.509526	300.433
219.4000	-0.523172	300.587
219.3000	-0.551232	300.737
219.2000	-0.596605	300.885
219.1000	-0.665062	301.033
219.0000	-0.697967	301.182
218.9000	-0.632143	301.331
218.8000	-0.588206	301.474
218.7000	-0.604048	301.616
218.6000	-0.578522	301.765
218.5000	-0.560779	301.917
218.4000	-0.516691	302.07
218.3000	-0.504421	302.22
218.2000	-0.540266	302.371
218.1000	-0.549821	302.522
218.0000	-0.529281	302.674
217.9000	-0.529868	302.825
217.8000	-0.559701	302.978
217.7000	-0.546167	303.129
217.6000	-0.56246	303.286
217.5000	-0.538095	303.446
217.4000	-0.546762	303.604
217.3000	-0.523084	303.76
217.2000	-0.588453	303.92
217.1000	-0.517591	304.078
217.0000	-0.480045	304.234
216.9000	-0.467885	304.388
216.8000	-0.529816	304.545
216.7000	-0.547804	304.705
216.6000	-0.53024	304.867
216.5000	-0.489037	305.023
216.4000	-0.548954	305.184
216.3000	-0.597795	305.342
216.2000	-0.651371	305.5
216.1000	-0.643136	305.66
216.0000	-0.643787	305.815
215.9000	-0.690567	305.968
215.8000	-0.72165	306.122
215.7000	-0.744621	306.271
215.6000	-0.720888	306.421
215.5000	-0.714405	306.57
215.4000	-0.675046	306.713
215.3000	-0.672808	306.856
215.2000	-0.621609	307.003
215.1000	-0.577864	307.145
215.0000	-0.555358	307.287
214.9000	-0.509768	307.428
214.8000	-0.4656	307.571
214.7000	-0.483429	307.715
214.6000	-0.515381	307.856
214.5000	-0.606272	307.995
214.4000	-0.634521	308.141
214.3000	-0.642243	308.283
214.2000	-0.680907	308.428
214.1000	-0.691294	308.575
214.0000	-0.701134	308.722
213.9000	-0.674124	308.868
213.8000	-0.651752	309.016
213.7000	-0.605067	309.164
213.6000	-0.618073	309.314
213.5000	-0.648824	309.466
213.4000	-0.660724	309.619
213.3000	-0.704913	309.774
213.2000	-0.718723	309.931
213.1000	-0.739384	310.091
213.0000	-0.753257	310.252
212.9000	-0.733438	310.416
212.8000	-0.740465	310.578
212.7000	-0.763186	310.745
212.6000	-0.750033	310.915
212.5000	-0.731383	311.088
212.4000	-0.682648	311.26
212.3000	-0.651295	311.436
212.2000	-0.639574	311.616
212.1000	-0.582788	311.8
212.0000	-0.57055	311.98
211.9000	-0.563281	312.167
211.8000	-0.55589	312.355
211.7000	-0.590884	312.547
211.6000	-0.63138	312.737
211.5000	-0.658907	312.925
211.4000	-0.715091	313.108
211.3000	-0.723785	313.296
211.2000	-0.675322	313.475
211.1000	-0.743725	313.657
211.0000	-0.738898	313.832
210.9000	-0.753382	314.009
210.8000	-0.758401	314.187
210.7000	-0.75713	314.361
210.6000	-0.810593	314.531
210.5000	-0.81792	314.703
210.4000	-0.775353	314.875
210.3000	-0.803784	315.052
210.2000	-0.800921	315.224
210.1000	-0.830097	315.399
210.0000	-0.808532	315.576
209.9000	-0.766803	315.747
209.8000	-0.81925	315.928
209.7000	-0.83644	316.105
209.6000	-0.847021	316.282
209.5000	-0.843801	316.466
209.4000	-0.848024	316.654
209.3000	-0.873644	316.845
209.2000	-0.931001	317.043
209.1000	-0.952138	317.234
209.0000	-0.964078	317.432
208.9000	-0.967268	317.633
208.8000	-1.01021	317.833
208.7000	-1.01144	318.026
208.6000	-0.944384	318.231
208.5000	-0.937946	318.433
208.4000	-0.935291	318.638
208.3000	-0.927423	318.843
208.2000	-0.923212	319.05
208.1000	-0.963405	319.262
208.0000	-1.02451	319.479
207.9000	-1.08928	319.694
207.8000	-1.05939	319.91
207.7000	-1.09428	320.13
207.6000	-1.17838	320.353
207.5000	-1.18362	320.572
207.4000	-1.19334	320.792
207.3000	-1.1625	321.013
207.2000	-1.17933	321.234
207.1000	-1.1537	321.458
207.0000	-1.11901	321.682
206.9000	-1.07629	321.904
206.8000	-1.00712	322.134
206.7000	-0.949189	322.359
206.6000	-0.944335	322.588
206.5000	-1.00458	322.813
206.4000	-1.05846	323.04
206.3000	-1.13074	323.27
206.2000	-1.20724	323.495
206.1000	-1.25482	323.72
206.0000	-1.2638	323.947
205.9000	-1.2554	324.172
205.8000	-1.302	324.402
205.7000	-1.30846	324.63
205.6000	-1.31377	324.86
205.5000	-1.25404	325.087
205.4000	-1.32659	325.318
205.3000	-1.34199	325.55
205.2000	-1.35219	325.782
205.1000	-1.26549	326.016
205.0000	-1.30684	326.252
204.9000	-1.31743	326.488
204.8000	-1.39508	326.733
204.7000	-1.35354	326.978
204.6000	-1.36574	327.225
204.5000	-1.36773	327.475
204.4000	-1.40697	327.723
204.3000	-1.34725	327.979
204.2000	-1.35956	328.236
204.1000	-1.31293	328.495
204.0000	-1.33089	328.759
203.9000	-1.42986	329.025
203.8000	-1.43448	329.29
203.7000	-1.43457	329.556
203.6000	-1.50386	329.824
203.5000	-1.51455	330.095
203.4000	-1.56804	330.363
203.3000	-1.58883	330.633
203.2000	-1.49381	330.906
203.1000	-1.47085	331.185
203.0000	-1.51143	331.464
202.9000	-1.57655	331.741
202.8000	-1.60882	332.027
202.7000	-1.62875	332.311
202.6000	-1.59717	332.602
202.5000	-1.64568	332.896
202.4000	-1.75345	333.189
202.3000	-1.7296	333.49
202.2000	-1.70363	333.794
202.1000	-1.70807	334.095
202.0000	-1.80698	334.402
201.9000	-1.90735	334.705
201.8000	-1.88234	335.014
201.7000	-1.81942	335.329
201.6000	-1.80225	335.641
201.5000	-1.7323	335.958
201.4000	-1.65568	336.276
201.3000	-1.58094	336.602
201.2000	-1.52346	336.929
201.1000	-1.57291	337.258
201.0000	-1.61998	337.595
200.9000	-1.62126	337.934
200.8000	-1.66232	338.276
200.7000	-1.65435	338.626
200.6000	-1.6244	338.977
200.5000	-1.64113	339.336
200.4000	-1.63269	339.695
200.3000	-1.61248	340.054
200.2000	-1.71717	340.423
200.1000	-1.77649	340.79
200.0000	-1.82576	341.161
199.9000	-1.8273	341.536
199.8000	-1.85053	341.907
199.7000	-1.90397	342.29
199.6000	-1.92679	342.678
199.5000	-1.80346	343.068
199.4000	-1.7118	343.464
199.3000	-1.69971	343.859
199.2000	-1.75068	344.26
199.1000	-1.71519	344.663
199.0000	-1.62259	345.061
198.9000	-1.62867	345.459
198.8000	-1.61488	345.859
198.7000	-1.72795	346.259
198.6000	-1.70614	346.665
198.5000	-1.70624	347.075
198.4000	-1.77317	347.491
198.3000	-1.79966	347.912
198.2000	-1.79326	348.335
198.1000	-1.83815	348.764
198.0000	-1.81678	349.197
197.9000	-1.82442	349.629
197.8000	-1.74783	350.067
197.7000	-1.64952	350.51
197.6000	-1.66181	350.959
197.5000	-1.60628	351.414
197.4000	-1.55131	351.87
197.3000	-1.48011	352.335
197.2000	-1.51254	352.811
197.1000	-1.5466	353.291
197.0000	-1.58432	353.776
196.9000	-1.51548	354.263
196.8000	-1.58117	354.755
196.7000	-1.63273	355.253
196.6000	-1.64739	355.754
196.5000	-1.62696	356.251
196.4000	-1.57254	356.759
196.3000	-1.64759	357.265
196.2000	-1.72003	357.778
196.1000	-1.72252	358.292
196.0000	-1.75914	358.81
195.9000	-1.785	359.331
195.8000	-1.75808	359.855
195.7000	-1.75929	360.377
195.6000	-1.65023	360.905
195.5000	-1.63524	361.432
195.4000	-1.57282	361.961
195.3000	-1.56857	362.504
195.2000	-1.52479	363.06
195.1000	-1.51108	363.634
195.0000	-1.54499	364.227
194.9000	-1.62669	364.837
194.8000	-1.66549	365.462
194.7000	-1.67724	366.101
194.6000	-1.68254	366.753
194.5000	-1.71147	367.406
194.4000	-1.72387	368.068
194.3000	-1.62845	368.728
194.2000	-1.49065	369.399
194.1000	-1.44712	370.071
194.0000	-1.40605	370.754
193.9000	-1.32427	371.439
193.8000	-1.23482	372.135
193.7000	-1.20186	372.835
193.6000	-1.19951	373.55
193.5000	-1.14228	374.269
193.4000	-1.03847	375.001
193.3000	-0.982502	375.733
193.2000	-0.981839	376.469
193.1000	-0.933661	377.212
193.0000	-0.943912	377.96
192.9000	-1.04125	378.71
192.8000	-1.12535	379.463
192.7000	-1.17645	380.221
192.6000	-1.18338	380.982
192.5000	-1.23155	381.747
192.4000	-1.21501	382.521
192.3000	-1.26383	383.295
192.2000	-1.21376	384.078
192.1000	-1.16444	384.87
192.0000	-1.14936	385.668
191.9000	-1.15859	386.47
191.8000	-1.13213	387.28
191.7000	-1.17054	388.093
191.6000	-1.17896	388.917
191.5000	-1.16282	389.744
191.4000	-1.05616	390.583
191.3000	-1.04271	391.431
191.2000	-0.99059	392.286
191.1000	-1.01524	393.153
191.0000	-0.988388	394.031
190.9000	-0.916347	394.912
190.8000	-0.909733	395.804
190.7000	-0.960438	396.7
190.6000	-1.02688	397.609
190.5000	-1.06598	398.53
190.4000	-1.0536	399.457
190.3000	-1.13481	400.392
190.2000	-1.02805	401.345
190.1000	-0.960538	402.306
190.0000	-0.920329	403.282
189.9000	-0.764833	404.274
189.8000	-0.728896	405.286
189.7000	-0.628884	406.307
189.6000	-0.493103	407.353
189.5000	-0.676192	408.404
189.4000	-0.71011	409.478
189.3000	-0.750357	410.561
189.2000	-0.77233	411.652
189.1000	-0.787328	412.756
189.0000	-0.802821	413.889
188.9000	-0.811925	415.031
188.8000	-0.64345	416.201
188.7000	-0.618411	417.388
188.6000	-0.336852	418.605
188.5000	-0.274657	419.853
188.4000	-0.194596	421.128
188.3000	-0.0935892	422.424
188.2000	-0.0761981	423.749
188.1000	-0.0615875	425.096
188.0000	-0.0501625	426.471
187.9000	-0.181683	427.877
187.8000	-0.0794364	429.318
187.7000	-0.0395002	430.787
187.6000	-0.27067	432.29
187.5000	-0.282753	433.843
187.4000	-0.341384	435.448
187.3000	-0.315071	437.099
187.2000	-0.240289	438.797
187.1000	-0.327428	440.534
187.0000	-0.329209	442.326
186.9000	-0.245294	444.171
186.8000	-0.0927478	446.062
186.7000	0.0369626	448.008
186.6000	0.0616851	450.005
186.5000	0.0687788	452.061
186.4000	0.133268	454.178
186.3000	0.0903746	456.358
186.2000	0.0210086	458.597
186.1000	-0.212827	460.902
186.0000	-0.350437	463.285
185.9000	-0.376463	465.744
185.8000	-0.555866	468.281
185.7000	-0.661713	470.902
185.6000	-0.397668	473.615
185.5000	-0.254981	476.432
185.4000	0.0168959	479.352
185.3000	0.152035	482.37
185.2000	0.26803	485.504
185.1000	0.509907	488.758
185.0000	0.650155	492.148
