TITLE	01_250717A_4days
DATA TYPE	
ORIGIN	JASCO
OWNER	
DATE	25/07/21
TIME	13:57:09
SPECTROMETER/DATA SYSTEM	JASCO Corp., J-715, Rev. 1.00
RESOLUTION	
DELTAX	-0.1
XUNITS	NANOMETERS
YUNITS	CD[mdeg]
Y2UNITS	HT[V]
FIRSTX	260.0000
LASTX	185.0000
NPOINTS	751
FIRSTY	0.13589
MAXY	0.21259
MINY	-1.18779
XYDATA
260.0000	0.135892	253.996
259.9000	0.117091	254.011
259.8000	0.101377	254.035
259.7000	0.104729	254.068
259.6000	0.0877845	254.106
259.5000	0.0837175	254.162
259.4000	0.100007	254.228
259.3000	0.150817	254.305
259.2000	0.177907	254.376
259.1000	0.183329	254.45
259.0000	0.173452	254.527
258.9000	0.181242	254.604
258.8000	0.212588	254.673
258.7000	0.200651	254.743
258.6000	0.173414	254.817
258.5000	0.16745	254.887
258.4000	0.181605	254.952
258.3000	0.193546	255.016
258.2000	0.18475	255.082
258.1000	0.152034	255.157
258.0000	0.147596	255.227
257.9000	0.134348	255.296
257.8000	0.12388	255.365
257.7000	0.108622	255.434
257.6000	0.0954735	255.503
257.5000	0.102598	255.575
257.4000	0.108298	255.644
257.3000	0.109512	255.712
257.2000	0.114941	255.778
257.1000	0.128832	255.845
257.0000	0.144132	255.914
256.9000	0.157541	255.982
256.8000	0.160482	256.047
256.7000	0.178303	256.114
256.6000	0.183233	256.185
256.5000	0.188561	256.253
256.4000	0.163312	256.323
256.3000	0.129519	256.394
256.2000	0.100504	256.467
256.1000	0.0783272	256.538
256.0000	0.0456085	256.606
255.9000	0.0490959	256.674
255.8000	0.0452593	256.742
255.7000	0.0577318	256.808
255.6000	0.0700988	256.872
255.5000	0.0644659	256.934
255.4000	0.0790911	257.005
255.3000	0.0739475	257.075
255.2000	0.0661333	257.147
255.1000	0.0273255	257.217
255.0000	0.0194833	257.287
254.9000	0.022834	257.355
254.8000	0.0223465	257.424
254.7000	0.0182447	257.486
254.6000	0.0344326	257.548
254.5000	0.0489429	257.61
254.4000	0.084646	257.677
254.3000	0.089547	257.744
254.2000	0.0626206	257.816
254.1000	0.0882643	257.889
254.0000	0.0856817	257.96
253.9000	0.0776567	258.036
253.8000	0.0493772	258.109
253.7000	0.0384865	258.182
253.6000	0.0525557	258.256
253.5000	0.0884208	258.329
253.4000	0.0954606	258.4
253.3000	0.111229	258.476
253.2000	0.0994548	258.547
253.1000	0.115747	258.616
253.0000	0.12583	258.687
252.9000	0.121001	258.755
252.8000	0.115517	258.823
252.7000	0.09299	258.895
252.6000	0.0826441	258.965
252.5000	0.0812051	259.039
252.4000	0.0790296	259.111
252.3000	0.0889724	259.192
252.2000	0.101945	259.27
252.1000	0.110531	259.35
252.0000	0.126787	259.425
251.9000	0.139358	259.505
251.8000	0.140263	259.581
251.7000	0.136	259.656
251.6000	0.131375	259.728
251.5000	0.119784	259.799
251.4000	0.105057	259.87
251.3000	0.0861647	259.94
251.2000	0.0684448	260.011
251.1000	0.0700874	260.084
251.0000	0.0433661	260.161
250.9000	0.00177696	260.237
250.8000	0.00367959	260.318
250.7000	0.00671074	260.394
250.6000	0.00842859	260.467
250.5000	0.00287369	260.536
250.4000	0.0074774	260.607
250.3000	0.0401179	260.676
250.2000	0.0741964	260.738
250.1000	0.0533774	260.804
250.0000	0.0339617	260.87
249.9000	0.0316086	260.936
249.8000	0.0280666	261.01
249.7000	0.0262573	261.078
249.6000	0.0131252	261.149
249.5000	0.00245298	261.224
249.4000	0.0103677	261.295
249.3000	0.0286909	261.369
249.2000	0.050618	261.444
249.1000	0.0664269	261.513
249.0000	0.0571258	261.585
248.9000	0.0482269	261.66
248.8000	0.0558736	261.735
248.7000	0.0511708	261.809
248.6000	0.0505221	261.882
248.5000	0.0415886	261.958
248.4000	0.0446605	262.03
248.3000	0.0298095	262.106
248.2000	0.0141047	262.177
248.1000	0.0495883	262.246
248.0000	0.0583343	262.318
247.9000	0.0551087	262.39
247.8000	0.0383963	262.457
247.7000	0.0363342	262.528
247.6000	0.058906	262.596
247.5000	0.0646335	262.666
247.4000	0.0163923	262.737
247.3000	-0.00559092	262.808
247.2000	-0.0192342	262.879
247.1000	0.00692879	262.955
247.0000	0.0320894	263.033
246.9000	0.0134632	263.106
246.8000	0.0113222	263.18
246.7000	0.0269199	263.254
246.6000	0.0537428	263.335
246.5000	0.0566858	263.413
246.4000	0.0457856	263.487
246.3000	0.0559871	263.562
246.2000	0.0652703	263.643
246.1000	0.0559844	263.721
246.0000	0.0542725	263.794
245.9000	0.0809272	263.863
245.8000	0.0740235	263.936
245.7000	0.0749841	264.013
245.6000	0.0630414	264.089
245.5000	0.072247	264.163
245.4000	0.106817	264.241
245.3000	0.111742	264.319
245.2000	0.103088	264.396
245.1000	0.127625	264.469
245.0000	0.140977	264.543
244.9000	0.153147	264.615
244.8000	0.17809	264.69
244.7000	0.13617	264.765
244.6000	0.0978991	264.84
244.5000	0.0717153	264.911
244.4000	0.038148	264.991
244.3000	0.0270329	265.064
244.2000	-0.0112675	265.14
244.1000	-0.0230993	265.217
244.0000	-0.00216762	265.297
243.9000	0.0218923	265.378
243.8000	0.0462398	265.461
243.7000	0.0429921	265.541
243.6000	0.0415328	265.627
243.5000	0.0471935	265.711
243.4000	0.0718653	265.795
243.3000	0.0957653	265.878
243.2000	0.088156	265.963
243.1000	0.0696147	266.046
243.0000	0.0622451	266.133
242.9000	0.0566942	266.217
242.8000	0.0656339	266.305
242.7000	0.0582464	266.392
242.6000	0.037093	266.478
242.5000	0.0153922	266.567
242.4000	0.00823935	266.658
242.3000	-8.84136E-005	266.751
242.2000	-0.0115102	266.842
242.1000	-0.0270983	266.933
242.0000	-0.0433286	267.031
241.9000	-0.0414463	267.135
241.8000	0.00123754	267.236
241.7000	0.0380926	267.337
241.6000	0.0396572	267.434
241.5000	0.0385061	267.539
241.4000	0.0339637	267.647
241.3000	0.0197619	267.749
241.2000	0.0140506	267.849
241.1000	-0.0241481	267.951
241.0000	-0.0322608	268.056
240.9000	-0.0209366	268.162
240.8000	-0.00814348	268.265
240.7000	-0.000618647	268.365
240.6000	0.00458409	268.468
240.5000	-0.0025712	268.57
240.4000	0.0325732	268.675
240.3000	0.0229023	268.784
240.2000	0.0277018	268.894
240.1000	0.0412469	269.007
240.0000	0.0446121	269.123
239.9000	0.0386829	269.24
239.8000	0.0319958	269.363
239.7000	-0.00626072	269.486
239.6000	-0.0159822	269.609
239.5000	-0.0537418	269.737
239.4000	-0.089777	269.865
239.3000	-0.108732	269.99
239.2000	-0.0893228	270.115
239.1000	-0.0908633	270.242
239.0000	-0.0506466	270.368
238.9000	-0.0532302	270.494
238.8000	-0.00951216	270.62
238.7000	0.00105451	270.743
238.6000	0.00159144	270.87
238.5000	-0.00806649	271.003
238.4000	0.0220999	271.135
238.3000	-0.0141631	271.263
238.2000	-0.012402	271.394
238.1000	-0.019601	271.531
238.0000	-0.0256071	271.671
237.9000	-0.00991225	271.813
237.8000	-0.0263376	271.947
237.7000	-0.0309289	272.089
237.6000	-0.00198608	272.228
237.5000	0.0158027	272.365
237.4000	-0.0101877	272.501
237.3000	0.0141896	272.64
237.2000	0.0248658	272.777
237.1000	0.0400975	272.919
237.0000	0.0327627	273.054
236.9000	0.0335028	273.196
236.8000	0.0141489	273.332
236.7000	0.0373331	273.469
236.6000	0.0307212	273.613
236.5000	-0.00654186	273.755
236.4000	-0.00550797	273.894
236.3000	-0.00730207	274.035
236.2000	-0.00854184	274.175
236.1000	0.0229254	274.321
236.0000	0.0175849	274.465
235.9000	-0.00102371	274.602
235.8000	0.0287736	274.742
235.7000	0.0306912	274.879
235.6000	0.0446511	275.021
235.5000	0.026229	275.164
235.4000	-0.00735298	275.3
235.3000	-0.012621	275.434
235.2000	-0.018428	275.572
235.1000	-0.0546699	275.714
235.0000	-0.0807598	275.86
234.9000	-0.102036	276
234.8000	-0.0872341	276.142
234.7000	-0.0606137	276.287
234.6000	-0.0700342	276.432
234.5000	-0.0672226	276.577
234.4000	-0.0663139	276.715
234.3000	-0.0828063	276.851
234.2000	-0.0732025	276.989
234.1000	-0.0635386	277.126
234.0000	-0.0997235	277.265
233.9000	-0.0763839	277.404
233.8000	-0.062605	277.543
233.7000	-0.0414409	277.686
233.6000	-0.0413736	277.829
233.5000	-0.0667917	277.973
233.4000	-0.12917	278.115
233.3000	-0.12281	278.255
233.2000	-0.141738	278.4
233.1000	-0.14385	278.546
233.0000	-0.119842	278.689
232.9000	-0.120393	278.833
232.8000	-0.116255	278.978
232.7000	-0.0788793	279.123
232.6000	-0.0874549	279.27
232.5000	-0.113422	279.412
232.4000	-0.155582	279.555
232.3000	-0.218848	279.701
232.2000	-0.197339	279.847
232.1000	-0.189012	279.992
232.0000	-0.173995	280.142
231.9000	-0.168889	280.29
231.8000	-0.171254	280.441
231.7000	-0.162382	280.593
231.6000	-0.132544	280.743
231.5000	-0.147386	280.895
231.4000	-0.150992	281.053
231.3000	-0.152395	281.209
231.2000	-0.165697	281.367
231.1000	-0.157437	281.52
231.0000	-0.160233	281.671
230.9000	-0.182062	281.822
230.8000	-0.207978	281.974
230.7000	-0.234801	282.121
230.6000	-0.241435	282.266
230.5000	-0.212128	282.41
230.4000	-0.2209	282.555
230.3000	-0.20049	282.702
230.2000	-0.186191	282.848
230.1000	-0.154649	282.99
230.0000	-0.155224	283.134
229.9000	-0.153912	283.28
229.8000	-0.1737	283.427
229.7000	-0.148681	283.576
229.6000	-0.164899	283.725
229.5000	-0.160749	283.875
229.4000	-0.154199	284.029
229.3000	-0.166912	284.182
229.2000	-0.204193	284.335
229.1000	-0.207328	284.492
229.0000	-0.204332	284.647
228.9000	-0.196876	284.803
228.8000	-0.235575	284.962
228.7000	-0.277913	285.122
228.6000	-0.27746	285.288
228.5000	-0.262172	285.445
228.4000	-0.315665	285.608
228.3000	-0.363459	285.77
228.2000	-0.343437	285.931
228.1000	-0.342299	286.093
228.0000	-0.317529	286.255
227.9000	-0.288008	286.412
227.8000	-0.288426	286.572
227.7000	-0.24755	286.733
227.6000	-0.254863	286.893
227.5000	-0.262532	287.052
227.4000	-0.255635	287.21
227.3000	-0.276996	287.364
227.2000	-0.272809	287.518
227.1000	-0.263363	287.666
227.0000	-0.24432	287.813
226.9000	-0.225887	287.955
226.8000	-0.200519	288.104
226.7000	-0.174072	288.247
226.6000	-0.192873	288.389
226.5000	-0.228914	288.534
226.4000	-0.249134	288.681
226.3000	-0.276799	288.828
226.2000	-0.279009	288.977
226.1000	-0.311886	289.121
226.0000	-0.334334	289.269
225.9000	-0.307851	289.414
225.8000	-0.33782	289.56
225.7000	-0.364501	289.702
225.6000	-0.376292	289.845
225.5000	-0.398409	289.988
225.4000	-0.428113	290.13
225.3000	-0.445097	290.271
225.2000	-0.461161	290.412
225.1000	-0.416408	290.555
225.0000	-0.397496	290.701
224.9000	-0.359732	290.842
224.8000	-0.362913	290.982
224.7000	-0.353728	291.125
224.6000	-0.359584	291.274
224.5000	-0.347579	291.423
224.4000	-0.372346	291.568
224.3000	-0.355044	291.71
224.2000	-0.359553	291.85
224.1000	-0.312378	291.993
224.0000	-0.318653	292.141
223.9000	-0.32806	292.282
223.8000	-0.33334	292.428
223.7000	-0.343807	292.57
223.6000	-0.371238	292.719
223.5000	-0.394077	292.874
223.4000	-0.383391	293.027
223.3000	-0.368939	293.175
223.2000	-0.361686	293.326
223.1000	-0.382527	293.475
223.0000	-0.376352	293.627
222.9000	-0.374579	293.778
222.8000	-0.405836	293.929
222.7000	-0.43026	294.077
222.6000	-0.433307	294.228
222.5000	-0.431433	294.378
222.4000	-0.395415	294.529
222.3000	-0.365904	294.679
222.2000	-0.330584	294.828
222.1000	-0.310103	294.981
222.0000	-0.307161	295.134
221.9000	-0.267881	295.287
221.8000	-0.229744	295.439
221.7000	-0.222156	295.591
221.6000	-0.258624	295.74
221.5000	-0.256926	295.889
221.4000	-0.255767	296.035
221.3000	-0.25766	296.178
221.2000	-0.272985	296.315
221.1000	-0.28493	296.459
221.0000	-0.307057	296.603
220.9000	-0.305153	296.745
220.8000	-0.344233	296.887
220.7000	-0.344592	297.037
220.6000	-0.336052	297.184
220.5000	-0.356911	297.329
220.4000	-0.367297	297.469
220.3000	-0.357421	297.607
220.2000	-0.355586	297.747
220.1000	-0.365498	297.884
220.0000	-0.363214	298.014
219.9000	-0.393473	298.142
219.8000	-0.380254	298.278
219.7000	-0.376886	298.409
219.6000	-0.375818	298.544
219.5000	-0.336456	298.678
219.4000	-0.344275	298.814
219.3000	-0.307449	298.947
219.2000	-0.322604	299.086
219.1000	-0.366073	299.221
219.0000	-0.379855	299.357
218.9000	-0.382802	299.491
218.8000	-0.428047	299.627
218.7000	-0.475717	299.758
218.6000	-0.520702	299.895
218.5000	-0.476223	300.029
218.4000	-0.45647	300.164
218.3000	-0.465781	300.299
218.2000	-0.452421	300.439
218.1000	-0.405497	300.579
218.0000	-0.361963	300.722
217.9000	-0.34872	300.862
217.8000	-0.344672	301.002
217.7000	-0.331264	301.147
217.6000	-0.311212	301.294
217.5000	-0.317381	301.438
217.4000	-0.326148	301.583
217.3000	-0.352491	301.727
217.2000	-0.360749	301.871
217.1000	-0.371204	302.021
217.0000	-0.384885	302.162
216.9000	-0.419544	302.305
216.8000	-0.44012	302.449
216.7000	-0.444551	302.594
216.6000	-0.44847	302.738
216.5000	-0.447591	302.885
216.4000	-0.42516	303.032
216.3000	-0.407446	303.18
216.2000	-0.394856	303.325
216.1000	-0.350935	303.468
216.0000	-0.357073	303.611
215.9000	-0.327944	303.755
215.8000	-0.37173	303.892
215.7000	-0.407837	304.028
215.6000	-0.426379	304.164
215.5000	-0.471951	304.299
215.4000	-0.498292	304.431
215.3000	-0.487444	304.561
215.2000	-0.48609	304.69
215.1000	-0.454962	304.817
215.0000	-0.420384	304.945
214.9000	-0.378272	305.069
214.8000	-0.33845	305.193
214.7000	-0.315081	305.315
214.6000	-0.315996	305.435
214.5000	-0.395315	305.553
214.4000	-0.426592	305.678
214.3000	-0.444657	305.799
214.2000	-0.455026	305.926
214.1000	-0.411755	306.054
214.0000	-0.414254	306.186
213.9000	-0.422037	306.315
213.8000	-0.376958	306.447
213.7000	-0.370613	306.578
213.6000	-0.364493	306.71
213.5000	-0.355981	306.842
213.4000	-0.394692	306.975
213.3000	-0.441059	307.113
213.2000	-0.429488	307.255
213.1000	-0.417169	307.393
213.0000	-0.395294	307.535
212.9000	-0.424433	307.68
212.8000	-0.439171	307.825
212.7000	-0.470913	307.973
212.6000	-0.435108	308.12
212.5000	-0.434576	308.273
212.4000	-0.476345	308.427
212.3000	-0.502565	308.577
212.2000	-0.496094	308.727
212.1000	-0.524326	308.88
212.0000	-0.54867	309.03
211.9000	-0.549437	309.185
211.8000	-0.503143	309.336
211.7000	-0.46528	309.486
211.6000	-0.427623	309.643
211.5000	-0.454354	309.796
211.4000	-0.431944	309.953
211.3000	-0.435068	310.108
211.2000	-0.445072	310.261
211.1000	-0.468419	310.418
211.0000	-0.450975	310.577
210.9000	-0.464645	310.727
210.8000	-0.471007	310.879
210.7000	-0.475833	311.027
210.6000	-0.469749	311.174
210.5000	-0.480968	311.315
210.4000	-0.447512	311.454
210.3000	-0.509575	311.597
210.2000	-0.494642	311.739
210.1000	-0.488957	311.884
210.0000	-0.498444	312.033
209.9000	-0.492871	312.188
209.8000	-0.540255	312.346
209.7000	-0.597387	312.501
209.6000	-0.598328	312.657
209.5000	-0.588312	312.817
209.4000	-0.563861	312.976
209.3000	-0.554694	313.132
209.2000	-0.537591	313.285
209.1000	-0.514289	313.439
209.0000	-0.522495	313.597
208.9000	-0.519011	313.759
208.8000	-0.547568	313.917
208.7000	-0.563841	314.076
208.6000	-0.548706	314.237
208.5000	-0.561676	314.4
208.4000	-0.571785	314.564
208.3000	-0.585896	314.729
208.2000	-0.605984	314.897
208.1000	-0.644177	315.065
208.0000	-0.618034	315.229
207.9000	-0.654777	315.395
207.8000	-0.649364	315.562
207.7000	-0.675317	315.729
207.6000	-0.621725	315.893
207.5000	-0.589271	316.057
207.4000	-0.59553	316.223
207.3000	-0.631818	316.388
207.2000	-0.610416	316.555
207.1000	-0.644419	316.719
207.0000	-0.672711	316.886
206.9000	-0.687216	317.049
206.8000	-0.720696	317.21
206.7000	-0.739888	317.371
206.6000	-0.721842	317.531
206.5000	-0.716741	317.69
206.4000	-0.693415	317.852
206.3000	-0.682407	318.008
206.2000	-0.703078	318.17
206.1000	-0.648644	318.329
206.0000	-0.620608	318.49
205.9000	-0.653361	318.65
205.8000	-0.678323	318.81
205.7000	-0.661573	318.964
205.6000	-0.655138	319.115
205.5000	-0.661592	319.263
205.4000	-0.743371	319.413
205.3000	-0.778694	319.561
205.2000	-0.76614	319.709
205.1000	-0.765377	319.856
205.0000	-0.763913	320.012
204.9000	-0.803186	320.167
204.8000	-0.822819	320.325
204.7000	-0.758352	320.483
204.6000	-0.713187	320.643
204.5000	-0.720763	320.799
204.4000	-0.754347	320.955
204.3000	-0.795707	321.108
204.2000	-0.782632	321.259
204.1000	-0.786214	321.41
204.0000	-0.789505	321.561
203.9000	-0.818971	321.711
203.8000	-0.804877	321.866
203.7000	-0.763438	322.024
203.6000	-0.728689	322.18
203.5000	-0.731547	322.34
203.4000	-0.745263	322.498
203.3000	-0.823882	322.656
203.2000	-0.826068	322.81
203.1000	-0.815889	322.964
203.0000	-0.844279	323.118
202.9000	-0.876422	323.269
202.8000	-0.879069	323.419
202.7000	-0.869833	323.567
202.6000	-0.902037	323.721
202.5000	-0.949559	323.877
202.4000	-1.02376	324.032
202.3000	-1.02592	324.185
202.2000	-1.0249	324.341
202.1000	-1.04797	324.497
202.0000	-1.03508	324.653
201.9000	-0.956811	324.804
201.8000	-0.94938	324.956
201.7000	-0.925544	325.105
201.6000	-0.901424	325.254
201.5000	-0.93425	325.402
201.4000	-0.905926	325.552
201.3000	-0.945047	325.702
201.2000	-0.997135	325.85
201.1000	-0.962619	325.998
201.0000	-0.981175	326.148
200.9000	-0.978895	326.303
200.8000	-0.962864	326.461
200.7000	-0.945787	326.614
200.6000	-0.913135	326.772
200.5000	-0.88352	326.932
200.4000	-0.886677	327.091
200.3000	-0.847844	327.251
200.2000	-0.830213	327.408
200.1000	-0.846681	327.566
200.0000	-0.890877	327.724
199.9000	-0.896123	327.883
199.8000	-0.947265	328.043
199.7000	-0.983014	328.206
199.6000	-1.06681	328.366
199.5000	-1.05533	328.523
199.4000	-1.00733	328.678
199.3000	-0.984402	328.833
199.2000	-0.922012	328.983
199.1000	-0.926332	329.13
199.0000	-0.913635	329.271
198.9000	-0.867811	329.416
198.8000	-0.920163	329.56
198.7000	-0.916982	329.699
198.6000	-0.910358	329.839
198.5000	-0.919526	329.978
198.4000	-0.931901	330.118
198.3000	-0.938078	330.259
198.2000	-0.925824	330.4
198.1000	-0.929026	330.54
198.0000	-0.904263	330.687
197.9000	-0.921468	330.834
197.8000	-0.89238	330.979
197.7000	-0.893073	331.125
197.6000	-0.907728	331.275
197.5000	-0.938278	331.422
197.4000	-0.925132	331.567
197.3000	-1.02408	331.715
197.2000	-1.09846	331.869
197.1000	-1.18297	332.025
197.0000	-1.18779	332.182
196.9000	-1.15697	332.337
196.8000	-1.13666	332.494
196.7000	-1.16712	332.652
196.6000	-1.15058	332.809
196.5000	-1.05783	332.963
196.4000	-0.995539	333.118
196.3000	-0.922899	333.27
196.2000	-0.901766	333.421
196.1000	-0.90706	333.576
196.0000	-0.883555	333.731
195.9000	-0.894475	333.88
195.8000	-0.873971	334.023
195.7000	-0.876804	334.165
195.6000	-0.918399	334.314
195.5000	-0.983648	334.459
195.4000	-1.01396	334.604
195.3000	-0.939458	334.757
195.2000	-0.886182	334.926
195.1000	-0.920734	335.109
195.0000	-0.939097	335.303
194.9000	-0.914594	335.503
194.8000	-0.839388	335.725
194.7000	-0.77308	335.957
194.6000	-0.801597	336.19
194.5000	-0.817543	336.423
194.4000	-0.835977	336.664
194.3000	-0.858167	336.912
194.2000	-0.8497	337.16
194.1000	-0.848296	337.407
194.0000	-0.848435	337.659
193.9000	-0.834334	337.915
193.8000	-0.833706	338.176
193.7000	-0.775177	338.431
193.6000	-0.735717	338.689
193.5000	-0.76425	338.95
193.4000	-0.77731	339.213
193.3000	-0.882232	339.48
193.2000	-0.851378	339.75
193.1000	-0.834791	340.02
193.0000	-0.849478	340.292
192.9000	-0.834263	340.57
192.8000	-0.841225	340.852
192.7000	-0.829588	341.133
192.6000	-0.757216	341.417
192.5000	-0.716704	341.704
192.4000	-0.712024	341.994
192.3000	-0.713879	342.291
192.2000	-0.730466	342.588
192.1000	-0.752043	342.892
192.0000	-0.761032	343.202
191.9000	-0.71851	343.521
191.8000	-0.76813	343.842
191.7000	-0.71795	344.169
191.6000	-0.72464	344.496
191.5000	-0.685334	344.827
191.4000	-0.558252	345.163
191.3000	-0.524034	345.502
191.2000	-0.516847	345.844
191.1000	-0.466021	346.198
191.0000	-0.513331	346.557
190.9000	-0.477571	346.925
190.8000	-0.519074	347.296
190.7000	-0.607428	347.67
190.6000	-0.646406	348.049
190.5000	-0.623783	348.431
190.4000	-0.658984	348.822
190.3000	-0.664574	349.218
190.2000	-0.643982	349.619
190.1000	-0.600574	350.031
190.0000	-0.527421	350.45
189.9000	-0.499272	350.877
189.8000	-0.560264	351.315
189.7000	-0.55278	351.759
189.6000	-0.53132	352.217
189.5000	-0.580072	352.688
189.4000	-0.590672	353.168
189.3000	-0.615972	353.663
189.2000	-0.590699	354.174
189.1000	-0.534764	354.696
189.0000	-0.464006	355.232
188.9000	-0.406461	355.781
188.8000	-0.382056	356.339
188.7000	-0.288844	356.919
188.6000	-0.263463	357.516
188.5000	-0.250927	358.13
188.4000	-0.26067	358.759
188.3000	-0.333034	359.403
188.2000	-0.435223	360.067
188.1000	-0.426473	360.752
188.0000	-0.459465	361.456
187.9000	-0.441342	362.179
187.8000	-0.465626	362.919
187.7000	-0.408178	363.685
187.6000	-0.374001	364.479
187.5000	-0.364923	365.301
187.4000	-0.353297	366.153
187.3000	-0.33244	367.033
187.2000	-0.385021	367.945
187.1000	-0.36645	368.904
187.0000	-0.339865	369.895
186.9000	-0.291015	370.926
186.8000	-0.245245	371.999
186.7000	-0.213889	373.12
186.6000	-0.23088	374.282
186.5000	-0.248414	375.484
186.4000	-0.330089	376.725
186.3000	-0.361135	378.011
186.2000	-0.422212	379.339
186.1000	-0.423594	380.7
186.0000	-0.397349	382.11
185.9000	-0.449444	383.569
185.8000	-0.271663	385.093
185.7000	-0.227805	386.678
185.6000	-0.223905	388.335
185.5000	-0.10106	390.069
185.4000	-0.245568	391.894
185.3000	-0.179853	393.798
185.2000	-0.173523	395.793
185.1000	-0.296918	397.872
185.0000	-0.184694	400.059
