TITLE	01_water
DATA TYPE	
ORIGIN	JASCO
OWNER	
DATE	25/06/26
TIME	14:34:49
SPECTROMETER/DATA SYSTEM	JASCO Corp., J-715, Rev. 1.00
RESOLUTION	
DELTAX	-0.1
XUNITS	NANOMETERS
YUNITS	CD[mdeg]
Y2UNITS	HT[V]
FIRSTX	260.0000
LASTX	185.0000
NPOINTS	751
FIRSTY	0.06078
MAXY	0.20623
MINY	-0.41250
XYDATA
260.0000	0.0607841	253.717
259.9000	0.0754073	253.75
259.8000	0.0977706	253.792
259.7000	0.0870682	253.842
259.6000	0.0856873	253.901
259.5000	0.101146	253.973
259.4000	0.123918	254.053
259.3000	0.131372	254.128
259.2000	0.139292	254.197
259.1000	0.122939	254.269
259.0000	0.114017	254.341
258.9000	0.122448	254.411
258.8000	0.129845	254.48
258.7000	0.106509	254.552
258.6000	0.116382	254.623
258.5000	0.131994	254.694
258.4000	0.142296	254.763
258.3000	0.151522	254.833
258.2000	0.131086	254.903
258.1000	0.132689	254.977
258.0000	0.161718	255.047
257.9000	0.149896	255.114
257.8000	0.158099	255.179
257.7000	0.172538	255.245
257.6000	0.172842	255.311
257.5000	0.193516	255.382
257.4000	0.206229	255.453
257.3000	0.199732	255.521
257.2000	0.187115	255.591
257.1000	0.169379	255.662
257.0000	0.160049	255.73
256.9000	0.15449	255.798
256.8000	0.122079	255.864
256.7000	0.0949482	255.931
256.6000	0.0976419	255.999
256.5000	0.0963502	256.066
256.4000	0.090394	256.133
256.3000	0.0600656	256.202
256.2000	0.0566214	256.274
256.1000	0.0659999	256.345
256.0000	0.069407	256.413
255.9000	0.0384672	256.48
255.8000	0.05215	256.547
255.7000	0.049247	256.614
255.6000	0.061213	256.682
255.5000	0.0563905	256.747
255.4000	0.0529451	256.817
255.3000	0.0731997	256.884
255.2000	0.0665694	256.951
255.1000	0.0573143	257.019
255.0000	0.0616645	257.09
254.9000	0.0754558	257.159
254.8000	0.0720799	257.223
254.7000	0.0748409	257.283
254.6000	0.070389	257.346
254.5000	0.0738777	257.412
254.4000	0.0626277	257.479
254.3000	0.0679135	257.543
254.2000	0.0612564	257.613
254.1000	0.0627127	257.683
254.0000	0.0500329	257.751
253.9000	0.0582431	257.822
253.8000	0.0687234	257.893
253.7000	0.0828143	257.963
253.6000	0.0657966	258.03
253.5000	0.0614388	258.098
253.4000	0.0666607	258.165
253.3000	0.0574121	258.24
253.2000	0.0330953	258.308
253.1000	0.00305325	258.374
253.0000	-0.0105683	258.444
252.9000	0.000142119	258.515
252.8000	0.00858791	258.587
252.7000	0.0244441	258.659
252.6000	0.0397727	258.728
252.5000	0.0468811	258.801
252.4000	0.061946	258.872
252.3000	0.0651235	258.942
252.2000	0.0776784	259.014
252.1000	0.0946427	259.086
252.0000	0.0685571	259.159
251.9000	0.0589015	259.235
251.8000	0.0712888	259.311
251.7000	0.0564747	259.383
251.6000	0.0457363	259.457
251.5000	0.0248143	259.527
251.4000	0.0155745	259.598
251.3000	0.0198597	259.673
251.2000	0.0148024	259.741
251.1000	0.0134669	259.813
251.0000	0.0235155	259.888
250.9000	0.022384	259.964
250.8000	0.000627525	260.041
250.7000	0.00807792	260.115
250.6000	-0.00333451	260.183
250.5000	0.00945218	260.252
250.4000	0.0188652	260.322
250.3000	0.0353066	260.391
250.2000	0.0452999	260.46
250.1000	0.0595745	260.526
250.0000	0.0525089	260.595
249.9000	0.0594489	260.664
249.8000	0.0627106	260.737
249.7000	0.0443699	260.804
249.6000	0.0203613	260.873
249.5000	0.00841524	260.938
249.4000	0.0277527	261.006
249.3000	0.0435771	261.077
249.2000	0.0338234	261.154
249.1000	0.0169935	261.224
249.0000	0.0125691	261.298
248.9000	0.0314975	261.369
248.8000	0.0363827	261.442
248.7000	0.0213191	261.513
248.6000	0.0121182	261.58
248.5000	0.0242179	261.648
248.4000	0.0282008	261.714
248.3000	0.0286357	261.782
248.2000	0.0180418	261.851
248.1000	0.0100231	261.919
248.0000	0.0124682	261.989
247.9000	0.00201054	262.06
247.8000	0.00622645	262.128
247.7000	0.0226306	262.201
247.6000	0.0483815	262.273
247.5000	0.0581749	262.345
247.4000	0.0644324	262.416
247.3000	0.060544	262.485
247.2000	0.0678131	262.555
247.1000	0.0630995	262.632
247.0000	0.0422137	262.704
246.9000	0.0179855	262.774
246.8000	0.0176724	262.848
246.7000	0.0377441	262.923
246.6000	0.0273082	262.997
246.5000	0.0111319	263.075
246.4000	0.00208281	263.146
246.3000	0.0223678	263.218
246.2000	0.0234555	263.294
246.1000	0.0118276	263.367
246.0000	-0.00670608	263.443
245.9000	0.00733808	263.518
245.8000	-0.00273604	263.591
245.7000	-0.0159334	263.668
245.6000	0.00168215	263.744
245.5000	0.00813026	263.817
245.4000	0.0251532	263.893
245.3000	0.0348993	263.964
245.2000	0.0234738	264.033
245.1000	0.0387724	264.104
245.0000	0.0411527	264.175
244.9000	0.0083914	264.247
244.8000	-0.000135973	264.318
244.7000	0.00493247	264.392
244.6000	-0.00768043	264.468
244.5000	-0.00565779	264.541
244.4000	-0.0272118	264.613
244.3000	-0.0501309	264.686
244.2000	-0.0381224	264.763
244.1000	-0.0363408	264.838
244.0000	-0.0524037	264.913
243.9000	-0.0367975	264.989
243.8000	-0.0180196	265.064
243.7000	0.0187958	265.142
243.6000	0.03688	265.22
243.5000	0.0393657	265.299
243.4000	0.0270907	265.377
243.3000	0.00739843	265.46
243.2000	0.0106784	265.545
243.1000	0.00935569	265.633
243.0000	0.00418518	265.72
242.9000	0.00554342	265.806
242.8000	0.0121854	265.891
242.7000	0.0143038	265.981
242.6000	0.0447487	266.069
242.5000	0.0386788	266.161
242.4000	0.0351656	266.249
242.3000	0.0578498	266.341
242.2000	0.0623183	266.438
242.1000	0.0626145	266.531
242.0000	0.0764826	266.63
241.9000	0.0722049	266.727
241.8000	0.0875214	266.826
241.7000	0.0899589	266.926
241.6000	0.0779051	267.025
241.5000	0.0934687	267.124
241.4000	0.0858806	267.228
241.3000	0.0977835	267.326
241.2000	0.0957998	267.421
241.1000	0.0850145	267.52
241.0000	0.085257	267.62
240.9000	0.0813162	267.72
240.8000	0.0634031	267.816
240.7000	0.0710998	267.913
240.6000	0.0356263	268.011
240.5000	0.0348585	268.115
240.4000	0.0283455	268.219
240.3000	0.0351826	268.323
240.2000	0.0427578	268.431
240.1000	0.0473043	268.539
240.0000	0.0247538	268.648
239.9000	0.0437535	268.763
239.8000	0.0233626	268.88
239.7000	0.0151699	268.999
239.6000	0.0221798	269.118
239.5000	0.0131628	269.237
239.4000	0.0455575	269.361
239.3000	0.061778	269.486
239.2000	0.0825038	269.607
239.1000	0.121452	269.729
239.0000	0.117857	269.852
238.9000	0.100421	269.979
238.8000	0.120338	270.105
238.7000	0.107461	270.233
238.6000	0.0917407	270.361
238.5000	0.0741012	270.49
238.4000	0.0566911	270.62
238.3000	0.0618333	270.751
238.2000	0.0445049	270.881
238.1000	0.0208387	271.016
238.0000	0.00114758	271.151
237.9000	-0.00763461	271.281
237.8000	-0.0260942	271.417
237.7000	-0.0379033	271.55
237.6000	-0.0385107	271.685
237.5000	-0.0100495	271.818
237.4000	-0.0101864	271.952
237.3000	-0.00850465	272.085
237.2000	-0.0118434	272.223
237.1000	0.00182576	272.36
237.0000	-0.00725966	272.496
236.9000	-0.0137921	272.631
236.8000	-0.0210991	272.765
236.7000	0.0109833	272.9
236.6000	0.0237132	273.037
236.5000	0.0344165	273.173
236.4000	0.010037	273.308
236.3000	-0.00531729	273.443
236.2000	-0.0208504	273.579
236.1000	-0.0462057	273.718
236.0000	-0.0887118	273.853
235.9000	-0.0977302	273.99
235.8000	-0.114438	274.125
235.7000	-0.0939932	274.259
235.6000	-0.0704857	274.394
235.5000	-0.0541046	274.527
235.4000	-0.0336409	274.66
235.3000	-0.020971	274.796
235.2000	-0.00515655	274.927
235.1000	0.00299141	275.061
235.0000	0.0153869	275.195
234.9000	0.0163335	275.33
234.8000	0.013498	275.466
234.7000	0.00592303	275.6
234.6000	-0.00845157	275.735
234.5000	-0.0271477	275.872
234.4000	-0.00467524	276.004
234.3000	0.00357851	276.135
234.2000	0.00318456	276.267
234.1000	-0.0142245	276.4
234.0000	-0.0227887	276.533
233.9000	-0.0200186	276.664
233.8000	-0.0278763	276.802
233.7000	-0.0678394	276.944
233.6000	-0.0736985	277.089
233.5000	-0.0946749	277.231
233.4000	-0.0646977	277.372
233.3000	-0.0761108	277.512
233.2000	-0.0783049	277.654
233.1000	-0.0845077	277.791
233.0000	-0.107489	277.929
232.9000	-0.129896	278.067
232.8000	-0.120277	278.206
232.7000	-0.138117	278.346
232.6000	-0.126512	278.485
232.5000	-0.123905	278.623
232.4000	-0.121617	278.763
232.3000	-0.109709	278.907
232.2000	-0.0960266	279.044
232.1000	-0.0991451	279.186
232.0000	-0.104447	279.333
231.9000	-0.0874624	279.475
231.8000	-0.0729898	279.618
231.7000	-0.0540478	279.756
231.6000	-0.058414	279.898
231.5000	-0.0636509	280.041
231.4000	-0.0494286	280.18
231.3000	-0.0363659	280.319
231.2000	-0.0503287	280.459
231.1000	-0.0571189	280.598
231.0000	-0.0239924	280.737
230.9000	-0.00566542	280.876
230.8000	-0.00845268	281.021
230.7000	-0.0372157	281.169
230.6000	-0.0521736	281.313
230.5000	-0.0816295	281.458
230.4000	-0.0883207	281.6
230.3000	-0.111107	281.746
230.2000	-0.130898	281.887
230.1000	-0.14331	282.026
230.0000	-0.168568	282.161
229.9000	-0.167398	282.303
229.8000	-0.179309	282.445
229.7000	-0.181859	282.59
229.6000	-0.206671	282.73
229.5000	-0.183779	282.875
229.4000	-0.155397	283.02
229.3000	-0.1286	283.166
229.2000	-0.127535	283.309
229.1000	-0.126075	283.455
229.0000	-0.154451	283.602
228.9000	-0.140166	283.752
228.8000	-0.177152	283.899
228.7000	-0.202031	284.049
228.6000	-0.198355	284.203
228.5000	-0.160608	284.359
228.4000	-0.154023	284.514
228.3000	-0.15158	284.666
228.2000	-0.182868	284.824
228.1000	-0.167502	284.98
228.0000	-0.16744	285.135
227.9000	-0.157822	285.285
227.8000	-0.187289	285.436
227.7000	-0.191454	285.587
227.6000	-0.194022	285.739
227.5000	-0.197831	285.887
227.4000	-0.151714	286.036
227.3000	-0.146072	286.181
227.2000	-0.162269	286.325
227.1000	-0.158571	286.462
227.0000	-0.161407	286.601
226.9000	-0.1537	286.737
226.8000	-0.178611	286.873
226.7000	-0.238434	287.013
226.6000	-0.254768	287.152
226.5000	-0.266212	287.293
226.4000	-0.285302	287.437
226.3000	-0.315544	287.578
226.2000	-0.323855	287.718
226.1000	-0.296499	287.858
226.0000	-0.291486	287.992
225.9000	-0.252241	288.127
225.8000	-0.230133	288.263
225.7000	-0.205825	288.395
225.6000	-0.189021	288.524
225.5000	-0.217771	288.652
225.4000	-0.231793	288.782
225.3000	-0.218346	288.91
225.2000	-0.240055	289.037
225.1000	-0.265082	289.166
225.0000	-0.254512	289.297
224.9000	-0.238681	289.432
224.8000	-0.212969	289.568
224.7000	-0.228715	289.703
224.6000	-0.261083	289.841
224.5000	-0.283249	289.98
224.4000	-0.283028	290.113
224.3000	-0.279556	290.248
224.2000	-0.28649	290.382
224.1000	-0.270341	290.517
224.0000	-0.213283	290.651
223.9000	-0.172656	290.786
223.8000	-0.160443	290.921
223.7000	-0.198663	291.059
223.6000	-0.220933	291.194
223.5000	-0.186067	291.333
223.4000	-0.229068	291.469
223.3000	-0.270853	291.607
223.2000	-0.316476	291.748
223.1000	-0.336365	291.885
223.0000	-0.290089	292.021
222.9000	-0.304652	292.161
222.8000	-0.334007	292.3
222.7000	-0.320604	292.441
222.6000	-0.317867	292.58
222.5000	-0.345346	292.722
222.4000	-0.347221	292.859
222.3000	-0.39624	293.004
222.2000	-0.399481	293.143
222.1000	-0.39078	293.286
222.0000	-0.364027	293.429
221.9000	-0.338203	293.572
221.8000	-0.30731	293.711
221.7000	-0.311146	293.855
221.6000	-0.311519	293.99
221.5000	-0.302988	294.128
221.4000	-0.318007	294.264
221.3000	-0.34631	294.399
221.2000	-0.379268	294.532
221.1000	-0.375322	294.665
221.0000	-0.389877	294.795
220.9000	-0.36674	294.929
220.8000	-0.381775	295.056
220.7000	-0.36259	295.184
220.6000	-0.340276	295.309
220.5000	-0.308849	295.434
220.4000	-0.280997	295.561
220.3000	-0.216063	295.685
220.2000	-0.211952	295.813
220.1000	-0.187264	295.941
220.0000	-0.186317	296.065
219.9000	-0.195459	296.191
219.8000	-0.231249	296.313
219.7000	-0.267118	296.437
219.6000	-0.27226	296.561
219.5000	-0.276871	296.688
219.4000	-0.276197	296.812
219.3000	-0.287537	296.935
219.2000	-0.274389	297.059
219.1000	-0.286024	297.185
219.0000	-0.264988	297.309
218.9000	-0.319977	297.435
218.8000	-0.292831	297.556
218.7000	-0.282736	297.678
218.6000	-0.263016	297.807
218.5000	-0.275493	297.931
218.4000	-0.256291	298.059
218.3000	-0.273837	298.179
218.2000	-0.243474	298.305
218.1000	-0.283626	298.435
218.0000	-0.280405	298.562
217.9000	-0.288454	298.688
217.8000	-0.262103	298.817
217.7000	-0.23995	298.947
217.6000	-0.239242	299.078
217.5000	-0.263726	299.204
217.4000	-0.256085	299.33
217.3000	-0.257953	299.46
217.2000	-0.290471	299.588
217.1000	-0.321155	299.715
217.0000	-0.317055	299.844
216.9000	-0.283562	299.976
216.8000	-0.268372	300.108
216.7000	-0.288652	300.242
216.6000	-0.286849	300.377
216.5000	-0.243478	300.515
216.4000	-0.244169	300.651
216.3000	-0.242114	300.788
216.2000	-0.278233	300.926
216.1000	-0.314321	301.059
216.0000	-0.288355	301.189
215.9000	-0.32317	301.316
215.8000	-0.375576	301.443
215.7000	-0.372443	301.566
215.6000	-0.40799	301.685
215.5000	-0.394082	301.805
215.4000	-0.377694	301.923
215.3000	-0.368828	302.043
215.2000	-0.340671	302.159
215.1000	-0.349471	302.272
215.0000	-0.340239	302.387
214.9000	-0.31329	302.495
214.8000	-0.3306	302.602
214.7000	-0.321822	302.716
214.6000	-0.340407	302.825
214.5000	-0.327735	302.936
214.4000	-0.303009	303.047
214.3000	-0.308602	303.16
214.2000	-0.312884	303.275
214.1000	-0.286779	303.391
214.0000	-0.297896	303.502
213.9000	-0.282411	303.616
213.8000	-0.267484	303.731
213.7000	-0.282862	303.844
213.6000	-0.25678	303.96
213.5000	-0.260301	304.078
213.4000	-0.278557	304.199
213.3000	-0.262992	304.322
213.2000	-0.284526	304.446
213.1000	-0.287473	304.57
213.0000	-0.268778	304.697
212.9000	-0.281877	304.823
212.8000	-0.272536	304.953
212.7000	-0.28427	305.082
212.6000	-0.279675	305.211
212.5000	-0.246064	305.34
212.4000	-0.24859	305.474
212.3000	-0.271345	305.609
212.2000	-0.287821	305.746
212.1000	-0.284929	305.883
212.0000	-0.237819	306.019
211.9000	-0.239642	306.157
211.8000	-0.295107	306.298
211.7000	-0.298633	306.438
211.6000	-0.318773	306.576
211.5000	-0.309121	306.715
211.4000	-0.307832	306.852
211.3000	-0.352362	306.988
211.2000	-0.338028	307.122
211.1000	-0.334067	307.254
211.0000	-0.328772	307.384
210.9000	-0.330619	307.512
210.8000	-0.346386	307.639
210.7000	-0.330988	307.766
210.6000	-0.325574	307.894
210.5000	-0.322592	308.025
210.4000	-0.330177	308.151
210.3000	-0.355294	308.277
210.2000	-0.337726	308.402
210.1000	-0.303914	308.531
210.0000	-0.315519	308.658
209.9000	-0.32747	308.786
209.8000	-0.327412	308.912
209.7000	-0.319332	309.043
209.6000	-0.285864	309.172
209.5000	-0.244878	309.302
209.4000	-0.24521	309.431
209.3000	-0.246951	309.563
209.2000	-0.240629	309.691
209.1000	-0.251575	309.821
209.0000	-0.268397	309.953
208.9000	-0.318297	310.085
208.8000	-0.364792	310.221
208.7000	-0.401063	310.357
208.6000	-0.412371	310.49
208.5000	-0.348547	310.63
208.4000	-0.298277	310.767
208.3000	-0.28169	310.905
208.2000	-0.276753	311.043
208.1000	-0.235636	311.181
208.0000	-0.210906	311.317
207.9000	-0.18583	311.454
207.8000	-0.227942	311.588
207.7000	-0.231354	311.727
207.6000	-0.208472	311.863
207.5000	-0.192389	312.002
207.4000	-0.19148	312.142
207.3000	-0.203315	312.285
207.2000	-0.205413	312.427
207.1000	-0.211028	312.57
207.0000	-0.21999	312.712
206.9000	-0.225904	312.856
206.8000	-0.249505	312.996
206.7000	-0.244964	313.133
206.6000	-0.217381	313.267
206.5000	-0.20419	313.399
206.4000	-0.16851	313.528
206.3000	-0.174187	313.651
206.2000	-0.145941	313.774
206.1000	-0.102097	313.895
206.0000	-0.10676	314.013
205.9000	-0.160488	314.127
205.8000	-0.188519	314.247
205.7000	-0.247213	314.363
205.6000	-0.279492	314.477
205.5000	-0.289525	314.591
205.4000	-0.333067	314.705
205.3000	-0.350558	314.82
205.2000	-0.357766	314.933
205.1000	-0.350638	315.046
205.0000	-0.3148	315.162
204.9000	-0.302469	315.279
204.8000	-0.312773	315.395
204.7000	-0.282562	315.508
204.6000	-0.272023	315.623
204.5000	-0.252323	315.741
204.4000	-0.240484	315.856
204.3000	-0.283144	315.967
204.2000	-0.2847	316.079
204.1000	-0.266614	316.193
204.0000	-0.278354	316.304
203.9000	-0.297968	316.414
203.8000	-0.286033	316.524
203.7000	-0.309403	316.633
203.6000	-0.272846	316.74
203.5000	-0.278339	316.85
203.4000	-0.282151	316.958
203.3000	-0.323145	317.065
203.2000	-0.292496	317.172
203.1000	-0.242515	317.275
203.0000	-0.228143	317.38
202.9000	-0.238283	317.483
202.8000	-0.238575	317.583
202.7000	-0.231946	317.679
202.6000	-0.236806	317.779
202.5000	-0.238877	317.878
202.4000	-0.252296	317.976
202.3000	-0.233479	318.069
202.2000	-0.202231	318.164
202.1000	-0.186045	318.257
202.0000	-0.205022	318.35
201.9000	-0.162601	318.442
201.8000	-0.174855	318.528
201.7000	-0.222088	318.62
201.6000	-0.211828	318.713
201.5000	-0.250277	318.805
201.4000	-0.272448	318.894
201.3000	-0.240245	318.981
201.2000	-0.313151	319.071
201.1000	-0.293986	319.159
201.0000	-0.297995	319.246
200.9000	-0.331057	319.331
200.8000	-0.324144	319.416
200.7000	-0.300999	319.508
200.6000	-0.292275	319.6
200.5000	-0.22781	319.692
200.4000	-0.22102	319.784
200.3000	-0.166946	319.871
200.2000	-0.15689	319.96
200.1000	-0.148966	320.047
200.0000	-0.126044	320.128
199.9000	-0.124819	320.205
199.8000	-0.137469	320.278
199.7000	-0.0965882	320.354
199.6000	-0.0934346	320.426
199.5000	-0.105946	320.496
199.4000	-0.0941917	320.563
199.3000	-0.128502	320.636
199.2000	-0.121238	320.705
199.1000	-0.0970168	320.772
199.0000	-0.140978	320.837
198.9000	-0.202631	320.9
198.8000	-0.202459	320.963
198.7000	-0.202056	321.023
198.6000	-0.176129	321.077
198.5000	-0.229761	321.132
198.4000	-0.287616	321.187
198.3000	-0.305187	321.244
198.2000	-0.275693	321.299
198.1000	-0.296999	321.353
198.0000	-0.344054	321.404
197.9000	-0.412504	321.457
197.8000	-0.371535	321.509
197.7000	-0.349694	321.559
197.6000	-0.289186	321.609
197.5000	-0.292531	321.662
197.4000	-0.25157	321.713
197.3000	-0.186708	321.767
197.2000	-0.170705	321.819
197.1000	-0.136053	321.873
197.0000	-0.124756	321.925
196.9000	-0.17647	321.976
196.8000	-0.221719	322.025
196.7000	-0.258422	322.073
196.6000	-0.235991	322.119
196.5000	-0.233782	322.167
196.4000	-0.274175	322.206
196.3000	-0.265659	322.246
196.2000	-0.219054	322.285
196.1000	-0.199189	322.321
196.0000	-0.174132	322.356
195.9000	-0.261229	322.391
195.8000	-0.235704	322.42
195.7000	-0.215539	322.451
195.6000	-0.251918	322.479
195.5000	-0.228402	322.502
195.4000	-0.206674	322.521
195.3000	-0.226377	322.545
195.2000	-0.151584	322.575
195.1000	-0.177262	322.616
195.0000	-0.19979	322.672
194.9000	-0.149724	322.742
194.8000	-0.185218	322.83
194.7000	-0.142926	322.929
194.6000	-0.0998933	323.031
194.5000	-0.146428	323.134
194.4000	-0.126394	323.236
194.3000	-0.145385	323.334
194.2000	-0.167338	323.431
194.1000	-0.16434	323.532
194.0000	-0.212927	323.632
193.9000	-0.231345	323.732
193.8000	-0.224663	323.831
193.7000	-0.227621	323.934
193.6000	-0.236512	324.04
193.5000	-0.275621	324.139
193.4000	-0.297586	324.234
193.3000	-0.28575	324.335
193.2000	-0.266114	324.437
193.1000	-0.237325	324.543
193.0000	-0.259001	324.645
192.9000	-0.2746	324.749
192.8000	-0.258305	324.857
192.7000	-0.215393	324.962
192.6000	-0.221097	325.063
192.5000	-0.181982	325.165
192.4000	-0.199157	325.262
192.3000	-0.180403	325.364
192.2000	-0.192457	325.467
192.1000	-0.209373	325.569
192.0000	-0.280963	325.671
191.9000	-0.271715	325.777
191.8000	-0.34896	325.885
191.7000	-0.357265	326.001
191.6000	-0.316363	326.112
191.5000	-0.290434	326.22
191.4000	-0.290364	326.335
191.3000	-0.220932	326.452
191.2000	-0.246756	326.57
191.1000	-0.232374	326.69
191.0000	-0.243868	326.809
190.9000	-0.284789	326.933
190.8000	-0.241737	327.054
190.7000	-0.210396	327.177
190.6000	-0.230861	327.301
190.5000	-0.181596	327.427
190.4000	-0.188483	327.554
190.3000	-0.211946	327.688
190.2000	-0.213961	327.829
190.1000	-0.232498	327.974
190.0000	-0.257768	328.121
189.9000	-0.255652	328.272
189.8000	-0.27659	328.428
189.7000	-0.24096	328.586
189.6000	-0.224039	328.744
189.5000	-0.232498	328.906
189.4000	-0.22356	329.079
189.3000	-0.2829	329.256
189.2000	-0.284174	329.436
189.1000	-0.285481	329.624
189.0000	-0.270679	329.824
188.9000	-0.232508	330.031
188.8000	-0.187575	330.241
188.7000	-0.219482	330.454
188.6000	-0.192108	330.678
188.5000	-0.269912	330.911
188.4000	-0.294412	331.146
188.3000	-0.276214	331.389
188.2000	-0.309719	331.639
188.1000	-0.345502	331.904
188.0000	-0.291614	332.176
187.9000	-0.296663	332.459
187.8000	-0.208884	332.754
187.7000	-0.185778	333.063
187.6000	-0.210174	333.386
187.5000	-0.194162	333.727
187.4000	-0.18574	334.082
187.3000	-0.222199	334.458
187.2000	-0.232208	334.85
187.1000	-0.224213	335.258
187.0000	-0.186523	335.688
186.9000	-0.172102	336.138
186.8000	-0.196084	336.608
186.7000	-0.187227	337.098
186.6000	-0.189953	337.606
186.5000	-0.174123	338.144
186.4000	-0.207857	338.706
186.3000	-0.274452	339.285
186.2000	-0.24888	339.886
186.1000	-0.217053	340.516
186.0000	-0.26121	341.178
185.9000	-0.282324	341.881
185.8000	-0.293005	342.617
185.7000	-0.251014	343.397
185.6000	-0.171891	344.221
185.5000	-0.224568	345.089
185.4000	-0.237859	346.004
185.3000	-0.156149	346.976
185.2000	-0.0690619	347.988
185.1000	-0.10959	349.054
185.0000	-0.227016	350.168
