TITLE	02_251002E_0days
DATA TYPE	
ORIGIN	JASCO
OWNER	
DATE	25/10/02
TIME	15:10:37
SPECTROMETER/DATA SYSTEM	JASCO Corp., J-715, Rev. 1.00
RESOLUTION	
DELTAX	-0.1
XUNITS	NANOMETERS
YUNITS	CD[mdeg]
Y2UNITS	HT[V]
FIRSTX	260.0000
LASTX	185.0000
NPOINTS	751
FIRSTY	0.17498
MAXY	0.25519
MINY	-1.99365
XYDATA
260.0000	0.174984	255.035
259.9000	0.164269	255.05
259.8000	0.173487	255.075
259.7000	0.178419	255.112
259.6000	0.167481	255.158
259.5000	0.185194	255.211
259.4000	0.160463	255.279
259.3000	0.166609	255.352
259.2000	0.172941	255.42
259.1000	0.173732	255.497
259.0000	0.17882	255.57
258.9000	0.184324	255.642
258.8000	0.166833	255.709
258.7000	0.179605	255.772
258.6000	0.189577	255.846
258.5000	0.215073	255.922
258.4000	0.21059	255.99
258.3000	0.198682	256.059
258.2000	0.188826	256.128
258.1000	0.187871	256.203
258.0000	0.176973	256.279
257.9000	0.164441	256.35
257.8000	0.140531	256.418
257.7000	0.129565	256.486
257.6000	0.124558	256.557
257.5000	0.154439	256.627
257.4000	0.175508	256.695
257.3000	0.179289	256.761
257.2000	0.177186	256.828
257.1000	0.166362	256.892
257.0000	0.170192	256.963
256.9000	0.169511	257.037
256.8000	0.177971	257.112
256.7000	0.163546	257.186
256.6000	0.164862	257.258
256.5000	0.199888	257.327
256.4000	0.247883	257.401
256.3000	0.255194	257.468
256.2000	0.242163	257.534
256.1000	0.211104	257.601
256.0000	0.186455	257.667
255.9000	0.196351	257.735
255.8000	0.170832	257.801
255.7000	0.137081	257.867
255.6000	0.0930471	257.932
255.5000	0.0688441	257.999
255.4000	0.0808507	258.064
255.3000	0.0907389	258.134
255.2000	0.0745403	258.204
255.1000	0.0668901	258.276
255.0000	0.0536342	258.347
254.9000	0.0729096	258.416
254.8000	0.0973292	258.484
254.7000	0.107008	258.55
254.6000	0.0944115	258.618
254.5000	0.102024	258.687
254.4000	0.110342	258.754
254.3000	0.126497	258.821
254.2000	0.13764	258.895
254.1000	0.131377	258.962
254.0000	0.113054	259.031
253.9000	0.134045	259.097
253.8000	0.129664	259.172
253.7000	0.128769	259.245
253.6000	0.13082	259.318
253.5000	0.116735	259.389
253.4000	0.106542	259.465
253.3000	0.122695	259.542
253.2000	0.109021	259.615
253.1000	0.114903	259.682
253.0000	0.101124	259.753
252.9000	0.103013	259.828
252.8000	0.105335	259.902
252.7000	0.119804	259.975
252.6000	0.105569	260.048
252.5000	0.125954	260.123
252.4000	0.13396	260.2
252.3000	0.13575	260.276
252.2000	0.131621	260.35
252.1000	0.129967	260.426
252.0000	0.139923	260.504
251.9000	0.153147	260.58
251.8000	0.158504	260.658
251.7000	0.146146	260.728
251.6000	0.154915	260.799
251.5000	0.149546	260.869
251.4000	0.139789	260.941
251.3000	0.10686	261.013
251.2000	0.0734217	261.085
251.1000	0.0386288	261.158
251.0000	0.0308491	261.239
250.9000	0.0504926	261.315
250.8000	0.0625268	261.395
250.7000	0.0684092	261.47
250.6000	0.088048	261.545
250.5000	0.109693	261.618
250.4000	0.107845	261.69
250.3000	0.0980717	261.765
250.2000	0.0816132	261.837
250.1000	0.0884044	261.907
250.0000	0.10038	261.979
249.9000	0.102069	262.047
249.8000	0.108296	262.124
249.7000	0.107705	262.2
249.6000	0.0934285	262.272
249.5000	0.095055	262.343
249.4000	0.0845599	262.413
249.3000	0.0882477	262.486
249.2000	0.0716726	262.557
249.1000	0.0675698	262.624
249.0000	0.0954581	262.689
248.9000	0.0867076	262.759
248.8000	0.0561684	262.834
248.7000	0.0425915	262.904
248.6000	0.0559119	262.976
248.5000	0.0616133	263.051
248.4000	0.0390035	263.125
248.3000	0.0256946	263.2
248.2000	0.0664482	263.269
248.1000	0.102868	263.338
248.0000	0.0996401	263.407
247.9000	0.10466	263.477
247.8000	0.112479	263.544
247.7000	0.130127	263.611
247.6000	0.14098	263.681
247.5000	0.13089	263.754
247.4000	0.133367	263.828
247.3000	0.125036	263.906
247.2000	0.106084	263.978
247.1000	0.0889781	264.061
247.0000	0.0826408	264.138
246.9000	0.0489223	264.21
246.8000	0.0405326	264.285
246.7000	0.0497982	264.361
246.6000	0.055175	264.439
246.5000	0.0478459	264.514
246.4000	0.060715	264.584
246.3000	0.0505919	264.66
246.2000	0.0633433	264.737
246.1000	0.0384482	264.815
246.0000	0.0316841	264.89
245.9000	0.0397349	264.964
245.8000	0.0179398	265.045
245.7000	0.0142256	265.123
245.6000	0.0203749	265.204
245.5000	0.0254549	265.282
245.4000	0.0411478	265.361
245.3000	0.0526749	265.436
245.2000	0.0693187	265.513
245.1000	0.099661	265.584
245.0000	0.0944513	265.656
244.9000	0.0801144	265.73
244.8000	0.0745577	265.806
244.7000	0.0700715	265.879
244.6000	0.050621	265.962
244.5000	0.0298925	266.041
244.4000	0.0498268	266.12
244.3000	0.0441392	266.198
244.2000	0.0781173	266.278
244.1000	0.10085	266.354
244.0000	0.10277	266.436
243.9000	0.0901093	266.512
243.8000	0.0577822	266.589
243.7000	0.0304903	266.668
243.6000	0.0309261	266.744
243.5000	0.040221	266.826
243.4000	0.0254018	266.907
243.3000	0.0364897	266.99
243.2000	0.041013	267.076
243.1000	0.0659717	267.162
243.0000	0.0604466	267.25
242.9000	0.0276593	267.341
242.8000	-0.00715976	267.426
242.7000	-0.0372224	267.513
242.6000	-0.0549878	267.598
242.5000	-0.0394347	267.686
242.4000	-0.028424	267.782
242.3000	-0.0133964	267.879
242.2000	0.0286162	267.977
242.1000	0.0372725	268.075
242.0000	0.0576889	268.177
241.9000	0.0634198	268.283
241.8000	0.0602749	268.382
241.7000	0.0634151	268.484
241.6000	0.048015	268.582
241.5000	0.0484049	268.68
241.4000	0.0525072	268.784
241.3000	0.0326512	268.887
241.2000	0.0160297	268.99
241.1000	-0.00386635	269.097
241.0000	-0.0142626	269.201
240.9000	-0.0124199	269.308
240.8000	-0.0165135	269.416
240.7000	0.00166794	269.523
240.6000	0.0447559	269.632
240.5000	0.0339724	269.735
240.4000	0.0505847	269.845
240.3000	0.0618237	269.958
240.2000	0.108889	270.066
240.1000	0.0883703	270.178
240.0000	0.0835593	270.291
239.9000	0.0606825	270.406
239.8000	0.062908	270.527
239.7000	0.0438375	270.645
239.6000	0.0312065	270.763
239.5000	-0.0106876	270.891
239.4000	0.0207918	271.021
239.3000	-0.0141022	271.145
239.2000	-0.0172727	271.272
239.1000	-0.0170107	271.402
239.0000	-0.0106456	271.537
238.9000	-0.00802279	271.672
238.8000	-0.0121062	271.803
238.7000	-0.0503863	271.934
238.6000	-0.0436023	272.073
238.5000	-0.033059	272.206
238.4000	-0.0362796	272.334
238.3000	-0.0498553	272.466
238.2000	-0.0649475	272.598
238.1000	-0.0730169	272.732
238.0000	-0.0584933	272.868
237.9000	-0.0390587	273.005
237.8000	-0.0328238	273.147
237.7000	-0.0333421	273.289
237.6000	-0.0308409	273.43
237.5000	-0.0239804	273.569
237.4000	-0.0176673	273.709
237.3000	-0.0222171	273.845
237.2000	-0.0409521	273.987
237.1000	-0.0672976	274.13
237.0000	-0.0778213	274.271
236.9000	-0.0950602	274.412
236.8000	-0.112074	274.555
236.7000	-0.118214	274.694
236.6000	-0.0986134	274.839
236.5000	-0.0974913	274.98
236.4000	-0.0681445	275.122
236.3000	-0.056313	275.267
236.2000	-0.0452387	275.41
236.1000	-0.031202	275.559
236.0000	-0.0316391	275.705
235.9000	-0.0521143	275.849
235.8000	-0.0559496	275.992
235.7000	-0.0624942	276.137
235.6000	-0.0471483	276.283
235.5000	-0.0618021	276.423
235.4000	-0.0983914	276.562
235.3000	-0.120403	276.698
235.2000	-0.0991183	276.84
235.1000	-0.0947731	276.984
235.0000	-0.121714	277.128
234.9000	-0.129666	277.271
234.8000	-0.151495	277.419
234.7000	-0.146944	277.566
234.6000	-0.160982	277.719
234.5000	-0.201678	277.864
234.4000	-0.241946	278.008
234.3000	-0.219386	278.148
234.2000	-0.223966	278.289
234.1000	-0.173982	278.43
234.0000	-0.1508	278.573
233.9000	-0.149016	278.714
233.8000	-0.108816	278.859
233.7000	-0.0838891	279.006
233.6000	-0.0674836	279.154
233.5000	-0.0901553	279.3
233.4000	-0.106282	279.444
233.3000	-0.0982446	279.589
233.2000	-0.0808947	279.736
233.1000	-0.067424	279.882
233.0000	-0.0657698	280.031
232.9000	-0.096336	280.176
232.8000	-0.0750793	280.327
232.7000	-0.0902255	280.478
232.6000	-0.0681356	280.63
232.5000	-0.084345	280.786
232.4000	-0.11693	280.942
232.3000	-0.109252	281.102
232.2000	-0.110796	281.265
232.1000	-0.130332	281.43
232.0000	-0.133966	281.592
231.9000	-0.14361	281.752
231.8000	-0.172063	281.909
231.7000	-0.194421	282.068
231.6000	-0.27079	282.219
231.5000	-0.295454	282.372
231.4000	-0.29987	282.521
231.3000	-0.296994	282.669
231.2000	-0.299091	282.818
231.1000	-0.274007	282.963
231.0000	-0.249748	283.112
230.9000	-0.235184	283.26
230.8000	-0.228293	283.408
230.7000	-0.220612	283.557
230.6000	-0.240935	283.712
230.5000	-0.244269	283.863
230.4000	-0.272638	284.018
230.3000	-0.260822	284.168
230.2000	-0.24495	284.32
230.1000	-0.278111	284.465
230.0000	-0.295334	284.612
229.9000	-0.307176	284.759
229.8000	-0.307969	284.909
229.7000	-0.330941	285.061
229.6000	-0.335451	285.217
229.5000	-0.332455	285.378
229.4000	-0.302277	285.542
229.3000	-0.281652	285.704
229.2000	-0.270211	285.857
229.1000	-0.303171	286.018
229.0000	-0.284697	286.184
228.9000	-0.301906	286.345
228.8000	-0.265124	286.51
228.7000	-0.279251	286.677
228.6000	-0.291339	286.845
228.5000	-0.306762	287.018
228.4000	-0.297349	287.188
228.3000	-0.309801	287.355
228.2000	-0.332761	287.523
228.1000	-0.382797	287.689
228.0000	-0.359703	287.852
227.9000	-0.327109	288.011
227.8000	-0.329295	288.172
227.7000	-0.291666	288.339
227.6000	-0.274576	288.502
227.5000	-0.262756	288.665
227.4000	-0.262265	288.824
227.3000	-0.243377	288.983
227.2000	-0.264745	289.142
227.1000	-0.264795	289.296
227.0000	-0.242845	289.446
226.9000	-0.247942	289.595
226.8000	-0.243382	289.75
226.7000	-0.224982	289.897
226.6000	-0.248359	290.047
226.5000	-0.265319	290.197
226.4000	-0.304159	290.349
226.3000	-0.384847	290.502
226.2000	-0.413641	290.659
226.1000	-0.413703	290.807
226.0000	-0.419031	290.962
225.9000	-0.415592	291.111
225.8000	-0.396736	291.262
225.7000	-0.396297	291.41
225.6000	-0.363164	291.556
225.5000	-0.367838	291.701
225.4000	-0.386075	291.848
225.3000	-0.429906	291.994
225.2000	-0.454953	292.141
225.1000	-0.457819	292.285
225.0000	-0.441039	292.434
224.9000	-0.453664	292.585
224.8000	-0.414425	292.732
224.7000	-0.385918	292.882
224.6000	-0.33581	293.033
224.5000	-0.309648	293.182
224.4000	-0.315115	293.334
224.3000	-0.328635	293.482
224.2000	-0.323868	293.635
224.1000	-0.354781	293.791
224.0000	-0.3997	293.948
223.9000	-0.480537	294.1
223.8000	-0.53278	294.253
223.7000	-0.549986	294.402
223.6000	-0.540225	294.556
223.5000	-0.561549	294.707
223.4000	-0.520951	294.858
223.3000	-0.505098	295.008
223.2000	-0.442339	295.167
223.1000	-0.386486	295.323
223.0000	-0.364352	295.479
222.9000	-0.324906	295.638
222.8000	-0.296676	295.799
222.7000	-0.301113	295.957
222.6000	-0.25411	296.116
222.5000	-0.263028	296.274
222.4000	-0.284362	296.434
222.3000	-0.323664	296.592
222.2000	-0.366633	296.747
222.1000	-0.385113	296.905
222.0000	-0.395965	297.066
221.9000	-0.467334	297.231
221.8000	-0.49058	297.389
221.7000	-0.48146	297.552
221.6000	-0.459058	297.713
221.5000	-0.430235	297.872
221.4000	-0.431574	298.025
221.3000	-0.427921	298.172
221.2000	-0.398677	298.315
221.1000	-0.399749	298.465
221.0000	-0.421009	298.611
220.9000	-0.432882	298.755
220.8000	-0.446867	298.9
220.7000	-0.448242	299.048
220.6000	-0.439068	299.2
220.5000	-0.446643	299.348
220.4000	-0.453902	299.492
220.3000	-0.463213	299.637
220.2000	-0.487957	299.786
220.1000	-0.515115	299.931
220.0000	-0.554178	300.074
219.9000	-0.631769	300.215
219.8000	-0.665957	300.358
219.7000	-0.661618	300.499
219.6000	-0.654482	300.64
219.5000	-0.649231	300.781
219.4000	-0.637336	300.924
219.3000	-0.624842	301.065
219.2000	-0.59973	301.209
219.1000	-0.558308	301.352
219.0000	-0.581947	301.497
218.9000	-0.552201	301.642
218.8000	-0.567692	301.783
218.7000	-0.552185	301.922
218.6000	-0.533087	302.065
218.5000	-0.505528	302.207
218.4000	-0.525984	302.35
218.3000	-0.470737	302.494
218.2000	-0.516432	302.641
218.1000	-0.49141	302.792
218.0000	-0.526774	302.945
217.9000	-0.525949	303.095
217.8000	-0.538896	303.243
217.7000	-0.531583	303.39
217.6000	-0.537348	303.537
217.5000	-0.550908	303.685
217.4000	-0.546912	303.835
217.3000	-0.563741	303.987
217.2000	-0.596675	304.138
217.1000	-0.588727	304.293
217.0000	-0.611918	304.447
216.9000	-0.61269	304.602
216.8000	-0.567318	304.749
216.7000	-0.567869	304.896
216.6000	-0.556717	305.04
216.5000	-0.528701	305.19
216.4000	-0.516311	305.338
216.3000	-0.501489	305.488
216.2000	-0.548218	305.638
216.1000	-0.595316	305.793
216.0000	-0.593644	305.943
215.9000	-0.560639	306.092
215.8000	-0.563789	306.238
215.7000	-0.561961	306.386
215.6000	-0.607518	306.527
215.5000	-0.589364	306.667
215.4000	-0.561863	306.804
215.3000	-0.569725	306.947
215.2000	-0.577253	307.087
215.1000	-0.581806	307.221
215.0000	-0.588209	307.357
214.9000	-0.562788	307.489
214.8000	-0.535363	307.627
214.7000	-0.586064	307.765
214.6000	-0.604524	307.903
214.5000	-0.64126	308.038
214.4000	-0.663183	308.176
214.3000	-0.681034	308.312
214.2000	-0.66126	308.453
214.1000	-0.670071	308.588
214.0000	-0.656828	308.722
213.9000	-0.678942	308.858
213.8000	-0.679638	308.996
213.7000	-0.652783	309.135
213.6000	-0.641853	309.277
213.5000	-0.670507	309.416
213.4000	-0.695011	309.56
213.3000	-0.661065	309.706
213.2000	-0.646144	309.856
213.1000	-0.676292	310.006
213.0000	-0.671879	310.158
212.9000	-0.708176	310.312
212.8000	-0.737481	310.47
212.7000	-0.738341	310.626
212.6000	-0.727358	310.786
212.5000	-0.67801	310.946
212.4000	-0.616147	311.105
212.3000	-0.625302	311.265
212.2000	-0.59579	311.426
212.1000	-0.583939	311.592
212.0000	-0.586051	311.758
211.9000	-0.638399	311.925
211.8000	-0.703971	312.094
211.7000	-0.711048	312.272
211.6000	-0.690309	312.449
211.5000	-0.694701	312.625
211.4000	-0.72819	312.798
211.3000	-0.716152	312.969
211.2000	-0.681882	313.139
211.1000	-0.673571	313.301
211.0000	-0.71458	313.461
210.9000	-0.760363	313.62
210.8000	-0.807561	313.776
210.7000	-0.798546	313.934
210.6000	-0.781312	314.092
210.5000	-0.822971	314.25
210.4000	-0.793456	314.411
210.3000	-0.770526	314.57
210.2000	-0.80392	314.726
210.1000	-0.737584	314.887
210.0000	-0.764265	315.047
209.9000	-0.8157	315.206
209.8000	-0.795679	315.366
209.7000	-0.828987	315.524
209.6000	-0.858039	315.686
209.5000	-0.85797	315.851
209.4000	-0.919998	316.011
209.3000	-0.899155	316.17
209.2000	-0.897868	316.34
209.1000	-0.982505	316.511
209.0000	-1.00209	316.679
208.9000	-1.01082	316.853
208.8000	-0.999007	317.029
208.7000	-0.992632	317.209
208.6000	-0.990344	317.383
208.5000	-0.973191	317.56
208.4000	-0.922912	317.734
208.3000	-0.92316	317.913
208.2000	-0.926108	318.09
208.1000	-0.933254	318.263
208.0000	-0.921479	318.448
207.9000	-0.947652	318.632
207.8000	-0.979798	318.809
207.7000	-1.01683	318.992
207.6000	-1.00434	319.177
207.5000	-0.997904	319.362
207.4000	-1.02501	319.548
207.3000	-1.04488	319.726
207.2000	-1.04581	319.907
207.1000	-1.03362	320.092
207.0000	-1.05001	320.274
206.9000	-1.05802	320.458
206.8000	-1.06792	320.642
206.7000	-1.0884	320.827
206.6000	-1.10063	321.012
206.5000	-1.12458	321.197
206.4000	-1.17434	321.377
206.3000	-1.20765	321.556
206.2000	-1.26132	321.729
206.1000	-1.28062	321.904
206.0000	-1.27168	322.076
205.9000	-1.3121	322.252
205.8000	-1.31383	322.427
205.7000	-1.27881	322.599
205.6000	-1.24948	322.774
205.5000	-1.28562	322.95
205.4000	-1.33695	323.122
205.3000	-1.33512	323.295
205.2000	-1.25088	323.469
205.1000	-1.26218	323.644
205.0000	-1.28052	323.826
204.9000	-1.27085	324.003
204.8000	-1.26906	324.185
204.7000	-1.22845	324.37
204.6000	-1.27788	324.553
204.5000	-1.35902	324.733
204.4000	-1.35549	324.916
204.3000	-1.37633	325.095
204.2000	-1.39365	325.279
204.1000	-1.33896	325.458
204.0000	-1.35946	325.639
203.9000	-1.35134	325.821
203.8000	-1.34137	326.007
203.7000	-1.3878	326.193
203.6000	-1.35721	326.374
203.5000	-1.35624	326.557
203.4000	-1.41926	326.742
203.3000	-1.4664	326.928
203.2000	-1.51406	327.11
203.1000	-1.55505	327.289
203.0000	-1.57523	327.47
202.9000	-1.61965	327.655
202.8000	-1.66408	327.838
202.7000	-1.6289	328.018
202.6000	-1.61765	328.2
202.5000	-1.56668	328.385
202.4000	-1.54717	328.575
202.3000	-1.51946	328.76
202.2000	-1.50057	328.946
202.1000	-1.4849	329.132
202.0000	-1.49007	329.319
201.9000	-1.50282	329.503
201.8000	-1.5884	329.686
201.7000	-1.62351	329.866
201.6000	-1.6912	330.052
201.5000	-1.7011	330.235
201.4000	-1.71184	330.417
201.3000	-1.71183	330.601
201.2000	-1.70201	330.79
201.1000	-1.68355	330.985
201.0000	-1.64764	331.176
200.9000	-1.59589	331.367
200.8000	-1.60282	331.565
200.7000	-1.57552	331.76
200.6000	-1.6667	331.953
200.5000	-1.72396	332.143
200.4000	-1.7476	332.334
200.3000	-1.77904	332.528
200.2000	-1.83086	332.716
200.1000	-1.87484	332.9
200.0000	-1.89712	333.096
199.9000	-1.84243	333.294
199.8000	-1.78815	333.487
199.7000	-1.7799	333.673
199.6000	-1.78299	333.868
199.5000	-1.82445	334.066
199.4000	-1.79959	334.267
199.3000	-1.80553	334.454
199.2000	-1.82273	334.64
199.1000	-1.87803	334.829
199.0000	-1.90738	335.017
198.9000	-1.94163	335.196
198.8000	-1.98783	335.373
198.7000	-1.99365	335.547
198.6000	-1.99041	335.725
198.5000	-1.96242	335.902
198.4000	-1.90049	336.081
198.3000	-1.84047	336.26
198.2000	-1.77293	336.443
198.1000	-1.70689	336.623
198.0000	-1.72424	336.804
197.9000	-1.72183	336.989
197.8000	-1.78479	337.179
197.7000	-1.79687	337.363
197.6000	-1.824	337.552
197.5000	-1.84256	337.742
197.4000	-1.85005	337.934
197.3000	-1.85846	338.128
197.2000	-1.85474	338.322
197.1000	-1.84068	338.519
197.0000	-1.84049	338.719
196.9000	-1.84124	338.921
196.8000	-1.85887	339.122
196.7000	-1.86274	339.324
196.6000	-1.79566	339.527
196.5000	-1.76863	339.731
196.4000	-1.748	339.935
196.3000	-1.72741	340.13
196.2000	-1.70265	340.323
196.1000	-1.60844	340.515
196.0000	-1.60806	340.714
195.9000	-1.68303	340.911
195.8000	-1.65111	341.107
195.7000	-1.65164	341.293
195.6000	-1.67405	341.483
195.5000	-1.76202	341.675
195.4000	-1.80027	341.866
195.3000	-1.75068	342.06
195.2000	-1.7886	342.266
195.1000	-1.81284	342.484
195.0000	-1.77662	342.721
194.9000	-1.76494	342.974
194.8000	-1.68752	343.245
194.7000	-1.64483	343.533
194.6000	-1.68543	343.825
194.5000	-1.55156	344.115
194.4000	-1.56547	344.403
194.3000	-1.56654	344.7
194.2000	-1.48566	344.991
194.1000	-1.49506	345.276
194.0000	-1.50777	345.565
193.9000	-1.49872	345.859
193.8000	-1.53133	346.154
193.7000	-1.4672	346.449
193.6000	-1.4323	346.744
193.5000	-1.45373	347.041
193.4000	-1.48022	347.342
193.3000	-1.51481	347.642
193.2000	-1.49466	347.946
193.1000	-1.57188	348.256
193.0000	-1.58357	348.567
192.9000	-1.53446	348.881
192.8000	-1.50537	349.193
192.7000	-1.45553	349.507
192.6000	-1.45573	349.826
192.5000	-1.31961	350.143
192.4000	-1.30611	350.455
192.3000	-1.33953	350.771
192.2000	-1.43391	351.091
192.1000	-1.3676	351.417
192.0000	-1.32374	351.744
191.9000	-1.28608	352.072
191.8000	-1.3329	352.405
191.7000	-1.27603	352.744
191.6000	-1.21229	353.093
191.5000	-1.23363	353.442
191.4000	-1.21122	353.794
191.3000	-1.23069	354.15
191.2000	-1.16295	354.514
191.1000	-1.19582	354.886
191.0000	-1.22023	355.261
190.9000	-1.18679	355.635
190.8000	-1.13675	356.016
190.7000	-1.13942	356.405
190.6000	-1.0989	356.801
190.5000	-1.10313	357.197
190.4000	-1.10123	357.601
190.3000	-1.0875	358.015
190.2000	-1.05197	358.437
190.1000	-1.10167	358.865
190.0000	-1.11061	359.31
189.9000	-1.12554	359.76
189.8000	-1.13374	360.221
189.7000	-0.99144	360.686
189.6000	-0.923004	361.162
189.5000	-0.912897	361.648
189.4000	-0.847003	362.146
189.3000	-0.866983	362.646
189.2000	-0.788521	363.164
189.1000	-0.740534	363.686
189.0000	-0.759915	364.231
188.9000	-0.737542	364.788
188.8000	-0.737079	365.357
188.7000	-0.686708	365.937
188.6000	-0.612182	366.532
188.5000	-0.594719	367.143
188.4000	-0.567903	367.772
188.3000	-0.571118	368.408
188.2000	-0.649299	369.063
188.1000	-0.651323	369.74
188.0000	-0.639318	370.433
187.9000	-0.651528	371.146
187.8000	-0.647492	371.882
187.7000	-0.65365	372.647
187.6000	-0.667175	373.444
187.5000	-0.666397	374.267
187.4000	-0.664331	375.119
187.3000	-0.692673	376.011
187.2000	-0.779533	376.934
187.1000	-0.892616	377.889
187.0000	-0.921599	378.876
186.9000	-1.00598	379.896
186.8000	-0.929784	380.953
186.7000	-0.881164	382.051
186.6000	-0.789064	383.184
186.5000	-0.772569	384.361
186.4000	-0.63266	385.575
186.3000	-0.604589	386.829
186.2000	-0.48481	388.125
186.1000	-0.550823	389.462
186.0000	-0.568132	390.847
185.9000	-0.616572	392.283
185.8000	-0.57341	393.774
185.7000	-0.643522	395.333
185.6000	-0.664881	396.968
185.5000	-0.666239	398.679
185.4000	-0.631304	400.478
185.3000	-0.598635	402.359
185.2000	-0.489765	404.329
185.1000	-0.370774	406.385
185.0000	-0.388136	408.53
