TITLE	03_251002B_4days
DATA TYPE	
ORIGIN	JASCO
OWNER	
DATE	25/10/06
TIME	14:25:27
SPECTROMETER/DATA SYSTEM	JASCO Corp., J-715, Rev. 1.00
RESOLUTION	
DELTAX	-0.1
XUNITS	NANOMETERS
YUNITS	CD[mdeg]
Y2UNITS	HT[V]
FIRSTX	260.0000
LASTX	185.0000
NPOINTS	751
FIRSTY	0.19174
MAXY	0.22882
MINY	-1.43251
XYDATA
260.0000	0.191737	254.943
259.9000	0.228821	254.971
259.8000	0.224819	255.003
259.7000	0.227644	255.048
259.6000	0.223239	255.106
259.5000	0.209818	255.175
259.4000	0.210661	255.256
259.3000	0.208851	255.332
259.2000	0.186248	255.404
259.1000	0.181811	255.479
259.0000	0.165474	255.55
258.9000	0.166562	255.619
258.8000	0.181642	255.687
258.7000	0.180289	255.755
258.6000	0.202598	255.826
258.5000	0.206833	255.895
258.4000	0.205728	255.965
258.3000	0.194279	256.036
258.2000	0.197035	256.107
258.1000	0.170804	256.18
258.0000	0.164561	256.254
257.9000	0.146867	256.321
257.8000	0.148319	256.393
257.7000	0.149126	256.462
257.6000	0.167663	256.531
257.5000	0.152929	256.599
257.4000	0.167377	256.668
257.3000	0.161677	256.736
257.2000	0.143651	256.804
257.1000	0.0948881	256.867
257.0000	0.0796475	256.929
256.9000	0.0653031	257.003
256.8000	0.0785875	257.07
256.7000	0.0647324	257.134
256.6000	0.0782112	257.204
256.5000	0.115341	257.272
256.4000	0.151883	257.347
256.3000	0.170125	257.418
256.2000	0.195159	257.484
256.1000	0.196481	257.556
256.0000	0.185021	257.626
255.9000	0.190783	257.694
255.8000	0.174009	257.762
255.7000	0.169018	257.832
255.6000	0.145378	257.9
255.5000	0.122976	257.965
255.4000	0.118574	258.033
255.3000	0.123428	258.099
255.2000	0.123319	258.169
255.1000	0.131334	258.24
255.0000	0.143402	258.306
254.9000	0.158378	258.374
254.8000	0.181538	258.444
254.7000	0.188418	258.512
254.6000	0.186168	258.577
254.5000	0.158759	258.642
254.4000	0.166934	258.708
254.3000	0.143342	258.776
254.2000	0.14034	258.851
254.1000	0.137999	258.922
254.0000	0.121433	258.993
253.9000	0.127092	259.065
253.8000	0.136311	259.137
253.7000	0.10536	259.212
253.6000	0.106872	259.286
253.5000	0.0916565	259.355
253.4000	0.0658371	259.427
253.3000	0.0703183	259.498
253.2000	0.0581955	259.571
253.1000	0.0457734	259.644
253.0000	0.0678964	259.715
252.9000	0.106389	259.787
252.8000	0.106874	259.857
252.7000	0.111607	259.929
252.6000	0.105886	260.003
252.5000	0.11266	260.077
252.4000	0.119323	260.152
252.3000	0.0728004	260.224
252.2000	0.0379376	260.297
252.1000	0.0289756	260.377
252.0000	0.0404259	260.451
251.9000	0.0521367	260.526
251.8000	0.0409183	260.601
251.7000	0.0464035	260.671
251.6000	0.0665754	260.744
251.5000	0.0826602	260.815
251.4000	0.0792493	260.885
251.3000	0.0862367	260.96
251.2000	0.067082	261.036
251.1000	0.0736589	261.11
251.0000	0.0689512	261.188
250.9000	0.0788135	261.267
250.8000	0.0778566	261.347
250.7000	0.0794262	261.425
250.6000	0.0879819	261.505
250.5000	0.0755231	261.575
250.4000	0.0825728	261.647
250.3000	0.0769369	261.717
250.2000	0.0659878	261.787
250.1000	0.05737	261.853
250.0000	0.0254199	261.923
249.9000	0.0247655	261.99
249.8000	0.0404984	262.065
249.7000	0.0324654	262.139
249.6000	0.0656034	262.213
249.5000	0.0632008	262.284
249.4000	0.071543	262.358
249.3000	0.10054	262.431
249.2000	0.0968662	262.506
249.1000	0.102504	262.578
249.0000	0.112116	262.649
248.9000	0.103961	262.723
248.8000	0.099875	262.8
248.7000	0.0948961	262.869
248.6000	0.0914147	262.941
248.5000	0.0876203	263.013
248.4000	0.105216	263.084
248.3000	0.079152	263.154
248.2000	0.031917	263.227
248.1000	0.0285623	263.298
248.0000	0.0326087	263.372
247.9000	-0.0010632	263.443
247.8000	-0.0245176	263.512
247.7000	-0.0358296	263.585
247.6000	-0.00786607	263.658
247.5000	0.0451063	263.733
247.4000	0.082732	263.806
247.3000	0.111749	263.88
247.2000	0.131942	263.954
247.1000	0.147779	264.033
247.0000	0.13289	264.107
246.9000	0.120385	264.185
246.8000	0.110812	264.26
246.7000	0.0975952	264.338
246.6000	0.0793713	264.417
246.5000	0.0901436	264.499
246.4000	0.0815248	264.571
246.3000	0.0952085	264.647
246.2000	0.0955505	264.719
246.1000	0.0725704	264.793
246.0000	0.0529923	264.861
245.9000	0.0522693	264.934
245.8000	0.0711227	265.007
245.7000	0.0971804	265.084
245.6000	0.0874268	265.162
245.5000	0.0955087	265.24
245.4000	0.117978	265.314
245.3000	0.120916	265.394
245.2000	0.0963221	265.468
245.1000	0.0730065	265.54
245.0000	0.0516824	265.615
244.9000	0.0403034	265.688
244.8000	0.0167817	265.768
244.7000	0.0109091	265.85
244.6000	0.0441114	265.929
244.5000	0.0736117	266.009
244.4000	0.0951166	266.088
244.3000	0.0939347	266.163
244.2000	0.0917368	266.238
244.1000	0.11544	266.314
244.0000	0.0994034	266.394
243.9000	0.124631	266.474
243.8000	0.116601	266.55
243.7000	0.0976356	266.628
243.6000	0.113889	266.711
243.5000	0.12234	266.796
243.4000	0.119045	266.878
243.3000	0.111775	266.955
243.2000	0.0697434	267.04
243.1000	0.0537458	267.127
243.0000	0.0737833	267.216
242.9000	0.0811875	267.306
242.8000	0.104992	267.395
242.7000	0.086796	267.487
242.6000	0.070587	267.58
242.5000	0.0639861	267.674
242.4000	0.0836946	267.768
242.3000	0.0995239	267.862
242.2000	0.0743069	267.954
242.1000	0.0497279	268.046
242.0000	0.0713212	268.146
241.9000	0.0857718	268.245
241.8000	0.0954439	268.341
241.7000	0.0594564	268.439
241.6000	0.0257313	268.541
241.5000	0.0419935	268.646
241.4000	0.0449228	268.753
241.3000	0.0387639	268.855
241.2000	0.0484678	268.954
241.1000	0.0350093	269.062
241.0000	0.0479509	269.166
240.9000	0.0385712	269.268
240.8000	0.0253749	269.374
240.7000	0.0303065	269.478
240.6000	0.0298244	269.582
240.5000	0.0250692	269.697
240.4000	0.0555828	269.807
240.3000	0.0686713	269.92
240.2000	0.0805048	270.034
240.1000	0.0744581	270.147
240.0000	0.0725915	270.264
239.9000	0.102181	270.381
239.8000	0.0894452	270.496
239.7000	0.0808164	270.616
239.6000	0.0627021	270.737
239.5000	0.0563048	270.86
239.4000	0.0786781	270.991
239.3000	0.0784501	271.117
239.2000	0.0402957	271.246
239.1000	0.0210263	271.374
239.0000	-0.00943144	271.503
238.9000	-0.0304187	271.636
238.8000	-0.0461573	271.769
238.7000	-0.0528554	271.897
238.6000	-0.0690418	272.031
238.5000	-0.0635686	272.163
238.4000	-0.0732976	272.294
238.3000	-0.0787588	272.428
238.2000	-0.0389934	272.56
238.1000	-0.000682722	272.702
238.0000	-0.00125791	272.837
237.9000	0.0120488	272.971
237.8000	0.0363961	273.113
237.7000	0.0869098	273.253
237.6000	0.1208	273.393
237.5000	0.126167	273.53
237.4000	0.104981	273.662
237.3000	0.130612	273.805
237.2000	0.120922	273.946
237.1000	0.0981835	274.087
237.0000	0.0579759	274.229
236.9000	0.0618915	274.377
236.8000	0.0213159	274.518
236.7000	0.0208274	274.663
236.6000	-0.0101313	274.804
236.5000	-0.00559613	274.945
236.4000	-0.0104522	275.085
236.3000	-0.00501424	275.226
236.2000	-0.0104524	275.362
236.1000	-0.00800987	275.507
236.0000	-0.0357144	275.649
235.9000	-0.0439413	275.795
235.8000	-0.0589699	275.943
235.7000	-0.0695584	276.083
235.6000	-0.0873432	276.225
235.5000	-0.0973875	276.368
235.4000	-0.0833571	276.507
235.3000	-0.0760441	276.648
235.2000	-0.0703538	276.782
235.1000	-0.0688188	276.925
235.0000	-0.0478958	277.07
234.9000	-0.0506257	277.213
234.8000	-0.0597159	277.357
234.7000	-0.080358	277.501
234.6000	-0.0578304	277.646
234.5000	-0.0715494	277.793
234.4000	-0.0584918	277.932
234.3000	-0.05786	278.074
234.2000	-0.0520356	278.212
234.1000	-0.04508	278.348
234.0000	-0.0537381	278.489
233.9000	-0.0659647	278.63
233.8000	-0.0605186	278.772
233.7000	-0.0827208	278.916
233.6000	-0.0971951	279.063
233.5000	-0.108799	279.211
233.4000	-0.103078	279.356
233.3000	-0.0682642	279.502
233.2000	-0.0509895	279.648
233.1000	-0.0713639	279.795
233.0000	-0.0496631	279.94
232.9000	-0.0275828	280.084
232.8000	-0.00919203	280.232
232.7000	-0.0203401	280.38
232.6000	-0.0506279	280.527
232.5000	-0.0447238	280.679
232.4000	-0.0502765	280.831
232.3000	-0.0605787	280.988
232.2000	-0.113893	281.142
232.1000	-0.14154	281.296
232.0000	-0.17255	281.454
231.9000	-0.185813	281.612
231.8000	-0.209238	281.77
231.7000	-0.190989	281.924
231.6000	-0.218306	282.081
231.5000	-0.197518	282.238
231.4000	-0.191385	282.393
231.3000	-0.171601	282.541
231.2000	-0.193328	282.684
231.1000	-0.22508	282.824
231.0000	-0.241329	282.967
230.9000	-0.240946	283.107
230.8000	-0.223483	283.253
230.7000	-0.245587	283.396
230.6000	-0.257678	283.545
230.5000	-0.236491	283.692
230.4000	-0.223027	283.841
230.3000	-0.231026	283.988
230.2000	-0.20154	284.133
230.1000	-0.211671	284.277
230.0000	-0.206043	284.419
229.9000	-0.175239	284.565
229.8000	-0.149089	284.715
229.7000	-0.147663	284.864
229.6000	-0.14003	285.016
229.5000	-0.142664	285.17
229.4000	-0.113608	285.327
229.3000	-0.107527	285.491
229.2000	-0.128813	285.655
229.1000	-0.157276	285.816
229.0000	-0.156878	285.977
228.9000	-0.175874	286.142
228.8000	-0.176617	286.305
228.7000	-0.187668	286.468
228.6000	-0.185364	286.629
228.5000	-0.178938	286.792
228.4000	-0.161124	286.955
228.3000	-0.149899	287.119
228.2000	-0.177143	287.281
228.1000	-0.19134	287.442
228.0000	-0.216493	287.605
227.9000	-0.205981	287.765
227.8000	-0.1956	287.92
227.7000	-0.226033	288.081
227.6000	-0.215388	288.237
227.5000	-0.197386	288.391
227.4000	-0.234016	288.545
227.3000	-0.221273	288.696
227.2000	-0.230085	288.848
227.1000	-0.27282	288.997
227.0000	-0.275237	289.145
226.9000	-0.319677	289.292
226.8000	-0.352781	289.443
226.7000	-0.361684	289.593
226.6000	-0.377924	289.743
226.5000	-0.344139	289.893
226.4000	-0.313288	290.043
226.3000	-0.287597	290.192
226.2000	-0.270917	290.343
226.1000	-0.205085	290.493
226.0000	-0.163952	290.641
225.9000	-0.103896	290.789
225.8000	-0.142406	290.936
225.7000	-0.173178	291.083
225.6000	-0.190352	291.227
225.5000	-0.176991	291.374
225.4000	-0.219806	291.514
225.3000	-0.273598	291.653
225.2000	-0.343882	291.792
225.1000	-0.364109	291.937
225.0000	-0.321573	292.08
224.9000	-0.32747	292.229
224.8000	-0.361005	292.368
224.7000	-0.346767	292.515
224.6000	-0.346762	292.663
224.5000	-0.325981	292.813
224.4000	-0.337607	292.96
224.3000	-0.387306	293.108
224.2000	-0.373847	293.253
224.1000	-0.377323	293.404
224.0000	-0.384673	293.556
223.9000	-0.369717	293.707
223.8000	-0.362238	293.854
223.7000	-0.356099	294.004
223.6000	-0.318399	294.15
223.5000	-0.354908	294.299
223.4000	-0.347289	294.449
223.3000	-0.324995	294.592
223.2000	-0.329396	294.739
223.1000	-0.36639	294.888
223.0000	-0.348336	295.037
222.9000	-0.37812	295.191
222.8000	-0.382605	295.345
222.7000	-0.431016	295.5
222.6000	-0.477539	295.655
222.5000	-0.505398	295.812
222.4000	-0.515564	295.971
222.3000	-0.486969	296.128
222.2000	-0.479483	296.283
222.1000	-0.433019	296.438
222.0000	-0.370311	296.593
221.9000	-0.361317	296.75
221.8000	-0.328125	296.903
221.7000	-0.358554	297.055
221.6000	-0.372794	297.206
221.5000	-0.394161	297.353
221.4000	-0.412688	297.498
221.3000	-0.444933	297.645
221.2000	-0.432403	297.789
221.1000	-0.426676	297.934
221.0000	-0.412739	298.078
220.9000	-0.41613	298.219
220.8000	-0.39509	298.361
220.7000	-0.440416	298.508
220.6000	-0.40868	298.651
220.5000	-0.339794	298.794
220.4000	-0.324242	298.933
220.3000	-0.322588	299.072
220.2000	-0.345839	299.213
220.1000	-0.34205	299.353
220.0000	-0.307457	299.489
219.9000	-0.353537	299.625
219.8000	-0.388783	299.757
219.7000	-0.377329	299.895
219.6000	-0.360813	300.03
219.5000	-0.358392	300.162
219.4000	-0.356257	300.293
219.3000	-0.353582	300.43
219.2000	-0.342083	300.569
219.1000	-0.384592	300.703
219.0000	-0.419942	300.838
218.9000	-0.391575	300.976
218.8000	-0.404124	301.117
218.7000	-0.421519	301.256
218.6000	-0.448949	301.392
218.5000	-0.445653	301.527
218.4000	-0.404203	301.669
218.3000	-0.388784	301.806
218.2000	-0.351758	301.942
218.1000	-0.324208	302.081
218.0000	-0.348526	302.22
217.9000	-0.343945	302.358
217.8000	-0.371776	302.499
217.7000	-0.374108	302.64
217.6000	-0.378574	302.787
217.5000	-0.445091	302.931
217.4000	-0.459934	303.076
217.3000	-0.421534	303.221
217.2000	-0.372817	303.37
217.1000	-0.365307	303.515
217.0000	-0.373562	303.659
216.9000	-0.395404	303.801
216.8000	-0.349218	303.95
216.7000	-0.355982	304.095
216.6000	-0.301032	304.241
216.5000	-0.299368	304.385
216.4000	-0.259826	304.535
216.3000	-0.32053	304.681
216.2000	-0.315088	304.825
216.1000	-0.325375	304.967
216.0000	-0.31748	305.112
215.9000	-0.362375	305.251
215.8000	-0.428312	305.391
215.7000	-0.439862	305.525
215.6000	-0.431821	305.661
215.5000	-0.448489	305.794
215.4000	-0.467568	305.924
215.3000	-0.54811	306.06
215.2000	-0.604624	306.193
215.1000	-0.587866	306.32
215.0000	-0.617384	306.452
214.9000	-0.612531	306.58
214.8000	-0.580954	306.712
214.7000	-0.592477	306.843
214.6000	-0.486501	306.969
214.5000	-0.466626	307.098
214.4000	-0.487593	307.227
214.3000	-0.482011	307.355
214.2000	-0.508539	307.484
214.1000	-0.509843	307.609
214.0000	-0.48977	307.733
213.9000	-0.541117	307.861
213.8000	-0.56185	307.989
213.7000	-0.566778	308.126
213.6000	-0.543759	308.259
213.5000	-0.540557	308.395
213.4000	-0.514935	308.534
213.3000	-0.532404	308.679
213.2000	-0.491873	308.821
213.1000	-0.454408	308.962
213.0000	-0.432248	309.105
212.9000	-0.44737	309.25
212.8000	-0.47413	309.398
212.7000	-0.513756	309.545
212.6000	-0.5298	309.689
212.5000	-0.56087	309.842
212.4000	-0.608109	309.999
212.3000	-0.626269	310.152
212.2000	-0.615824	310.31
212.1000	-0.624347	310.464
212.0000	-0.656011	310.624
211.9000	-0.662287	310.784
211.8000	-0.65632	310.941
211.7000	-0.6335	311.098
211.6000	-0.610513	311.257
211.5000	-0.58229	311.412
211.4000	-0.520056	311.571
211.3000	-0.49337	311.725
211.2000	-0.480459	311.881
211.1000	-0.509056	312.034
211.0000	-0.54929	312.185
210.9000	-0.561089	312.342
210.8000	-0.585072	312.499
210.7000	-0.625288	312.657
210.6000	-0.591918	312.815
210.5000	-0.589774	312.964
210.4000	-0.537923	313.117
210.3000	-0.492589	313.268
210.2000	-0.496762	313.413
210.1000	-0.52313	313.563
210.0000	-0.561145	313.711
209.9000	-0.57872	313.861
209.8000	-0.541967	314.013
209.7000	-0.560861	314.162
209.6000	-0.593661	314.316
209.5000	-0.596141	314.47
209.4000	-0.572457	314.624
209.3000	-0.531207	314.778
209.2000	-0.54325	314.933
209.1000	-0.567157	315.094
209.0000	-0.574601	315.257
208.9000	-0.575295	315.413
208.8000	-0.59618	315.572
208.7000	-0.616042	315.729
208.6000	-0.665603	315.888
208.5000	-0.685038	316.056
208.4000	-0.712385	316.218
208.3000	-0.688527	316.383
208.2000	-0.694817	316.557
208.1000	-0.704678	316.734
208.0000	-0.752456	316.906
207.9000	-0.712647	317.074
207.8000	-0.682632	317.239
207.7000	-0.718394	317.413
207.6000	-0.733825	317.582
207.5000	-0.736767	317.748
207.4000	-0.711362	317.913
207.3000	-0.710474	318.081
207.2000	-0.732963	318.253
207.1000	-0.747035	318.422
207.0000	-0.696337	318.59
206.9000	-0.73742	318.76
206.8000	-0.732972	318.928
206.7000	-0.726289	319.095
206.6000	-0.743949	319.262
206.5000	-0.764112	319.425
206.4000	-0.777167	319.585
206.3000	-0.787988	319.743
206.2000	-0.776502	319.9
206.1000	-0.825191	320.052
206.0000	-0.835748	320.206
205.9000	-0.81811	320.358
205.8000	-0.850737	320.517
205.7000	-0.89492	320.674
205.6000	-0.898762	320.828
205.5000	-0.935565	320.984
205.4000	-0.935988	321.141
205.3000	-0.906312	321.3
205.2000	-0.870471	321.454
205.1000	-0.865576	321.606
205.0000	-0.84579	321.759
204.9000	-0.903527	321.915
204.8000	-0.875755	322.071
204.7000	-0.93341	322.228
204.6000	-1.02811	322.383
204.5000	-1.06026	322.544
204.4000	-1.0503	322.706
204.3000	-1.07753	322.868
204.2000	-1.06742	323.033
204.1000	-1.1057	323.2
204.0000	-1.09902	323.367
203.9000	-1.09963	323.535
203.8000	-1.12494	323.698
203.7000	-1.14861	323.861
203.6000	-1.15198	324.024
203.5000	-1.13373	324.185
203.4000	-1.09695	324.342
203.3000	-1.05405	324.497
203.2000	-1.02951	324.658
203.1000	-1.00535	324.818
203.0000	-0.984186	324.98
202.9000	-0.958508	325.14
202.8000	-0.940859	325.297
202.7000	-0.920361	325.46
202.6000	-0.902584	325.618
202.5000	-0.875412	325.773
202.4000	-0.884528	325.93
202.3000	-0.898727	326.081
202.2000	-0.957239	326.238
202.1000	-0.999447	326.39
202.0000	-1.02362	326.545
201.9000	-1.0759	326.705
201.8000	-1.1119	326.86
201.7000	-1.18019	327.015
201.6000	-1.13547	327.174
201.5000	-1.11829	327.324
201.4000	-1.14322	327.483
201.3000	-1.17855	327.641
201.2000	-1.08477	327.801
201.1000	-1.02687	327.965
201.0000	-0.982028	328.131
200.9000	-0.988581	328.296
200.8000	-0.938379	328.466
200.7000	-0.866681	328.632
200.6000	-0.857278	328.797
200.5000	-0.900699	328.961
200.4000	-0.926157	329.12
200.3000	-0.958724	329.281
200.2000	-1.00672	329.446
200.1000	-1.05083	329.608
200.0000	-1.12064	329.77
199.9000	-1.18117	329.932
199.8000	-1.26436	330.092
199.7000	-1.32319	330.257
199.6000	-1.32341	330.419
199.5000	-1.41192	330.577
199.4000	-1.42577	330.735
199.3000	-1.43251	330.893
199.2000	-1.35595	331.047
199.1000	-1.363	331.2
199.0000	-1.33682	331.35
198.9000	-1.38026	331.5
198.8000	-1.33649	331.65
198.7000	-1.30361	331.801
198.6000	-1.31684	331.95
198.5000	-1.29393	332.101
198.4000	-1.23474	332.248
198.3000	-1.18801	332.396
198.2000	-1.1374	332.548
198.1000	-1.16204	332.702
198.0000	-1.21295	332.856
197.9000	-1.18861	333.01
197.8000	-1.19386	333.168
197.7000	-1.22339	333.328
197.6000	-1.25186	333.484
197.5000	-1.26813	333.642
197.4000	-1.24687	333.8
197.3000	-1.21544	333.961
197.2000	-1.22447	334.121
197.1000	-1.23696	334.282
197.0000	-1.2298	334.444
196.9000	-1.2777	334.607
196.8000	-1.25444	334.77
196.7000	-1.21145	334.932
196.6000	-1.19369	335.094
196.5000	-1.20519	335.259
196.4000	-1.19584	335.423
196.3000	-1.16101	335.584
196.2000	-1.13298	335.748
196.1000	-1.09236	335.908
196.0000	-1.16588	336.063
195.9000	-1.136	336.22
195.8000	-1.0975	336.378
195.7000	-1.06511	336.532
195.6000	-1.08274	336.685
195.5000	-1.07926	336.842
195.4000	-1.21136	337.001
195.3000	-1.17903	337.17
195.2000	-1.21221	337.349
195.1000	-1.26261	337.541
195.0000	-1.27575	337.743
194.9000	-1.2638	337.962
194.8000	-1.22429	338.189
194.7000	-1.11855	338.43
194.6000	-1.10195	338.677
194.5000	-1.10461	338.925
194.4000	-1.09862	339.177
194.3000	-1.09034	339.434
194.2000	-1.11514	339.693
194.1000	-1.09159	339.956
194.0000	-1.14111	340.218
193.9000	-1.15687	340.482
193.8000	-1.14058	340.75
193.7000	-1.15329	341.019
193.6000	-1.12584	341.291
193.5000	-1.10386	341.567
193.4000	-1.10816	341.84
193.3000	-1.08934	342.122
193.2000	-1.06831	342.403
193.1000	-1.05755	342.688
193.0000	-1.01664	342.976
192.9000	-1.00609	343.271
192.8000	-0.997903	343.57
192.7000	-0.989009	343.872
192.6000	-0.993282	344.17
192.5000	-0.98584	344.476
192.4000	-0.978879	344.782
192.3000	-0.932385	345.089
192.2000	-0.883476	345.393
192.1000	-0.931675	345.704
192.0000	-0.871112	346.017
191.9000	-0.812717	346.336
191.8000	-0.753504	346.657
191.7000	-0.739863	346.98
191.6000	-0.822138	347.312
191.5000	-0.9028	347.652
191.4000	-0.855424	347.991
191.3000	-0.955046	348.342
191.2000	-1.04295	348.692
191.1000	-1.1039	349.047
191.0000	-1.10449	349.41
190.9000	-1.04609	349.773
190.8000	-0.981761	350.149
190.7000	-0.969493	350.528
190.6000	-0.875533	350.912
190.5000	-0.838754	351.309
190.4000	-0.784755	351.715
190.3000	-0.681663	352.127
190.2000	-0.678353	352.547
190.1000	-0.621294	352.971
190.0000	-0.631287	353.402
189.9000	-0.629699	353.84
189.8000	-0.689506	354.287
189.7000	-0.720865	354.749
189.6000	-0.775632	355.213
189.5000	-0.780629	355.693
189.4000	-0.828062	356.184
189.3000	-0.759758	356.688
189.2000	-0.713628	357.206
189.1000	-0.632682	357.737
189.0000	-0.595188	358.279
188.9000	-0.586051	358.842
188.8000	-0.604148	359.413
188.7000	-0.558176	360.002
188.6000	-0.560418	360.609
188.5000	-0.584339	361.233
188.4000	-0.600352	361.867
188.3000	-0.632759	362.524
188.2000	-0.642495	363.195
188.1000	-0.56024	363.887
188.0000	-0.593314	364.594
187.9000	-0.629259	365.323
187.8000	-0.558688	366.076
187.7000	-0.544317	366.855
187.6000	-0.55134	367.662
187.5000	-0.493196	368.501
187.4000	-0.546196	369.374
187.3000	-0.54388	370.28
187.2000	-0.493926	371.223
187.1000	-0.560144	372.204
187.0000	-0.511874	373.228
186.9000	-0.548476	374.285
186.8000	-0.534123	375.381
186.7000	-0.521768	376.518
186.6000	-0.517326	377.697
186.5000	-0.491256	378.913
186.4000	-0.522737	380.16
186.3000	-0.533336	381.448
186.2000	-0.445799	382.779
186.1000	-0.551728	384.151
186.0000	-0.556541	385.571
185.9000	-0.604567	387.052
185.8000	-0.570031	388.601
185.7000	-0.542211	390.22
185.6000	-0.501311	391.904
185.5000	-0.49438	393.672
185.4000	-0.315365	395.52
185.3000	-0.257783	397.457
185.2000	-0.165969	399.469
185.1000	-0.0762862	401.579
185.0000	-0.0434091	403.773
