TITLE	08_251002D_1days
DATA TYPE	
ORIGIN	JASCO
OWNER	
DATE	25/10/03
TIME	18:12:43
SPECTROMETER/DATA SYSTEM	JASCO Corp., J-715, Rev. 1.00
RESOLUTION	
DELTAX	-0.1
XUNITS	NANOMETERS
YUNITS	CD[mdeg]
Y2UNITS	HT[V]
FIRSTX	260.0000
LASTX	185.0000
NPOINTS	751
FIRSTY	0.10030
MAXY	0.17661
MINY	-1.71725
XYDATA
260.0000	0.100296	254.936
259.9000	0.109586	254.952
259.8000	0.101651	254.973
259.7000	0.103836	255.006
259.6000	0.105144	255.051
259.5000	0.0949415	255.106
259.4000	0.122378	255.171
259.3000	0.13778	255.242
259.2000	0.144091	255.315
259.1000	0.156159	255.389
259.0000	0.169726	255.462
258.9000	0.176607	255.535
258.8000	0.165956	255.606
258.7000	0.146752	255.675
258.6000	0.142441	255.748
258.5000	0.141192	255.822
258.4000	0.113315	255.889
258.3000	0.102009	255.958
258.2000	0.103292	256.031
258.1000	0.113955	256.104
258.0000	0.100169	256.175
257.9000	0.0982548	256.246
257.8000	0.0975517	256.312
257.7000	0.100434	256.381
257.6000	0.0876377	256.451
257.5000	0.0682014	256.521
257.4000	0.0589008	256.588
257.3000	0.0679903	256.66
257.2000	0.0536293	256.731
257.1000	0.068178	256.8
257.0000	0.054688	256.866
256.9000	0.059628	256.939
256.8000	0.0763116	257.008
256.7000	0.0646581	257.077
256.6000	0.058309	257.144
256.5000	0.0734799	257.216
256.4000	0.0590324	257.283
256.3000	0.0558004	257.353
256.2000	0.0695743	257.423
256.1000	0.0747514	257.491
256.0000	0.0928223	257.562
255.9000	0.11478	257.628
255.8000	0.111586	257.694
255.7000	0.13449	257.766
255.6000	0.143565	257.83
255.5000	0.126827	257.896
255.4000	0.0930662	257.966
255.3000	0.0851847	258.032
255.2000	0.0735089	258.103
255.1000	0.0754863	258.177
255.0000	0.0443714	258.249
254.9000	0.0602866	258.322
254.8000	0.0608479	258.393
254.7000	0.0947175	258.458
254.6000	0.106239	258.526
254.5000	0.119125	258.593
254.4000	0.0945014	258.657
254.3000	0.0936685	258.725
254.2000	0.073267	258.796
254.1000	0.0946144	258.868
254.0000	0.0839867	258.944
253.9000	0.0591283	259.009
253.8000	0.0537073	259.081
253.7000	0.100474	259.158
253.6000	0.116556	259.228
253.5000	0.0902891	259.303
253.4000	0.0827668	259.378
253.3000	0.0901259	259.447
253.2000	0.071166	259.524
253.1000	0.0718797	259.604
253.0000	0.0489215	259.673
252.9000	0.0659938	259.747
252.8000	0.0662128	259.819
252.7000	0.0410234	259.888
252.6000	0.00887762	259.96
252.5000	0.0142582	260.03
252.4000	-0.00974735	260.101
252.3000	-0.000954668	260.178
252.2000	-0.00496581	260.251
252.1000	-0.000450015	260.328
252.0000	0.0203138	260.407
251.9000	0.0444877	260.484
251.8000	0.0626961	260.564
251.7000	0.0651993	260.642
251.6000	0.0336667	260.707
251.5000	0.0215553	260.78
251.4000	0.0286552	260.852
251.3000	0.00789116	260.926
251.2000	0.016361	260.999
251.1000	0.0186682	261.074
251.0000	0.0201002	261.149
250.9000	0.0421032	261.23
250.8000	0.0501019	261.31
250.7000	0.0451366	261.39
250.6000	0.0465547	261.465
250.5000	0.046326	261.535
250.4000	0.0416376	261.609
250.3000	0.0461968	261.687
250.2000	0.0223269	261.763
250.1000	0.0314645	261.834
250.0000	0.0232672	261.9
249.9000	0.0421613	261.973
249.8000	0.0381224	262.051
249.7000	0.051601	262.124
249.6000	0.055181	262.194
249.5000	0.0546165	262.266
249.4000	0.0244893	262.341
249.3000	0.0378147	262.417
249.2000	0.035319	262.497
249.1000	0.0492876	262.569
249.0000	0.0268251	262.638
248.9000	0.0148142	262.711
248.8000	0.0328464	262.782
248.7000	0.0560718	262.853
248.6000	0.06283	262.926
248.5000	0.0310456	262.994
248.4000	0.00371163	263.068
248.3000	0.0180729	263.145
248.2000	0.0423123	263.22
248.1000	0.0481891	263.295
248.0000	0.0545733	263.37
247.9000	0.0194579	263.446
247.8000	0.017078	263.519
247.7000	0.0123781	263.588
247.6000	0.00227342	263.664
247.5000	0.0214229	263.737
247.4000	0.00427191	263.808
247.3000	-0.0166816	263.88
247.2000	0.0191929	263.953
247.1000	0.0160865	264.03
247.0000	0.0185835	264.111
246.9000	0.0221896	264.187
246.8000	0.00640005	264.264
246.7000	0.0278244	264.341
246.6000	0.0360365	264.417
246.5000	0.0183148	264.496
246.4000	0.0109427	264.575
246.3000	-0.0121064	264.651
246.2000	-0.0228045	264.727
246.1000	-0.0424308	264.804
246.0000	-0.0725488	264.884
245.9000	-0.0736706	264.967
245.8000	-0.0664162	265.045
245.7000	-0.0641167	265.12
245.6000	-0.027095	265.204
245.5000	-0.0450268	265.28
245.4000	-0.0765048	265.356
245.3000	-0.0613419	265.438
245.2000	-0.0554033	265.517
245.1000	-0.00473907	265.594
245.0000	0.0181489	265.675
244.9000	0.0212039	265.749
244.8000	0.0377037	265.827
244.7000	0.061392	265.906
244.6000	0.0792868	265.983
244.5000	0.0541441	266.057
244.4000	0.0370053	266.139
244.3000	0.0305563	266.218
244.2000	0.0353262	266.298
244.1000	0.066411	266.381
244.0000	0.0648715	266.462
243.9000	0.0386621	266.542
243.8000	0.0624624	266.623
243.7000	0.033212	266.698
243.6000	0.0206818	266.785
243.5000	0.00486871	266.87
243.4000	-0.00487069	266.956
243.3000	-0.00328322	267.05
243.2000	0.0431153	267.141
243.1000	0.0326564	267.229
243.0000	0.0761335	267.327
242.9000	0.0748739	267.414
242.8000	0.0611983	267.501
242.7000	0.0584257	267.591
242.6000	0.046993	267.674
242.5000	0.0343355	267.767
242.4000	0.0288057	267.866
242.3000	0.0153596	267.959
242.2000	0.0325412	268.054
242.1000	0.0326375	268.158
242.0000	0.022391	268.263
241.9000	0.0255053	268.363
241.8000	0.0338885	268.464
241.7000	0.0492908	268.57
241.6000	0.0513718	268.673
241.5000	0.0693979	268.778
241.4000	0.0835188	268.886
241.3000	0.0971151	268.991
241.2000	0.0949278	269.097
241.1000	0.0966037	269.206
241.0000	0.0923882	269.31
240.9000	0.0789481	269.416
240.8000	0.057514	269.525
240.7000	0.0330398	269.628
240.6000	0.0188286	269.735
240.5000	0.0576812	269.848
240.4000	0.0385965	269.955
240.3000	0.0195242	270.064
240.2000	0.0219437	270.178
240.1000	0.0382272	270.288
240.0000	0.0597489	270.403
239.9000	0.0709288	270.521
239.8000	0.0349926	270.643
239.7000	0.0167909	270.769
239.6000	0.0363412	270.899
239.5000	0.0253767	271.025
239.4000	0.0149528	271.157
239.3000	0.00545805	271.287
239.2000	0.0227032	271.42
239.1000	-0.000634293	271.548
239.0000	0.00277584	271.676
238.9000	-0.0127537	271.811
238.8000	-0.0147656	271.948
238.7000	-0.0236325	272.085
238.6000	-0.0628454	272.22
238.5000	-0.0866304	272.355
238.4000	-0.0832282	272.498
238.3000	-0.071355	272.637
238.2000	-0.0630466	272.772
238.1000	-0.0535799	272.909
238.0000	-0.0209279	273.049
237.9000	0.0168502	273.191
237.8000	-0.0142825	273.334
237.7000	-0.0166426	273.476
237.6000	-0.0834907	273.616
237.5000	-0.10647	273.761
237.4000	-0.10358	273.903
237.3000	-0.130051	274.043
237.2000	-0.113052	274.184
237.1000	-0.0969601	274.325
237.0000	-0.103786	274.463
236.9000	-0.100225	274.608
236.8000	-0.09683	274.752
236.7000	-0.109014	274.896
236.6000	-0.124875	275.048
236.5000	-0.119359	275.199
236.4000	-0.111179	275.345
236.3000	-0.0968717	275.496
236.2000	-0.0805594	275.645
236.1000	-0.0840902	275.794
236.0000	-0.0632855	275.947
235.9000	-0.0783846	276.09
235.8000	-0.0922367	276.234
235.7000	-0.0954722	276.38
235.6000	-0.0794676	276.523
235.5000	-0.0844302	276.663
235.4000	-0.0658611	276.808
235.3000	-0.0858217	276.946
235.2000	-0.0843378	277.087
235.1000	-0.10787	277.234
235.0000	-0.115039	277.378
234.9000	-0.128677	277.526
234.8000	-0.111549	277.678
234.7000	-0.135313	277.822
234.6000	-0.142377	277.973
234.5000	-0.117892	278.124
234.4000	-0.0912371	278.27
234.3000	-0.0852106	278.419
234.2000	-0.0857753	278.565
234.1000	-0.131377	278.703
234.0000	-0.135607	278.85
233.9000	-0.115902	279.001
233.8000	-0.132426	279.144
233.7000	-0.149342	279.29
233.6000	-0.154105	279.441
233.5000	-0.151366	279.586
233.4000	-0.120837	279.737
233.3000	-0.118092	279.888
233.2000	-0.159355	280.032
233.1000	-0.152565	280.184
233.0000	-0.16413	280.339
232.9000	-0.169889	280.488
232.8000	-0.20003	280.641
232.7000	-0.245718	280.8
232.6000	-0.274217	280.958
232.5000	-0.226101	281.111
232.4000	-0.24448	281.273
232.3000	-0.268204	281.434
232.2000	-0.258105	281.595
232.1000	-0.234457	281.762
232.0000	-0.201699	281.92
231.9000	-0.183666	282.073
231.8000	-0.200642	282.239
231.7000	-0.209206	282.395
231.6000	-0.177919	282.548
231.5000	-0.169494	282.703
231.4000	-0.204052	282.855
231.3000	-0.232937	283.003
231.2000	-0.26892	283.16
231.1000	-0.272486	283.313
231.0000	-0.25029	283.461
230.9000	-0.272222	283.614
230.8000	-0.316276	283.765
230.7000	-0.324593	283.915
230.6000	-0.324102	284.072
230.5000	-0.299121	284.224
230.4000	-0.288998	284.369
230.3000	-0.311116	284.521
230.2000	-0.307779	284.672
230.1000	-0.302827	284.825
230.0000	-0.302511	284.98
229.9000	-0.284558	285.129
229.8000	-0.306923	285.283
229.7000	-0.3584	285.448
229.6000	-0.38036	285.605
229.5000	-0.394885	285.76
229.4000	-0.381473	285.92
229.3000	-0.377209	286.084
229.2000	-0.422309	286.245
229.1000	-0.374943	286.411
229.0000	-0.34317	286.573
228.9000	-0.321656	286.734
228.8000	-0.328881	286.906
228.7000	-0.306404	287.076
228.6000	-0.288502	287.243
228.5000	-0.274037	287.418
228.4000	-0.312976	287.587
228.3000	-0.313813	287.753
228.2000	-0.298066	287.925
228.1000	-0.284725	288.094
228.0000	-0.313195	288.259
227.9000	-0.308371	288.43
227.8000	-0.323812	288.594
227.7000	-0.342308	288.759
227.6000	-0.354678	288.927
227.5000	-0.352966	289.092
227.4000	-0.351382	289.249
227.3000	-0.332115	289.405
227.2000	-0.351638	289.563
227.1000	-0.356748	289.717
227.0000	-0.392446	289.869
226.9000	-0.369775	290.023
226.8000	-0.407852	290.177
226.7000	-0.39462	290.334
226.6000	-0.401883	290.488
226.5000	-0.394343	290.641
226.4000	-0.381389	290.795
226.3000	-0.358047	290.954
226.2000	-0.403929	291.11
226.1000	-0.376842	291.26
226.0000	-0.357195	291.416
225.9000	-0.369618	291.569
225.8000	-0.355886	291.714
225.7000	-0.326028	291.868
225.6000	-0.326723	292.014
225.5000	-0.333142	292.158
225.4000	-0.345018	292.312
225.3000	-0.371538	292.459
225.2000	-0.352561	292.607
225.1000	-0.345347	292.763
225.0000	-0.373353	292.916
224.9000	-0.34191	293.065
224.8000	-0.360111	293.217
224.7000	-0.405602	293.365
224.6000	-0.400919	293.519
224.5000	-0.425787	293.676
224.4000	-0.452324	293.825
224.3000	-0.459494	293.973
224.2000	-0.508823	294.13
224.1000	-0.483418	294.287
224.0000	-0.480351	294.437
223.9000	-0.455868	294.59
223.8000	-0.457434	294.743
223.7000	-0.479112	294.901
223.6000	-0.458312	295.062
223.5000	-0.473163	295.219
223.4000	-0.495011	295.374
223.3000	-0.523712	295.537
223.2000	-0.563338	295.693
223.1000	-0.573186	295.844
223.0000	-0.604357	296.004
222.9000	-0.614254	296.164
222.8000	-0.574133	296.322
222.7000	-0.578651	296.484
222.6000	-0.539828	296.648
222.5000	-0.542269	296.813
222.4000	-0.538989	296.98
222.3000	-0.518259	297.147
222.2000	-0.500037	297.307
222.1000	-0.487546	297.472
222.0000	-0.509049	297.635
221.9000	-0.540019	297.792
221.8000	-0.499085	297.952
221.7000	-0.495005	298.114
221.6000	-0.495142	298.27
221.5000	-0.519039	298.43
221.4000	-0.579299	298.585
221.3000	-0.553407	298.738
221.2000	-0.531044	298.89
221.1000	-0.575342	299.044
221.0000	-0.574988	299.199
220.9000	-0.602676	299.351
220.8000	-0.59817	299.499
220.7000	-0.522417	299.651
220.6000	-0.492889	299.802
220.5000	-0.497597	299.95
220.4000	-0.513093	300.093
220.3000	-0.525061	300.234
220.2000	-0.505003	300.381
220.1000	-0.474067	300.527
220.0000	-0.517642	300.677
219.9000	-0.538783	300.821
219.8000	-0.516863	300.969
219.7000	-0.517054	301.117
219.6000	-0.467839	301.264
219.5000	-0.448177	301.411
219.4000	-0.402917	301.557
219.3000	-0.385578	301.697
219.2000	-0.350294	301.844
219.1000	-0.388429	301.988
219.0000	-0.40805	302.129
218.9000	-0.443443	302.271
218.8000	-0.483134	302.411
218.7000	-0.542146	302.552
218.6000	-0.541905	302.701
218.5000	-0.571739	302.849
218.4000	-0.544802	302.997
218.3000	-0.543881	303.147
218.2000	-0.547811	303.302
218.1000	-0.560376	303.451
218.0000	-0.550732	303.599
217.9000	-0.598364	303.748
217.8000	-0.579957	303.891
217.7000	-0.623393	304.038
217.6000	-0.641794	304.194
217.5000	-0.683681	304.345
217.4000	-0.739507	304.495
217.3000	-0.774672	304.651
217.2000	-0.745634	304.803
217.1000	-0.73907	304.958
217.0000	-0.700315	305.119
216.9000	-0.654037	305.267
216.8000	-0.587726	305.416
216.7000	-0.540801	305.577
216.6000	-0.469662	305.731
216.5000	-0.444219	305.886
216.4000	-0.478911	306.047
216.3000	-0.427782	306.203
216.2000	-0.441508	306.359
216.1000	-0.461669	306.52
216.0000	-0.485581	306.674
215.9000	-0.5415	306.825
215.8000	-0.581529	306.98
215.7000	-0.621732	307.132
215.6000	-0.678559	307.277
215.5000	-0.669126	307.426
215.4000	-0.673886	307.569
215.3000	-0.637999	307.707
215.2000	-0.620963	307.849
215.1000	-0.613801	307.987
215.0000	-0.535774	308.126
214.9000	-0.531926	308.266
214.8000	-0.552391	308.405
214.7000	-0.560843	308.543
214.6000	-0.57194	308.687
214.5000	-0.584909	308.829
214.4000	-0.57359	308.972
214.3000	-0.604181	309.113
214.2000	-0.613184	309.255
214.1000	-0.626136	309.393
214.0000	-0.651617	309.536
213.9000	-0.679512	309.679
213.8000	-0.706241	309.822
213.7000	-0.718305	309.963
213.6000	-0.741061	310.11
213.5000	-0.749384	310.256
213.4000	-0.709269	310.409
213.3000	-0.714623	310.563
213.2000	-0.686464	310.717
213.1000	-0.644749	310.869
213.0000	-0.620684	311.031
212.9000	-0.610897	311.188
212.8000	-0.587289	311.343
212.7000	-0.556133	311.504
212.6000	-0.507169	311.671
212.5000	-0.479239	311.839
212.4000	-0.556033	312.016
212.3000	-0.587653	312.196
212.2000	-0.636389	312.377
212.1000	-0.638975	312.559
212.0000	-0.666118	312.744
211.9000	-0.724295	312.925
211.8000	-0.769414	313.098
211.7000	-0.773132	313.276
211.6000	-0.745079	313.452
211.5000	-0.726287	313.628
211.4000	-0.787428	313.809
211.3000	-0.801865	313.988
211.2000	-0.810426	314.164
211.1000	-0.789389	314.344
211.0000	-0.782177	314.521
210.9000	-0.812922	314.694
210.8000	-0.804823	314.864
210.7000	-0.766916	315.032
210.6000	-0.771873	315.195
210.5000	-0.741069	315.358
210.4000	-0.763333	315.529
210.3000	-0.763133	315.692
210.2000	-0.739396	315.859
210.1000	-0.749262	316.031
210.0000	-0.758715	316.203
209.9000	-0.731854	316.376
209.8000	-0.726173	316.556
209.7000	-0.736045	316.731
209.6000	-0.730522	316.912
209.5000	-0.72799	317.094
209.4000	-0.738665	317.279
209.3000	-0.737438	317.461
209.2000	-0.754475	317.654
209.1000	-0.729387	317.843
209.0000	-0.736775	318.037
208.9000	-0.795129	318.228
208.8000	-0.814616	318.424
208.7000	-0.786212	318.619
208.6000	-0.845182	318.813
208.5000	-0.907052	319.005
208.4000	-0.935132	319.201
208.3000	-0.971249	319.4
208.2000	-0.993329	319.598
208.1000	-1.0328	319.795
208.0000	-1.05573	319.999
207.9000	-1.04165	320.209
207.8000	-1.0232	320.418
207.7000	-0.976762	320.632
207.6000	-0.930016	320.838
207.5000	-0.936554	321.054
207.4000	-0.9272	321.27
207.3000	-0.951013	321.484
207.2000	-0.942336	321.7
207.1000	-0.933582	321.919
207.0000	-1.02937	322.139
206.9000	-1.04955	322.36
206.8000	-1.05635	322.581
206.7000	-1.0502	322.8
206.6000	-1.05184	323.016
206.5000	-1.04956	323.226
206.4000	-1.04799	323.442
206.3000	-1.04829	323.655
206.2000	-1.04782	323.87
206.1000	-1.03019	324.083
206.0000	-1.00944	324.297
205.9000	-1.00518	324.518
205.8000	-1.02405	324.747
205.7000	-1.03406	324.966
205.6000	-1.04839	325.187
205.5000	-1.05877	325.406
205.4000	-1.04642	325.628
205.3000	-1.08913	325.852
205.2000	-1.13236	326.083
205.1000	-1.16614	326.304
205.0000	-1.16986	326.534
204.9000	-1.16142	326.768
204.8000	-1.16124	327.007
204.7000	-1.21042	327.243
204.6000	-1.26735	327.485
204.5000	-1.26	327.719
204.4000	-1.30174	327.964
204.3000	-1.306	328.21
204.2000	-1.32634	328.46
204.1000	-1.33867	328.707
204.0000	-1.34688	328.963
203.9000	-1.31339	329.216
203.8000	-1.34001	329.468
203.7000	-1.33584	329.723
203.6000	-1.37788	329.982
203.5000	-1.44598	330.239
203.4000	-1.4614	330.505
203.3000	-1.45415	330.766
203.2000	-1.44947	331.031
203.1000	-1.3878	331.305
203.0000	-1.37478	331.578
202.9000	-1.34549	331.843
202.8000	-1.28436	332.115
202.7000	-1.32565	332.39
202.6000	-1.33311	332.667
202.5000	-1.42553	332.95
202.4000	-1.46162	333.23
202.3000	-1.50955	333.507
202.2000	-1.49432	333.796
202.1000	-1.4882	334.084
202.0000	-1.50813	334.368
201.9000	-1.53927	334.667
201.8000	-1.50082	334.957
201.7000	-1.57267	335.248
201.6000	-1.53622	335.553
201.5000	-1.55644	335.855
201.4000	-1.61415	336.16
201.3000	-1.56457	336.472
201.2000	-1.59524	336.781
201.1000	-1.48707	337.097
201.0000	-1.47382	337.427
200.9000	-1.52559	337.746
200.8000	-1.49189	338.07
200.7000	-1.49964	338.408
200.6000	-1.54281	338.743
200.5000	-1.54224	339.076
200.4000	-1.63344	339.424
200.3000	-1.64377	339.765
200.2000	-1.66628	340.112
200.1000	-1.71725	340.47
200.0000	-1.68681	340.823
199.9000	-1.60755	341.178
199.8000	-1.59532	341.542
199.7000	-1.61838	341.906
199.6000	-1.51337	342.276
199.5000	-1.46923	342.652
199.4000	-1.40105	343.032
199.3000	-1.40316	343.41
199.2000	-1.4665	343.795
199.1000	-1.45384	344.177
199.0000	-1.44908	344.564
198.9000	-1.54327	344.946
198.8000	-1.56418	345.335
198.7000	-1.55257	345.718
198.6000	-1.57593	346.108
198.5000	-1.55178	346.506
198.4000	-1.50178	346.903
198.3000	-1.45138	347.298
198.2000	-1.38478	347.706
198.1000	-1.36008	348.113
198.0000	-1.38904	348.526
197.9000	-1.37721	348.942
197.8000	-1.39372	349.366
197.7000	-1.53434	349.791
197.6000	-1.54472	350.231
197.5000	-1.57053	350.669
197.4000	-1.59512	351.114
197.3000	-1.63329	351.565
197.2000	-1.65988	352.022
197.1000	-1.66193	352.481
197.0000	-1.55275	352.946
196.9000	-1.52778	353.415
196.8000	-1.46915	353.887
196.7000	-1.46466	354.357
196.6000	-1.46565	354.835
196.5000	-1.38635	355.31
196.4000	-1.31082	355.796
196.3000	-1.3261	356.293
196.2000	-1.37505	356.79
196.1000	-1.34552	357.293
196.0000	-1.29716	357.8
195.9000	-1.3262	358.31
195.8000	-1.36343	358.825
195.7000	-1.38318	359.333
195.6000	-1.3906	359.839
195.5000	-1.38232	360.351
195.4000	-1.45748	360.867
195.3000	-1.43568	361.385
195.2000	-1.40119	361.923
195.1000	-1.45953	362.483
195.0000	-1.40456	363.056
194.9000	-1.34693	363.643
194.8000	-1.27273	364.244
194.7000	-1.25153	364.861
194.6000	-1.29559	365.496
194.5000	-1.24383	366.136
194.4000	-1.21594	366.774
194.3000	-1.32273	367.421
194.2000	-1.37479	368.087
194.1000	-1.47538	368.746
194.0000	-1.47927	369.419
193.9000	-1.37838	370.093
193.8000	-1.32379	370.77
193.7000	-1.28435	371.461
193.6000	-1.20909	372.159
193.5000	-1.1705	372.856
193.4000	-1.15681	373.574
193.3000	-1.13871	374.298
193.2000	-1.21804	375.026
193.1000	-1.23248	375.759
193.0000	-1.20526	376.501
192.9000	-1.20418	377.244
192.8000	-1.2312	377.989
192.7000	-1.15	378.736
192.6000	-1.10829	379.483
192.5000	-1.01191	380.235
192.4000	-0.979623	380.997
192.3000	-0.979688	381.758
192.2000	-1.05783	382.523
192.1000	-0.938747	383.305
192.0000	-0.954225	384.097
191.9000	-0.933325	384.893
191.8000	-0.85103	385.699
191.7000	-0.821319	386.509
191.6000	-0.821784	387.32
191.5000	-0.688614	388.149
191.4000	-0.673395	388.987
191.3000	-0.720986	389.82
191.2000	-0.694013	390.67
191.1000	-0.704955	391.532
191.0000	-0.749164	392.396
190.9000	-0.701246	393.272
190.8000	-0.71971	394.153
190.7000	-0.645766	395.038
190.6000	-0.452872	395.942
190.5000	-0.505811	396.854
190.4000	-0.48257	397.778
190.3000	-0.440209	398.716
190.2000	-0.525473	399.673
190.1000	-0.643755	400.638
190.0000	-0.736939	401.616
189.9000	-0.848004	402.602
189.8000	-0.934473	403.608
189.7000	-0.984538	404.626
189.6000	-1.12205	405.66
189.5000	-1.09864	406.707
189.4000	-1.04523	407.779
189.3000	-0.984683	408.858
189.2000	-0.992928	409.965
189.1000	-0.928138	411.078
189.0000	-0.837868	412.209
188.9000	-0.685066	413.357
188.8000	-0.626557	414.533
188.7000	-0.644724	415.719
188.6000	-0.727073	416.939
188.5000	-0.670393	418.184
188.4000	-0.638114	419.456
188.3000	-0.692903	420.754
188.2000	-0.734833	422.081
188.1000	-0.724351	423.429
188.0000	-0.663986	424.805
187.9000	-0.687072	426.211
187.8000	-0.597102	427.645
187.7000	-0.615975	429.109
187.6000	-0.666077	430.62
187.5000	-0.529368	432.173
187.4000	-0.564605	433.768
187.3000	-0.408764	435.416
187.2000	-0.329082	437.118
187.1000	-0.300943	438.869
187.0000	-0.232737	440.67
186.9000	-0.0607036	442.522
186.8000	0.025663	444.433
186.7000	-0.015679	446.397
186.6000	-0.134753	448.424
186.5000	-0.177237	450.5
186.4000	-0.253378	452.634
186.3000	-0.185178	454.835
186.2000	-0.256376	457.094
186.1000	-0.219251	459.408
186.0000	-0.159241	461.793
185.9000	-0.160373	464.249
185.8000	-0.1213	466.786
185.7000	-0.10352	469.4
185.6000	-0.120169	472.104
185.5000	-0.142638	474.906
185.4000	-0.425222	477.811
185.3000	-0.655647	480.814
185.2000	-0.413226	483.929
185.1000	-0.172369	487.157
185.0000	-0.161607	490.522
