TITLE	02_251002A_4days
DATA TYPE	
ORIGIN	JASCO
OWNER	
DATE	25/10/06
TIME	13:41:26
SPECTROMETER/DATA SYSTEM	JASCO Corp., J-715, Rev. 1.00
RESOLUTION	
DELTAX	-0.1
XUNITS	NANOMETERS
YUNITS	CD[mdeg]
Y2UNITS	HT[V]
FIRSTX	260.0000
LASTX	185.0000
NPOINTS	751
FIRSTY	0.14473
MAXY	0.20688
MINY	-1.30478
XYDATA
260.0000	0.144729	254.894
259.9000	0.170068	254.924
259.8000	0.165277	254.962
259.7000	0.179494	255.009
259.6000	0.182332	255.065
259.5000	0.194936	255.135
259.4000	0.185042	255.214
259.3000	0.191029	255.288
259.2000	0.190683	255.359
259.1000	0.1775	255.435
259.0000	0.185237	255.508
258.9000	0.187259	255.581
258.8000	0.150312	255.65
258.7000	0.14677	255.717
258.6000	0.134177	255.793
258.5000	0.12409	255.865
258.4000	0.143783	255.933
258.3000	0.137461	256.006
258.2000	0.164035	256.073
258.1000	0.184009	256.144
258.0000	0.159956	256.214
257.9000	0.155558	256.278
257.8000	0.160727	256.343
257.7000	0.151377	256.409
257.6000	0.139149	256.476
257.5000	0.129061	256.55
257.4000	0.155779	256.623
257.3000	0.197752	256.694
257.2000	0.191932	256.76
257.1000	0.204963	256.828
257.0000	0.194087	256.894
256.9000	0.206877	256.963
256.8000	0.193803	257.032
256.7000	0.162788	257.097
256.6000	0.159034	257.165
256.5000	0.159071	257.238
256.4000	0.16543	257.311
256.3000	0.177592	257.384
256.2000	0.191819	257.456
256.1000	0.184286	257.527
256.0000	0.183458	257.596
255.9000	0.180677	257.666
255.8000	0.199126	257.732
255.7000	0.142468	257.796
255.6000	0.140501	257.862
255.5000	0.128924	257.923
255.4000	0.139957	257.994
255.3000	0.152062	258.06
255.2000	0.133566	258.127
255.1000	0.126662	258.196
255.0000	0.152238	258.264
254.9000	0.151991	258.329
254.8000	0.137962	258.396
254.7000	0.120417	258.46
254.6000	0.118906	258.528
254.5000	0.128603	258.595
254.4000	0.124102	258.665
254.3000	0.108923	258.734
254.2000	0.0985903	258.809
254.1000	0.0974968	258.881
254.0000	0.0829111	258.953
253.9000	0.0787693	259.031
253.8000	0.0698008	259.105
253.7000	0.0788713	259.179
253.6000	0.0874432	259.249
253.5000	0.107094	259.32
253.4000	0.123452	259.393
253.3000	0.140295	259.463
253.2000	0.121919	259.531
253.1000	0.118796	259.599
253.0000	0.126161	259.672
252.9000	0.129428	259.747
252.8000	0.13176	259.816
252.7000	0.138652	259.889
252.6000	0.136389	259.96
252.5000	0.13973	260.037
252.4000	0.144163	260.113
252.3000	0.144844	260.191
252.2000	0.127536	260.266
252.1000	0.122847	260.342
252.0000	0.110511	260.42
251.9000	0.0828686	260.497
251.8000	0.0638184	260.572
251.7000	0.0505477	260.643
251.6000	0.0386889	260.715
251.5000	0.0428473	260.785
251.4000	0.0277365	260.853
251.3000	0.0287041	260.924
251.2000	0.0731555	260.997
251.1000	0.101054	261.071
251.0000	0.136287	261.143
250.9000	0.123749	261.218
250.8000	0.132523	261.3
250.7000	0.133786	261.377
250.6000	0.15468	261.451
250.5000	0.147249	261.52
250.4000	0.131992	261.589
250.3000	0.11087	261.664
250.2000	0.117423	261.735
250.1000	0.0908238	261.805
250.0000	0.0970955	261.877
249.9000	0.0673639	261.948
249.8000	0.0513581	262.026
249.7000	0.0605953	262.101
249.6000	0.0666896	262.177
249.5000	0.073151	262.247
249.4000	0.113836	262.321
249.3000	0.140102	262.395
249.2000	0.130968	262.464
249.1000	0.140271	262.534
249.0000	0.148866	262.603
248.9000	0.127125	262.679
248.8000	0.0963633	262.754
248.7000	0.0560351	262.823
248.6000	0.0351047	262.894
248.5000	0.053905	262.966
248.4000	0.0732943	263.04
248.3000	0.0681544	263.111
248.2000	0.0910804	263.179
248.1000	0.0957621	263.249
248.0000	0.107559	263.322
247.9000	0.104278	263.396
247.8000	0.0948504	263.468
247.7000	0.0673652	263.543
247.6000	0.0624513	263.616
247.5000	0.0840155	263.687
247.4000	0.0857306	263.763
247.3000	0.0961045	263.834
247.2000	0.130467	263.906
247.1000	0.149215	263.983
247.0000	0.164786	264.057
246.9000	0.162935	264.135
246.8000	0.143996	264.214
246.7000	0.116972	264.288
246.6000	0.105155	264.364
246.5000	0.0483866	264.443
246.4000	0.0189476	264.518
246.3000	0.0110179	264.598
246.2000	0.0122068	264.669
246.1000	0.0274524	264.746
246.0000	0.0573824	264.822
245.9000	0.0706829	264.898
245.8000	0.0994762	264.979
245.7000	0.108429	265.05
245.6000	0.0966412	265.124
245.5000	0.0970816	265.199
245.4000	0.0847705	265.269
245.3000	0.0776047	265.347
245.2000	0.0536057	265.422
245.1000	0.0572138	265.494
245.0000	0.0539683	265.574
244.9000	0.0891229	265.651
244.8000	0.118309	265.735
244.7000	0.119808	265.812
244.6000	0.125477	265.892
244.5000	0.144025	265.969
244.4000	0.139193	266.048
244.3000	0.114864	266.124
244.2000	0.089333	266.197
244.1000	0.0824188	266.272
244.0000	0.0678467	266.35
243.9000	0.0774657	266.424
243.8000	0.071425	266.502
243.7000	0.0894705	266.577
243.6000	0.111952	266.656
243.5000	0.108135	266.738
243.4000	0.11627	266.822
243.3000	0.105256	266.911
243.2000	0.075336	266.996
243.1000	0.088124	267.084
243.0000	0.0767941	267.175
242.9000	0.0615351	267.259
242.8000	0.0438124	267.348
242.7000	0.0280611	267.428
242.6000	0.0367127	267.514
242.5000	0.0528107	267.614
242.4000	0.0864555	267.707
242.3000	0.094983	267.804
242.2000	0.0889346	267.903
242.1000	0.0857736	268.001
242.0000	0.0797172	268.104
241.9000	0.06868	268.205
241.8000	0.078178	268.3
241.7000	0.0413855	268.399
241.6000	0.0645436	268.497
241.5000	0.0756609	268.597
241.4000	0.0996682	268.698
241.3000	0.11783	268.804
241.2000	0.141512	268.901
241.1000	0.133384	269.01
241.0000	0.126881	269.117
240.9000	0.105187	269.221
240.8000	0.0802673	269.327
240.7000	0.0538878	269.432
240.6000	0.0367952	269.538
240.5000	0.0267893	269.65
240.4000	0.00824605	269.756
240.3000	-0.00700454	269.864
240.2000	-0.0120694	269.979
240.1000	0.031506	270.092
240.0000	0.0372427	270.209
239.9000	0.0447544	270.329
239.8000	0.0357347	270.449
239.7000	0.062157	270.578
239.6000	0.0970013	270.703
239.5000	0.096862	270.831
239.4000	0.092043	270.961
239.3000	0.0905069	271.09
239.2000	0.0954834	271.22
239.1000	0.1126	271.348
239.0000	0.0881525	271.476
238.9000	0.0686797	271.605
238.8000	0.0556643	271.734
238.7000	0.0604639	271.867
238.6000	0.0691538	271.996
238.5000	0.082762	272.13
238.4000	0.0667199	272.267
238.3000	0.0774764	272.4
238.2000	0.0584463	272.538
238.1000	0.0654543	272.673
238.0000	0.0244868	272.811
237.9000	0.0124363	272.949
237.8000	-0.0381239	273.085
237.7000	-0.0324326	273.224
237.6000	-0.0117203	273.357
237.5000	-0.0146642	273.496
237.4000	-0.0260932	273.636
237.3000	-0.0146282	273.774
237.2000	0.00104755	273.915
237.1000	0.0459899	274.055
237.0000	0.0333322	274.198
236.9000	0.00407994	274.34
236.8000	0.00942896	274.48
236.7000	-0.0195598	274.619
236.6000	-0.0173318	274.764
236.5000	-0.0509853	274.909
236.4000	-0.0607995	275.047
236.3000	-0.0807727	275.19
236.2000	-0.052158	275.332
236.1000	-0.0161866	275.476
236.0000	0.0142636	275.621
235.9000	0.00178913	275.755
235.8000	0.0125895	275.893
235.7000	-0.000826518	276.033
235.6000	0.0225986	276.175
235.5000	0.0198935	276.311
235.4000	-0.026457	276.45
235.3000	-0.020312	276.589
235.2000	-0.00863671	276.732
235.1000	-0.01032	276.878
235.0000	-0.00107015	277.017
234.9000	-0.0341058	277.159
234.8000	-0.0408635	277.304
234.7000	-0.0225477	277.451
234.6000	-0.0332303	277.595
234.5000	-0.0553024	277.743
234.4000	-0.0643685	277.885
234.3000	-0.0871932	278.027
234.2000	-0.0649355	278.17
234.1000	-0.085331	278.31
234.0000	-0.0960675	278.448
233.9000	-0.111422	278.588
233.8000	-0.110675	278.725
233.7000	-0.104252	278.869
233.6000	-0.116975	279.014
233.5000	-0.146342	279.16
233.4000	-0.11667	279.305
233.3000	-0.137393	279.451
233.2000	-0.123012	279.598
233.1000	-0.122759	279.742
233.0000	-0.101522	279.885
232.9000	-0.0420215	280.029
232.8000	-0.0423374	280.173
232.7000	-0.0612525	280.319
232.6000	-0.0632465	280.466
232.5000	-0.0562852	280.618
232.4000	-0.0374384	280.772
232.3000	-0.0594499	280.93
232.2000	-0.0828008	281.094
232.1000	-0.0720715	281.256
232.0000	-0.0497222	281.421
231.9000	-0.0352529	281.58
231.8000	-0.0535769	281.738
231.7000	-0.1031	281.894
231.6000	-0.142169	282.043
231.5000	-0.130449	282.193
231.4000	-0.096971	282.339
231.3000	-0.11994	282.482
231.2000	-0.159083	282.632
231.1000	-0.180858	282.776
231.0000	-0.171622	282.926
230.9000	-0.139236	283.069
230.8000	-0.194543	283.215
230.7000	-0.221534	283.362
230.6000	-0.206537	283.507
230.5000	-0.202816	283.654
230.4000	-0.180071	283.797
230.3000	-0.179541	283.943
230.2000	-0.229074	284.093
230.1000	-0.223713	284.237
230.0000	-0.241828	284.384
229.9000	-0.255693	284.534
229.8000	-0.2648	284.683
229.7000	-0.26013	284.838
229.6000	-0.264459	284.987
229.5000	-0.22414	285.14
229.4000	-0.226628	285.301
229.3000	-0.254592	285.459
229.2000	-0.273544	285.62
229.1000	-0.273523	285.776
229.0000	-0.303218	285.934
228.9000	-0.299659	286.098
228.8000	-0.321269	286.256
228.7000	-0.330285	286.421
228.6000	-0.309085	286.58
228.5000	-0.279127	286.743
228.4000	-0.283878	286.905
228.3000	-0.283431	287.064
228.2000	-0.277285	287.227
228.1000	-0.253671	287.384
228.0000	-0.25364	287.546
227.9000	-0.24281	287.703
227.8000	-0.263808	287.863
227.7000	-0.245564	288.027
227.6000	-0.254365	288.184
227.5000	-0.287213	288.34
227.4000	-0.263049	288.494
227.3000	-0.26814	288.647
227.2000	-0.270003	288.802
227.1000	-0.307836	288.95
227.0000	-0.340093	289.098
226.9000	-0.297985	289.247
226.8000	-0.275723	289.399
226.7000	-0.283983	289.55
226.6000	-0.278105	289.699
226.5000	-0.288611	289.85
226.4000	-0.256138	289.998
226.3000	-0.218123	290.15
226.2000	-0.299125	290.3
226.1000	-0.342072	290.447
226.0000	-0.353633	290.591
225.9000	-0.381916	290.735
225.8000	-0.374499	290.879
225.7000	-0.400867	291.026
225.6000	-0.421435	291.164
225.5000	-0.361189	291.299
225.4000	-0.367676	291.441
225.3000	-0.397265	291.584
225.2000	-0.392603	291.725
225.1000	-0.405168	291.868
225.0000	-0.390464	292.008
224.9000	-0.365904	292.156
224.8000	-0.395759	292.3
224.7000	-0.338536	292.447
224.6000	-0.3068	292.596
224.5000	-0.273753	292.745
224.4000	-0.274458	292.894
224.3000	-0.268979	293.046
224.2000	-0.29713	293.196
224.1000	-0.2632	293.349
224.0000	-0.284185	293.497
223.9000	-0.322004	293.639
223.8000	-0.325198	293.791
223.7000	-0.331028	293.932
223.6000	-0.343105	294.078
223.5000	-0.346008	294.222
223.4000	-0.394115	294.366
223.3000	-0.396747	294.515
223.2000	-0.404785	294.66
223.1000	-0.42337	294.807
223.0000	-0.451129	294.957
222.9000	-0.445584	295.106
222.8000	-0.45682	295.266
222.7000	-0.450997	295.414
222.6000	-0.450359	295.571
222.5000	-0.435921	295.728
222.4000	-0.423606	295.884
222.3000	-0.406385	296.04
222.2000	-0.368444	296.191
222.1000	-0.34216	296.348
222.0000	-0.375705	296.501
221.9000	-0.39835	296.656
221.8000	-0.395961	296.81
221.7000	-0.431407	296.96
221.6000	-0.445998	297.112
221.5000	-0.459259	297.262
221.4000	-0.49998	297.415
221.3000	-0.490648	297.563
221.2000	-0.511574	297.707
221.1000	-0.512804	297.855
221.0000	-0.458679	298.001
220.9000	-0.433962	298.14
220.8000	-0.456073	298.282
220.7000	-0.389757	298.421
220.6000	-0.391589	298.57
220.5000	-0.370015	298.711
220.4000	-0.373313	298.849
220.3000	-0.421006	298.989
220.2000	-0.401545	299.133
220.1000	-0.411483	299.276
220.0000	-0.420955	299.412
219.9000	-0.404937	299.541
219.8000	-0.428474	299.678
219.7000	-0.387819	299.817
219.6000	-0.369494	299.954
219.5000	-0.413653	300.085
219.4000	-0.410185	300.217
219.3000	-0.46467	300.347
219.2000	-0.446439	300.483
219.1000	-0.430971	300.615
219.0000	-0.473359	300.748
218.9000	-0.480768	300.884
218.8000	-0.469567	301.02
218.7000	-0.421365	301.158
218.6000	-0.372817	301.297
218.5000	-0.380309	301.432
218.4000	-0.388911	301.575
218.3000	-0.349233	301.711
218.2000	-0.331279	301.849
218.1000	-0.346603	301.986
218.0000	-0.429782	302.124
217.9000	-0.424209	302.27
217.8000	-0.429495	302.41
217.7000	-0.388044	302.55
217.6000	-0.449157	302.689
217.5000	-0.476733	302.833
217.4000	-0.483174	302.975
217.3000	-0.44798	303.116
217.2000	-0.487316	303.26
217.1000	-0.567005	303.407
217.0000	-0.593965	303.551
216.9000	-0.564797	303.696
216.8000	-0.560327	303.838
216.7000	-0.550246	303.987
216.6000	-0.552701	304.134
216.5000	-0.509749	304.281
216.4000	-0.48929	304.425
216.3000	-0.481712	304.572
216.2000	-0.463029	304.723
216.1000	-0.489569	304.873
216.0000	-0.462901	305.022
215.9000	-0.39812	305.16
215.8000	-0.409734	305.298
215.7000	-0.366729	305.436
215.6000	-0.369556	305.568
215.5000	-0.383014	305.695
215.4000	-0.372197	305.819
215.3000	-0.421837	305.943
215.2000	-0.474424	306.072
215.1000	-0.489166	306.194
215.0000	-0.482806	306.324
214.9000	-0.478385	306.454
214.8000	-0.483646	306.582
214.7000	-0.465818	306.71
214.6000	-0.48288	306.84
214.5000	-0.473621	306.97
214.4000	-0.447362	307.1
214.3000	-0.492951	307.224
214.2000	-0.519067	307.349
214.1000	-0.520278	307.48
214.0000	-0.50365	307.61
213.9000	-0.478499	307.738
213.8000	-0.448663	307.863
213.7000	-0.458152	307.994
213.6000	-0.450529	308.124
213.5000	-0.485743	308.256
213.4000	-0.529031	308.392
213.3000	-0.575761	308.529
213.2000	-0.594777	308.669
213.1000	-0.644775	308.817
213.0000	-0.651183	308.96
212.9000	-0.653677	309.113
212.8000	-0.633616	309.262
212.7000	-0.630416	309.416
212.6000	-0.570386	309.568
212.5000	-0.610829	309.721
212.4000	-0.605123	309.872
212.3000	-0.660484	310.022
212.2000	-0.606694	310.178
212.1000	-0.611053	310.334
212.0000	-0.611734	310.488
211.9000	-0.635222	310.646
211.8000	-0.613152	310.803
211.7000	-0.621116	310.965
211.6000	-0.590338	311.123
211.5000	-0.599262	311.278
211.4000	-0.59905	311.431
211.3000	-0.577933	311.585
211.2000	-0.554914	311.739
211.1000	-0.561985	311.89
211.0000	-0.521853	312.042
210.9000	-0.515351	312.195
210.8000	-0.522695	312.345
210.7000	-0.47663	312.503
210.6000	-0.513177	312.654
210.5000	-0.528514	312.808
210.4000	-0.492993	312.961
210.3000	-0.517981	313.113
210.2000	-0.527859	313.265
210.1000	-0.528271	313.419
210.0000	-0.516758	313.561
209.9000	-0.456204	313.71
209.8000	-0.420577	313.857
209.7000	-0.423598	314.006
209.6000	-0.393805	314.155
209.5000	-0.454737	314.305
209.4000	-0.468542	314.455
209.3000	-0.487927	314.612
209.2000	-0.499381	314.77
209.1000	-0.517914	314.924
209.0000	-0.567862	315.081
208.9000	-0.617953	315.235
208.8000	-0.577132	315.391
208.7000	-0.603315	315.553
208.6000	-0.628728	315.709
208.5000	-0.689089	315.871
208.4000	-0.741695	316.034
208.3000	-0.72977	316.194
208.2000	-0.737604	316.363
208.1000	-0.760373	316.525
208.0000	-0.732586	316.693
207.9000	-0.776547	316.865
207.8000	-0.746772	317.029
207.7000	-0.665033	317.204
207.6000	-0.637728	317.372
207.5000	-0.609621	317.541
207.4000	-0.613711	317.714
207.3000	-0.617001	317.878
207.2000	-0.594562	318.049
207.1000	-0.647454	318.216
207.0000	-0.686253	318.381
206.9000	-0.712536	318.551
206.8000	-0.71293	318.714
206.7000	-0.685386	318.883
206.6000	-0.690877	319.049
206.5000	-0.703735	319.208
206.4000	-0.715693	319.369
206.3000	-0.764213	319.523
206.2000	-0.784319	319.683
206.1000	-0.818618	319.839
206.0000	-0.876669	319.991
205.9000	-0.891598	320.146
205.8000	-0.905952	320.298
205.7000	-0.918985	320.451
205.6000	-0.936174	320.604
205.5000	-0.914702	320.756
205.4000	-0.955514	320.908
205.3000	-0.964706	321.06
205.2000	-0.942184	321.214
205.1000	-0.935605	321.366
205.0000	-0.922714	321.522
204.9000	-0.919477	321.677
204.8000	-0.964539	321.834
204.7000	-0.925295	321.991
204.6000	-0.911266	322.147
204.5000	-0.94911	322.306
204.4000	-0.935029	322.465
204.3000	-0.934461	322.624
204.2000	-0.886021	322.784
204.1000	-0.874156	322.946
204.0000	-0.890961	323.107
203.9000	-0.912259	323.267
203.8000	-0.940804	323.426
203.7000	-0.949089	323.586
203.6000	-0.908125	323.741
203.5000	-0.919025	323.897
203.4000	-0.939374	324.053
203.3000	-0.939584	324.212
203.2000	-0.960583	324.369
203.1000	-0.973278	324.523
203.0000	-1.01314	324.677
202.9000	-1.12244	324.837
202.8000	-1.15043	324.995
202.7000	-1.16529	325.145
202.6000	-1.16258	325.298
202.5000	-1.12307	325.457
202.4000	-1.08349	325.613
202.3000	-1.10171	325.77
202.2000	-1.08586	325.923
202.1000	-1.09895	326.072
202.0000	-1.12468	326.224
201.9000	-1.12923	326.379
201.8000	-1.16233	326.531
201.7000	-1.22397	326.684
201.6000	-1.20191	326.834
201.5000	-1.21667	326.985
201.4000	-1.20719	327.143
201.3000	-1.15932	327.305
201.2000	-1.22016	327.462
201.1000	-1.20377	327.617
201.0000	-1.16672	327.775
200.9000	-1.1534	327.936
200.8000	-1.12471	328.096
200.7000	-1.15605	328.259
200.6000	-1.20927	328.416
200.5000	-1.19754	328.58
200.4000	-1.21135	328.742
200.3000	-1.19627	328.902
200.2000	-1.20599	329.063
200.1000	-1.18393	329.222
200.0000	-1.16759	329.381
199.9000	-1.11967	329.537
199.8000	-1.11563	329.693
199.7000	-1.10985	329.855
199.6000	-1.15622	330.008
199.5000	-1.18791	330.164
199.4000	-1.23372	330.316
199.3000	-1.29078	330.466
199.2000	-1.27097	330.617
199.1000	-1.23893	330.762
199.0000	-1.19563	330.906
198.9000	-1.18611	331.059
198.8000	-1.1347	331.204
198.7000	-1.08431	331.352
198.6000	-1.04037	331.494
198.5000	-1.06243	331.639
198.4000	-1.10656	331.786
198.3000	-1.15948	331.929
198.2000	-1.19095	332.077
198.1000	-1.28531	332.224
198.0000	-1.28601	332.373
197.9000	-1.30478	332.527
197.8000	-1.30397	332.677
197.7000	-1.2989	332.832
197.6000	-1.25133	332.986
197.5000	-1.20624	333.14
197.4000	-1.22145	333.296
197.3000	-1.18516	333.451
197.2000	-1.15069	333.614
197.1000	-1.20716	333.77
197.0000	-1.20551	333.926
196.9000	-1.19974	334.08
196.8000	-1.19942	334.239
196.7000	-1.17464	334.4
196.6000	-1.12123	334.556
196.5000	-1.14109	334.714
196.4000	-1.07512	334.874
196.3000	-1.06986	335.028
196.2000	-1.05831	335.189
196.1000	-0.999784	335.344
196.0000	-0.994916	335.498
195.9000	-1.05703	335.651
195.8000	-1.01819	335.798
195.7000	-0.998263	335.949
195.6000	-1.01532	336.098
195.5000	-0.985642	336.249
195.4000	-0.968177	336.397
195.3000	-0.970696	336.553
195.2000	-1.00867	336.724
195.1000	-1.03813	336.906
195.0000	-1.01693	337.105
194.9000	-1.01381	337.312
194.8000	-1.0431	337.53
194.7000	-1.05009	337.767
194.6000	-1.04774	338.005
194.5000	-0.990504	338.255
194.4000	-0.990041	338.5
194.3000	-0.971758	338.751
194.2000	-0.921151	339.004
194.1000	-0.967616	339.257
194.0000	-0.947047	339.512
193.9000	-0.892335	339.772
193.8000	-0.92239	340.03
193.7000	-0.982602	340.295
193.6000	-1.08722	340.557
193.5000	-1.07645	340.825
193.4000	-1.05234	341.094
193.3000	-1.12441	341.366
193.2000	-1.15	341.644
193.1000	-1.12337	341.915
193.0000	-1.04506	342.194
192.9000	-0.97956	342.472
192.8000	-1.00757	342.753
192.7000	-0.940903	343.044
192.6000	-0.949611	343.336
192.5000	-0.951391	343.631
192.4000	-0.937142	343.934
192.3000	-0.969812	344.233
192.2000	-0.994689	344.544
192.1000	-0.983045	344.853
192.0000	-1.0358	345.164
191.9000	-1.01275	345.475
191.8000	-1.04875	345.788
191.7000	-1.05835	346.108
191.6000	-1.01714	346.435
191.5000	-0.99202	346.763
191.4000	-0.963887	347.104
191.3000	-0.915463	347.443
191.2000	-0.846871	347.796
191.1000	-0.841116	348.151
191.0000	-0.877341	348.514
190.9000	-0.9148	348.885
190.8000	-0.881395	349.256
190.7000	-0.901583	349.632
190.6000	-0.932735	350.011
190.5000	-0.980153	350.398
190.4000	-0.933442	350.791
190.3000	-0.806962	351.183
190.2000	-0.747433	351.588
190.1000	-0.757215	351.995
190.0000	-0.717943	352.41
189.9000	-0.660819	352.841
189.8000	-0.574154	353.272
189.7000	-0.542892	353.721
189.6000	-0.657521	354.18
189.5000	-0.759459	354.651
189.4000	-0.792602	355.143
189.3000	-0.800362	355.646
189.2000	-0.798013	356.156
189.1000	-0.892729	356.686
189.0000	-0.90213	357.223
188.9000	-0.892399	357.777
188.8000	-0.867127	358.346
188.7000	-0.825954	358.93
188.6000	-0.810064	359.529
188.5000	-0.754313	360.148
188.4000	-0.652886	360.779
188.3000	-0.595958	361.429
188.2000	-0.530532	362.094
188.1000	-0.431785	362.773
188.0000	-0.361058	363.472
187.9000	-0.29911	364.191
187.8000	-0.246541	364.935
187.7000	-0.332201	365.7
187.6000	-0.255029	366.497
187.5000	-0.241892	367.322
187.4000	-0.270239	368.181
187.3000	-0.334474	369.071
187.2000	-0.341856	369.999
187.1000	-0.328913	370.963
187.0000	-0.314178	371.974
186.9000	-0.344896	373.025
186.8000	-0.285263	374.113
186.7000	-0.335048	375.242
186.6000	-0.377069	376.409
186.5000	-0.4587	377.613
186.4000	-0.467909	378.85
186.3000	-0.518218	380.121
186.2000	-0.561196	381.429
186.1000	-0.489052	382.784
186.0000	-0.376321	384.189
185.9000	-0.362204	385.652
185.8000	-0.345748	387.172
185.7000	-0.282725	388.768
185.6000	-0.224426	390.434
185.5000	-0.196386	392.183
185.4000	-0.187661	394.009
185.3000	-0.222501	395.918
185.2000	-0.187013	397.92
185.1000	-0.170286	400.024
185.0000	-0.173839	402.206
