TITLE	05_251002H_0days
DATA TYPE	
ORIGIN	JASCO
OWNER	
DATE	25/10/02
TIME	17:28:09
SPECTROMETER/DATA SYSTEM	JASCO Corp., J-715, Rev. 1.00
RESOLUTION	
DELTAX	-0.1
XUNITS	NANOMETERS
YUNITS	CD[mdeg]
Y2UNITS	HT[V]
FIRSTX	260.0000
LASTX	185.0000
NPOINTS	751
FIRSTY	0.18751
MAXY	0.67488
MINY	-1.87226
XYDATA
260.0000	0.187512	254.979
259.9000	0.203576	254.992
259.8000	0.217214	255.016
259.7000	0.210132	255.05
259.6000	0.203023	255.092
259.5000	0.180096	255.15
259.4000	0.181442	255.218
259.3000	0.165782	255.293
259.2000	0.141319	255.366
259.1000	0.113342	255.442
259.0000	0.11441	255.515
258.9000	0.0974484	255.588
258.8000	0.0816996	255.661
258.7000	0.0795814	255.728
258.6000	0.0779366	255.799
258.5000	0.0911772	255.871
258.4000	0.116887	255.938
258.3000	0.137812	256.005
258.2000	0.17256	256.081
258.1000	0.173439	256.16
258.0000	0.153954	256.231
257.9000	0.159129	256.305
257.8000	0.153439	256.379
257.7000	0.120373	256.447
257.6000	0.108382	256.517
257.5000	0.10616	256.59
257.4000	0.112518	256.655
257.3000	0.133392	256.722
257.2000	0.129138	256.79
257.1000	0.112939	256.861
257.0000	0.132648	256.931
256.9000	0.135732	257
256.8000	0.123164	257.068
256.7000	0.10826	257.14
256.6000	0.0746101	257.208
256.5000	0.0769292	257.275
256.4000	0.0751086	257.344
256.3000	0.0958348	257.411
256.2000	0.0976843	257.481
256.1000	0.115517	257.553
256.0000	0.128796	257.625
255.9000	0.149962	257.694
255.8000	0.15729	257.766
255.7000	0.149161	257.841
255.6000	0.109398	257.909
255.5000	0.0874974	257.974
255.4000	0.0714347	258.044
255.3000	0.0730907	258.113
255.2000	0.0751642	258.18
255.1000	0.0599702	258.252
255.0000	0.0721405	258.324
254.9000	0.100355	258.392
254.8000	0.126455	258.461
254.7000	0.1395	258.532
254.6000	0.133427	258.599
254.5000	0.130269	258.66
254.4000	0.130698	258.725
254.3000	0.129162	258.794
254.2000	0.132845	258.865
254.1000	0.120068	258.934
254.0000	0.0892026	259.005
253.9000	0.0894904	259.076
253.8000	0.095653	259.149
253.7000	0.113846	259.224
253.6000	0.0916262	259.3
253.5000	0.0899762	259.373
253.4000	0.0839112	259.446
253.3000	0.0865956	259.522
253.2000	0.0805338	259.596
253.1000	0.0661982	259.671
253.0000	0.0841379	259.744
252.9000	0.0811408	259.818
252.8000	0.0748654	259.888
252.7000	0.0742118	259.963
252.6000	0.0817396	260.041
252.5000	0.0869855	260.118
252.4000	0.09988	260.194
252.3000	0.105573	260.272
252.2000	0.117498	260.35
252.1000	0.108078	260.427
252.0000	0.118131	260.503
251.9000	0.119138	260.58
251.8000	0.119142	260.657
251.7000	0.0912296	260.731
251.6000	0.058462	260.804
251.5000	0.0251231	260.874
251.4000	0.0329196	260.946
251.3000	0.0385786	261.02
251.2000	0.079527	261.094
251.1000	0.0997749	261.173
251.0000	0.100972	261.25
250.9000	0.112266	261.327
250.8000	0.1132	261.409
250.7000	0.126113	261.49
250.6000	0.100049	261.563
250.5000	0.0311089	261.634
250.4000	0.0234733	261.703
250.3000	0.0166709	261.771
250.2000	0.0210539	261.841
250.1000	0.0176604	261.914
250.0000	0.0193511	261.983
249.9000	0.0663362	262.054
249.8000	0.0814291	262.129
249.7000	0.0722488	262.206
249.6000	0.0908804	262.282
249.5000	0.0829799	262.35
249.4000	0.0809369	262.42
249.3000	0.0663777	262.493
249.2000	0.0519015	262.565
249.1000	0.0602682	262.636
249.0000	0.0585052	262.708
248.9000	0.0734309	262.781
248.8000	0.0751282	262.861
248.7000	0.0725615	262.936
248.6000	0.074897	263.014
248.5000	0.0743851	263.092
248.4000	0.093549	263.165
248.3000	0.0791257	263.235
248.2000	0.0704587	263.313
248.1000	0.0791895	263.379
248.0000	0.101534	263.451
247.9000	0.103894	263.518
247.8000	0.0683688	263.584
247.7000	0.0197125	263.655
247.6000	0.0196787	263.73
247.5000	0.0173782	263.798
247.4000	0.0067619	263.87
247.3000	-0.00675966	263.947
247.2000	-0.00707582	264.022
247.1000	0.0244329	264.099
247.0000	0.0274343	264.178
246.9000	0.0304103	264.257
246.8000	0.0410477	264.337
246.7000	0.0477418	264.413
246.6000	0.0435499	264.492
246.5000	0.0452583	264.573
246.4000	0.0370587	264.652
246.3000	0.0376053	264.73
246.2000	0.0367654	264.809
246.1000	0.0208676	264.886
246.0000	0.0179904	264.966
245.9000	0.0208567	265.045
245.8000	0.00598356	265.123
245.7000	0.0280728	265.202
245.6000	0.0357596	265.28
245.5000	0.0351176	265.361
245.4000	0.0329487	265.443
245.3000	0.0359741	265.521
245.2000	0.0288675	265.6
245.1000	0.0168269	265.678
245.0000	-0.021152	265.759
244.9000	-0.04418	265.835
244.8000	-0.0561225	265.913
244.7000	-0.0552751	265.992
244.6000	-0.0706856	266.074
244.5000	-0.0911862	266.149
244.4000	-0.0747442	266.23
244.3000	-0.0426168	266.31
244.2000	-0.00954717	266.395
244.1000	0.0136077	266.473
244.0000	0.0129101	266.551
243.9000	0.0260194	266.631
243.8000	0.0541856	266.711
243.7000	0.0512627	266.79
243.6000	0.0629897	266.874
243.5000	0.0560813	266.953
243.4000	0.0370786	267.037
243.3000	0.0449931	267.128
243.2000	0.0447181	267.217
243.1000	0.0541883	267.303
243.0000	0.0797766	267.394
242.9000	0.0642568	267.482
242.8000	0.0647612	267.573
242.7000	0.0856802	267.663
242.6000	0.0955251	267.752
242.5000	0.101888	267.845
242.4000	0.0792935	267.943
242.3000	0.0539737	268.046
242.2000	0.0550285	268.145
242.1000	0.0548226	268.243
242.0000	0.049755	268.346
241.9000	0.0452382	268.452
241.8000	0.0369246	268.553
241.7000	0.0339759	268.65
241.6000	0.0260077	268.752
241.5000	0.0517368	268.858
241.4000	0.039387	268.961
241.3000	0.043035	269.059
241.2000	0.0167144	269.167
241.1000	-0.00346651	269.276
241.0000	0.0185328	269.383
240.9000	0.0135213	269.492
240.8000	-0.0112332	269.604
240.7000	-0.00335549	269.714
240.6000	-0.0221613	269.827
240.5000	0.00987947	269.939
240.4000	0.0313165	270.049
240.3000	0.00866031	270.16
240.2000	-0.00866875	270.272
240.1000	-0.0290694	270.387
240.0000	-0.0268911	270.508
239.9000	-0.0406968	270.627
239.8000	-0.0480863	270.755
239.7000	-0.0519884	270.881
239.6000	-0.0477356	271.009
239.5000	-0.000466903	271.136
239.4000	0.029968	271.268
239.3000	0.0360293	271.394
239.2000	0.0645032	271.522
239.1000	0.055628	271.652
239.0000	0.04406	271.787
238.9000	0.0485683	271.921
238.8000	0.0387457	272.055
238.7000	0.00274877	272.19
238.6000	-0.0438104	272.331
238.5000	-0.0524104	272.468
238.4000	-0.0644289	272.609
238.3000	-0.039457	272.744
238.2000	-0.0831636	272.877
238.1000	-0.0882971	273.017
238.0000	-0.0540684	273.159
237.9000	-0.0487862	273.293
237.8000	-0.0528559	273.43
237.7000	-0.0369395	273.569
237.6000	-0.0761271	273.71
237.5000	-0.0625506	273.852
237.4000	-0.0699297	273.994
237.3000	-0.100256	274.14
237.2000	-0.0901995	274.284
237.1000	-0.0827337	274.429
237.0000	-0.10482	274.578
236.9000	-0.116215	274.729
236.8000	-0.128902	274.872
236.7000	-0.139269	275.012
236.6000	-0.12775	275.163
236.5000	-0.126905	275.316
236.4000	-0.137693	275.461
236.3000	-0.108173	275.606
236.2000	-0.087325	275.754
236.1000	-0.0769893	275.904
236.0000	-0.0813683	276.049
235.9000	-0.0610838	276.195
235.8000	-0.0485842	276.342
235.7000	-0.0239241	276.489
235.6000	-0.0449533	276.633
235.5000	-0.0594303	276.78
235.4000	-0.0688282	276.926
235.3000	-0.0827196	277.069
235.2000	-0.126569	277.211
235.1000	-0.16278	277.361
235.0000	-0.177993	277.508
234.9000	-0.172425	277.652
234.8000	-0.151421	277.799
234.7000	-0.148906	277.945
234.6000	-0.13542	278.095
234.5000	-0.122662	278.243
234.4000	-0.129002	278.39
234.3000	-0.116315	278.533
234.2000	-0.107285	278.676
234.1000	-0.122972	278.825
234.0000	-0.118715	278.977
233.9000	-0.125808	279.12
233.8000	-0.110548	279.267
233.7000	-0.102124	279.416
233.6000	-0.124107	279.573
233.5000	-0.154489	279.728
233.4000	-0.147665	279.873
233.3000	-0.160692	280.022
233.2000	-0.134171	280.177
233.1000	-0.141489	280.33
233.0000	-0.151909	280.483
232.9000	-0.124091	280.634
232.8000	-0.0995179	280.791
232.7000	-0.0922643	280.955
232.6000	-0.108942	281.122
232.5000	-0.113877	281.288
232.4000	-0.131709	281.452
232.3000	-0.13938	281.615
232.2000	-0.149095	281.774
232.1000	-0.137524	281.93
232.0000	-0.16343	282.088
231.9000	-0.168514	282.24
231.8000	-0.176654	282.394
231.7000	-0.176305	282.547
231.6000	-0.149846	282.703
231.5000	-0.148261	282.867
231.4000	-0.15467	283.027
231.3000	-0.138823	283.181
231.2000	-0.117897	283.34
231.1000	-0.120306	283.49
231.0000	-0.155322	283.644
230.9000	-0.218375	283.796
230.8000	-0.260443	283.943
230.7000	-0.269984	284.089
230.6000	-0.266058	284.24
230.5000	-0.266428	284.389
230.4000	-0.282078	284.541
230.3000	-0.255884	284.695
230.2000	-0.253179	284.852
230.1000	-0.231208	285.007
230.0000	-0.232835	285.159
229.9000	-0.218947	285.317
229.8000	-0.251635	285.477
229.7000	-0.231154	285.632
229.6000	-0.22162	285.782
229.5000	-0.190754	285.94
229.4000	-0.213318	286.1
229.3000	-0.239418	286.26
229.2000	-0.256141	286.421
229.1000	-0.217216	286.585
229.0000	-0.252161	286.749
228.9000	-0.289812	286.912
228.8000	-0.31013	287.081
228.7000	-0.279936	287.251
228.6000	-0.265399	287.422
228.5000	-0.264734	287.588
228.4000	-0.291126	287.758
228.3000	-0.298885	287.929
228.2000	-0.298904	288.101
228.1000	-0.294915	288.272
228.0000	-0.336074	288.447
227.9000	-0.357261	288.615
227.8000	-0.380607	288.783
227.7000	-0.36261	288.951
227.6000	-0.371287	289.119
227.5000	-0.408426	289.281
227.4000	-0.404237	289.44
227.3000	-0.391279	289.597
227.2000	-0.374655	289.761
227.1000	-0.355491	289.918
227.0000	-0.40004	290.078
226.9000	-0.366506	290.235
226.8000	-0.361404	290.396
226.7000	-0.421694	290.555
226.6000	-0.43726	290.711
226.5000	-0.459233	290.868
226.4000	-0.486901	291.023
226.3000	-0.45603	291.182
226.2000	-0.489854	291.337
226.1000	-0.474496	291.491
226.0000	-0.433193	291.646
225.9000	-0.454746	291.797
225.8000	-0.457265	291.948
225.7000	-0.462351	292.099
225.6000	-0.491684	292.244
225.5000	-0.510972	292.392
225.4000	-0.537194	292.54
225.3000	-0.576014	292.688
225.2000	-0.597296	292.837
225.1000	-0.573798	292.989
225.0000	-0.564031	293.138
224.9000	-0.562878	293.29
224.8000	-0.521474	293.441
224.7000	-0.474074	293.593
224.6000	-0.414824	293.746
224.5000	-0.412304	293.902
224.4000	-0.38628	294.053
224.3000	-0.388481	294.206
224.2000	-0.389527	294.359
224.1000	-0.383755	294.516
224.0000	-0.42491	294.67
223.9000	-0.462299	294.823
223.8000	-0.450781	294.978
223.7000	-0.48042	295.139
223.6000	-0.473399	295.295
223.5000	-0.478319	295.45
223.4000	-0.5058	295.606
223.3000	-0.504902	295.764
223.2000	-0.48837	295.924
223.1000	-0.509564	296.081
223.0000	-0.565857	296.237
222.9000	-0.560018	296.402
222.8000	-0.543116	296.567
222.7000	-0.494963	296.728
222.6000	-0.465541	296.889
222.5000	-0.446123	297.054
222.4000	-0.415777	297.22
222.3000	-0.381256	297.385
222.2000	-0.380033	297.543
222.1000	-0.411767	297.704
222.0000	-0.412345	297.866
221.9000	-0.451834	298.03
221.8000	-0.489386	298.193
221.7000	-0.50531	298.359
221.6000	-0.497565	298.517
221.5000	-0.507167	298.68
221.4000	-0.513948	298.841
221.3000	-0.559238	298.998
221.2000	-0.528105	299.149
221.1000	-0.525746	299.299
221.0000	-0.508543	299.445
220.9000	-0.506297	299.591
220.8000	-0.496986	299.739
220.7000	-0.510716	299.887
220.6000	-0.509396	300.036
220.5000	-0.497713	300.186
220.4000	-0.47418	300.334
220.3000	-0.512488	300.486
220.2000	-0.560139	300.636
220.1000	-0.586156	300.782
220.0000	-0.565717	300.932
219.9000	-0.537115	301.082
219.8000	-0.515871	301.229
219.7000	-0.510227	301.377
219.6000	-0.473651	301.524
219.5000	-0.44109	301.671
219.4000	-0.414408	301.814
219.3000	-0.416499	301.955
219.2000	-0.475022	302.098
219.1000	-0.555852	302.243
219.0000	-0.579992	302.388
218.9000	-0.565478	302.53
218.8000	-0.548902	302.678
218.7000	-0.547379	302.829
218.6000	-0.514962	302.979
218.5000	-0.457277	303.127
218.4000	-0.427188	303.276
218.3000	-0.480337	303.429
218.2000	-0.518314	303.578
218.1000	-0.515308	303.727
218.0000	-0.535767	303.878
217.9000	-0.568384	304.025
217.8000	-0.578475	304.171
217.7000	-0.567415	304.317
217.6000	-0.557508	304.465
217.5000	-0.57731	304.619
217.4000	-0.627445	304.771
217.3000	-0.613962	304.925
217.2000	-0.593155	305.082
217.1000	-0.625295	305.239
217.0000	-0.644313	305.399
216.9000	-0.661195	305.559
216.8000	-0.646356	305.716
216.7000	-0.575756	305.873
216.6000	-0.575191	306.03
216.5000	-0.518929	306.188
216.4000	-0.489672	306.343
216.3000	-0.485421	306.501
216.2000	-0.460655	306.658
216.1000	-0.434197	306.814
216.0000	-0.48571	306.966
215.9000	-0.516545	307.12
215.8000	-0.545974	307.273
215.7000	-0.570057	307.42
215.6000	-0.550772	307.571
215.5000	-0.543079	307.721
215.4000	-0.54006	307.869
215.3000	-0.52468	308.01
215.2000	-0.527638	308.152
215.1000	-0.574481	308.3
215.0000	-0.54724	308.446
214.9000	-0.552015	308.579
214.8000	-0.578352	308.719
214.7000	-0.583305	308.861
214.6000	-0.603339	309.007
214.5000	-0.579988	309.148
214.4000	-0.545605	309.286
214.3000	-0.567152	309.427
214.2000	-0.574853	309.568
214.1000	-0.584646	309.705
214.0000	-0.571628	309.846
213.9000	-0.536502	309.988
213.8000	-0.540341	310.133
213.7000	-0.597312	310.277
213.6000	-0.598952	310.424
213.5000	-0.558239	310.574
213.4000	-0.57354	310.727
213.3000	-0.613903	310.882
213.2000	-0.662404	311.038
213.1000	-0.673121	311.195
213.0000	-0.6673	311.356
212.9000	-0.695313	311.519
212.8000	-0.730724	311.687
212.7000	-0.765869	311.855
212.6000	-0.802763	312.026
212.5000	-0.767094	312.202
212.4000	-0.769619	312.381
212.3000	-0.71002	312.561
212.2000	-0.689818	312.743
212.1000	-0.650812	312.925
212.0000	-0.620708	313.1
211.9000	-0.613018	313.276
211.8000	-0.653455	313.449
211.7000	-0.678845	313.624
211.6000	-0.711128	313.796
211.5000	-0.72825	313.971
211.4000	-0.737999	314.151
211.3000	-0.698967	314.326
211.2000	-0.705651	314.507
211.1000	-0.666156	314.687
211.0000	-0.667657	314.864
210.9000	-0.696624	315.038
210.8000	-0.73913	315.214
210.7000	-0.748656	315.38
210.6000	-0.781581	315.552
210.5000	-0.787228	315.721
210.4000	-0.811043	315.895
210.3000	-0.760089	316.065
210.2000	-0.727207	316.24
210.1000	-0.709715	316.42
210.0000	-0.734326	316.598
209.9000	-0.75972	316.768
209.8000	-0.746532	316.947
209.7000	-0.696964	317.127
209.6000	-0.72981	317.306
209.5000	-0.744647	317.488
209.4000	-0.737545	317.67
209.3000	-0.678766	317.853
209.2000	-0.674394	318.041
209.1000	-0.730673	318.229
209.0000	-0.81395	318.418
208.9000	-0.859807	318.609
208.8000	-0.847983	318.798
208.7000	-0.85239	318.988
208.6000	-0.862644	319.186
208.5000	-0.84928	319.383
208.4000	-0.87645	319.581
208.3000	-0.881087	319.781
208.2000	-0.857437	319.981
208.1000	-0.884227	320.186
208.0000	-0.879834	320.395
207.9000	-0.869055	320.601
207.8000	-0.84481	320.812
207.7000	-0.796648	321.026
207.6000	-0.754421	321.24
207.5000	-0.729528	321.456
207.4000	-0.730636	321.674
207.3000	-0.789448	321.888
207.2000	-0.802292	322.102
207.1000	-0.815636	322.321
207.0000	-0.861103	322.537
206.9000	-0.957837	322.755
206.8000	-1.00892	322.97
206.7000	-1.05607	323.189
206.6000	-1.07669	323.404
206.5000	-1.10052	323.621
206.4000	-1.11936	323.84
206.3000	-1.11301	324.06
206.2000	-1.0909	324.274
206.1000	-1.12559	324.495
206.0000	-1.10228	324.721
205.9000	-1.18875	324.946
205.8000	-1.25916	325.172
205.7000	-1.30198	325.396
205.6000	-1.35405	325.621
205.5000	-1.39745	325.84
205.4000	-1.41152	326.061
205.3000	-1.46444	326.281
205.2000	-1.43011	326.505
205.1000	-1.4085	326.727
205.0000	-1.38932	326.958
204.9000	-1.37813	327.189
204.8000	-1.3703	327.429
204.7000	-1.37861	327.671
204.6000	-1.38213	327.915
204.5000	-1.44695	328.159
204.4000	-1.46259	328.405
204.3000	-1.45302	328.654
204.2000	-1.47971	328.908
204.1000	-1.48246	329.157
204.0000	-1.5045	329.41
203.9000	-1.52552	329.666
203.8000	-1.47191	329.925
203.7000	-1.47602	330.185
203.6000	-1.49457	330.439
203.5000	-1.46946	330.695
203.4000	-1.42639	330.958
203.3000	-1.36813	331.218
203.2000	-1.33072	331.482
203.1000	-1.33399	331.748
203.0000	-1.33505	332.018
202.9000	-1.35212	332.293
202.8000	-1.39229	332.562
202.7000	-1.50515	332.841
202.6000	-1.5262	333.125
202.5000	-1.54252	333.406
202.4000	-1.62391	333.689
202.3000	-1.64741	333.977
202.2000	-1.62871	334.269
202.1000	-1.6022	334.558
202.0000	-1.54774	334.853
201.9000	-1.54591	335.149
201.8000	-1.50332	335.443
201.7000	-1.48762	335.747
201.6000	-1.49808	336.05
201.5000	-1.52522	336.358
201.4000	-1.54303	336.672
201.3000	-1.54526	336.985
201.2000	-1.56854	337.304
201.1000	-1.60229	337.625
201.0000	-1.63142	337.951
200.9000	-1.69478	338.28
200.8000	-1.70781	338.611
200.7000	-1.73311	338.938
200.6000	-1.73347	339.276
200.5000	-1.70957	339.62
200.4000	-1.66976	339.965
200.3000	-1.60146	340.31
200.2000	-1.55379	340.662
200.1000	-1.5966	341.014
200.0000	-1.60439	341.382
199.9000	-1.61855	341.745
199.8000	-1.65336	342.105
199.7000	-1.6926	342.475
199.6000	-1.72563	342.851
199.5000	-1.75236	343.227
199.4000	-1.70925	343.604
199.3000	-1.7333	343.979
199.2000	-1.75908	344.365
199.1000	-1.82261	344.752
199.0000	-1.74877	345.135
198.9000	-1.70885	345.517
198.8000	-1.73091	345.904
198.7000	-1.79696	346.299
198.6000	-1.7392	346.694
198.5000	-1.67634	347.088
198.4000	-1.61794	347.484
198.3000	-1.61412	347.882
198.2000	-1.54638	348.286
198.1000	-1.50759	348.694
198.0000	-1.44987	349.111
197.9000	-1.50355	349.532
197.8000	-1.5922	349.959
197.7000	-1.62032	350.39
197.6000	-1.73484	350.83
197.5000	-1.84048	351.276
197.4000	-1.78713	351.723
197.3000	-1.81927	352.176
197.2000	-1.87226	352.635
197.1000	-1.80857	353.09
197.0000	-1.84131	353.556
196.9000	-1.81406	354.029
196.8000	-1.77151	354.511
196.7000	-1.74573	354.99
196.6000	-1.756	355.472
196.5000	-1.68139	355.962
196.4000	-1.64698	356.457
196.3000	-1.62201	356.951
196.2000	-1.6134	357.451
196.1000	-1.57498	357.956
196.0000	-1.57879	358.464
195.9000	-1.52082	358.976
195.8000	-1.50998	359.493
195.7000	-1.46362	360.011
195.6000	-1.42896	360.528
195.5000	-1.44879	361.045
195.4000	-1.45338	361.566
195.3000	-1.5016	362.088
195.2000	-1.52182	362.623
195.1000	-1.4737	363.182
195.0000	-1.48935	363.757
194.9000	-1.45782	364.348
194.8000	-1.50311	364.958
194.7000	-1.42353	365.586
194.6000	-1.29653	366.226
194.5000	-1.23433	366.868
194.4000	-1.20183	367.513
194.3000	-1.10877	368.162
194.2000	-1.0648	368.818
194.1000	-0.954265	369.481
194.0000	-0.988207	370.151
193.9000	-1.03592	370.83
193.8000	-1.07355	371.519
193.7000	-1.12652	372.213
193.6000	-1.25764	372.921
193.5000	-1.23843	373.635
193.4000	-1.3066	374.356
193.3000	-1.36749	375.07
193.2000	-1.37486	375.794
193.1000	-1.39504	376.519
193.0000	-1.33047	377.256
192.9000	-1.3444	377.988
192.8000	-1.36977	378.726
192.7000	-1.40023	379.469
192.6000	-1.35115	380.223
192.5000	-1.33565	380.976
192.4000	-1.31448	381.733
192.3000	-1.35761	382.495
192.2000	-1.22501	383.266
192.1000	-1.17694	384.045
192.0000	-1.09316	384.838
191.9000	-1.10393	385.638
191.8000	-1.07667	386.442
191.7000	-0.987566	387.259
191.6000	-0.953947	388.09
191.5000	-1.01027	388.925
191.4000	-0.917754	389.761
191.3000	-0.913374	390.605
191.2000	-0.862276	391.457
191.1000	-0.854702	392.317
191.0000	-0.769753	393.187
190.9000	-0.735809	394.06
190.8000	-0.810606	394.949
190.7000	-0.900534	395.849
190.6000	-0.878695	396.751
190.5000	-0.87577	397.662
190.4000	-0.864613	398.592
190.3000	-0.989645	399.529
190.2000	-0.916014	400.48
190.1000	-0.825645	401.435
190.0000	-0.855857	402.404
189.9000	-0.766198	403.392
189.8000	-0.744959	404.406
189.7000	-0.728853	405.427
189.6000	-0.714072	406.466
189.5000	-0.640654	407.519
189.4000	-0.453531	408.593
189.3000	-0.38631	409.674
189.2000	-0.467365	410.774
189.1000	-0.509548	411.879
189.0000	-0.505349	413.007
188.9000	-0.608795	414.149
188.8000	-0.821925	415.317
188.7000	-0.910701	416.501
188.6000	-0.810958	417.719
188.5000	-0.770833	418.967
188.4000	-0.784268	420.243
188.3000	-0.768342	421.535
188.2000	-0.696766	422.861
188.1000	-0.598185	424.213
188.0000	-0.587507	425.594
187.9000	-0.655817	427.001
187.8000	-0.626066	428.438
187.7000	-0.554807	429.914
187.6000	-0.507688	431.426
187.5000	-0.375407	432.976
187.4000	-0.411145	434.58
187.3000	-0.350841	436.234
187.2000	-0.194217	437.933
187.1000	-0.02213	439.681
187.0000	-0.0344065	441.481
186.9000	-0.0101388	443.337
186.8000	-0.0724328	445.24
186.7000	0.050427	447.195
186.6000	0.0356684	449.211
186.5000	0.185309	451.288
186.4000	0.181522	453.421
186.3000	0.276106	455.615
186.2000	0.295198	457.871
186.1000	0.487874	460.19
186.0000	0.490721	462.575
185.9000	0.608315	465.034
185.8000	0.468531	467.574
185.7000	0.674884	470.192
185.6000	0.553855	472.911
185.5000	0.496633	475.727
185.4000	0.304621	478.649
185.3000	0.464886	481.678
185.2000	0.548271	484.827
185.1000	0.566237	488.089
185.0000	0.612275	491.495
