TITLE	07_251002C_1days
DATA TYPE	
ORIGIN	JASCO
OWNER	
DATE	25/10/03
TIME	17:28:38
SPECTROMETER/DATA SYSTEM	JASCO Corp., J-715, Rev. 1.00
RESOLUTION	
DELTAX	-0.1
XUNITS	NANOMETERS
YUNITS	CD[mdeg]
Y2UNITS	HT[V]
FIRSTX	260.0000
LASTX	185.0000
NPOINTS	751
FIRSTY	0.17879
MAXY	0.31356
MINY	-1.86407
XYDATA
260.0000	0.178791	254.908
259.9000	0.179064	254.925
259.8000	0.182615	254.945
259.7000	0.183782	254.977
259.6000	0.158473	255.017
259.5000	0.121818	255.072
259.4000	0.0966343	255.139
259.3000	0.078023	255.212
259.2000	0.0675477	255.281
259.1000	0.0739599	255.36
259.0000	0.0942528	255.436
258.9000	0.10743	255.509
258.8000	0.11465	255.58
258.7000	0.121506	255.651
258.6000	0.1139	255.721
258.5000	0.116852	255.794
258.4000	0.0923405	255.863
258.3000	0.085743	255.93
258.2000	0.100809	256
258.1000	0.089103	256.071
258.0000	0.0873456	256.145
257.9000	0.097136	256.213
257.8000	0.108594	256.283
257.7000	0.0994727	256.352
257.6000	0.0859787	256.423
257.5000	0.062306	256.494
257.4000	0.0824504	256.57
257.3000	0.100304	256.638
257.2000	0.126125	256.705
257.1000	0.114051	256.776
257.0000	0.116921	256.846
256.9000	0.121403	256.916
256.8000	0.122548	256.986
256.7000	0.126675	257.05
256.6000	0.103143	257.119
256.5000	0.0784477	257.189
256.4000	0.0890598	257.255
256.3000	0.116675	257.322
256.2000	0.135481	257.391
256.1000	0.123508	257.459
256.0000	0.113162	257.531
255.9000	0.137213	257.6
255.8000	0.165752	257.667
255.7000	0.166774	257.74
255.6000	0.139248	257.806
255.5000	0.128442	257.866
255.4000	0.163965	257.938
255.3000	0.160371	258.003
255.2000	0.146726	258.07
255.1000	0.113384	258.144
255.0000	0.10502	258.212
254.9000	0.109227	258.283
254.8000	0.104261	258.355
254.7000	0.0856121	258.418
254.6000	0.0793912	258.485
254.5000	0.0656197	258.553
254.4000	0.0595286	258.62
254.3000	0.049487	258.69
254.2000	0.050544	258.758
254.1000	0.0414724	258.827
254.0000	0.0217366	258.902
253.9000	0.0401244	258.974
253.8000	0.0412449	259.044
253.7000	0.0572858	259.118
253.6000	0.0473407	259.189
253.5000	0.0410599	259.255
253.4000	0.0739185	259.329
253.3000	0.0941751	259.403
253.2000	0.0967853	259.473
253.1000	0.109804	259.549
253.0000	0.110059	259.624
252.9000	0.124935	259.694
252.8000	0.113818	259.771
252.7000	0.0892036	259.846
252.6000	0.113867	259.917
252.5000	0.0704182	259.991
252.4000	0.0756212	260.066
252.3000	0.0623902	260.141
252.2000	0.0504392	260.22
252.1000	0.0490062	260.301
252.0000	0.0401867	260.383
251.9000	0.0249043	260.468
251.8000	0.0342667	260.545
251.7000	0.0174572	260.619
251.6000	0.0288248	260.696
251.5000	0.0552505	260.769
251.4000	0.0585489	260.84
251.3000	0.0872456	260.915
251.2000	0.0809975	260.985
251.1000	0.0906929	261.062
251.0000	0.106069	261.143
250.9000	0.121741	261.22
250.8000	0.101537	261.298
250.7000	0.0945528	261.379
250.6000	0.0701189	261.455
250.5000	0.0652033	261.527
250.4000	0.100774	261.599
250.3000	0.0881419	261.668
250.2000	0.0533618	261.739
250.1000	0.0578158	261.815
250.0000	0.0564165	261.888
249.9000	0.0676952	261.957
249.8000	0.0635867	262.031
249.7000	0.023706	262.106
249.6000	0.0320174	262.182
249.5000	0.0579784	262.248
249.4000	0.0694769	262.318
249.3000	0.0983879	262.39
249.2000	0.0897681	262.463
249.1000	0.110584	262.531
249.0000	0.0756947	262.601
248.9000	0.0389824	262.668
248.8000	0.0228872	262.741
248.7000	0.0127206	262.812
248.6000	0.00133539	262.883
248.5000	0.00107437	262.957
248.4000	0.00200669	263.031
248.3000	0.0609634	263.107
248.2000	0.0844727	263.185
248.1000	0.0680616	263.259
248.0000	0.0667199	263.334
247.9000	0.0268089	263.405
247.8000	0.00876759	263.474
247.7000	0.00868564	263.552
247.6000	0.0162592	263.626
247.5000	0.0515722	263.697
247.4000	0.086394	263.772
247.3000	0.12504	263.846
247.2000	0.138374	263.915
247.1000	0.14669	263.994
247.0000	0.145664	264.07
246.9000	0.128046	264.144
246.8000	0.113229	264.226
246.7000	0.0885514	264.306
246.6000	0.0774913	264.387
246.5000	0.0976543	264.471
246.4000	0.117441	264.548
246.3000	0.109383	264.624
246.2000	0.115785	264.702
246.1000	0.102051	264.776
246.0000	0.0879891	264.85
245.9000	0.0663646	264.929
245.8000	0.0566609	265.008
245.7000	0.0174073	265.085
245.6000	-0.0025183	265.167
245.5000	-0.0269194	265.245
245.4000	-0.044436	265.327
245.3000	-0.0260231	265.408
245.2000	-0.00612612	265.483
245.1000	-0.00302543	265.559
245.0000	0.0338363	265.642
244.9000	0.0741584	265.723
244.8000	0.108065	265.799
244.7000	0.13118	265.878
244.6000	0.0823078	265.962
244.5000	0.0662349	266.039
244.4000	0.0691809	266.121
244.3000	0.0340171	266.198
244.2000	0.00640353	266.276
244.1000	-0.0141643	266.354
244.0000	0.00951762	266.435
243.9000	0.045114	266.509
243.8000	0.0258143	266.586
243.7000	0.00617951	266.672
243.6000	0.0199772	266.751
243.5000	0.0138027	266.832
243.4000	-0.0116388	266.911
243.3000	-0.0242598	266.997
243.2000	-0.0240674	267.087
243.1000	-0.0100019	267.176
243.0000	-0.0050048	267.265
242.9000	0.00338902	267.354
242.8000	0.0184412	267.444
242.7000	0.0448438	267.539
242.6000	0.0371705	267.629
242.5000	0.0293079	267.722
242.4000	0.0446714	267.817
242.3000	0.0555905	267.916
242.2000	0.0436197	268.017
242.1000	0.0249249	268.117
242.0000	0.0143362	268.218
241.9000	0.000889848	268.32
241.8000	-0.00198061	268.42
241.7000	-0.0234127	268.522
241.6000	-0.0234587	268.62
241.5000	-0.0184794	268.725
241.4000	-0.0190814	268.832
241.3000	-0.0100498	268.939
241.2000	0.00528569	269.048
241.1000	0.0231631	269.158
241.0000	0.0394943	269.262
240.9000	0.0338703	269.372
240.8000	0.034981	269.478
240.7000	0.019444	269.583
240.6000	-0.0135469	269.694
240.5000	0.00258634	269.809
240.4000	-0.0160029	269.915
240.3000	-0.0443652	270.031
240.2000	-0.056717	270.151
240.1000	-0.0601205	270.26
240.0000	-0.0247476	270.377
239.9000	-0.00330533	270.498
239.8000	-0.0253248	270.615
239.7000	-0.0386514	270.735
239.6000	-0.0132461	270.864
239.5000	0.00515729	270.991
239.4000	0.0178836	271.125
239.3000	0.00722185	271.26
239.2000	0.0141362	271.39
239.1000	0.0468922	271.517
239.0000	0.0406471	271.658
238.9000	0.0488939	271.79
238.8000	0.0485043	271.916
238.7000	0.00206704	272.05
238.6000	-0.0195978	272.187
238.5000	-0.0579479	272.313
238.4000	-0.0711801	272.457
238.3000	-0.0463389	272.595
238.2000	-0.0579156	272.731
238.1000	-0.03848	272.874
238.0000	0.00553876	273.017
237.9000	0.0252418	273.153
237.8000	0.0600984	273.298
237.7000	0.0634034	273.441
237.6000	0.061176	273.578
237.5000	0.0316511	273.714
237.4000	0.0142333	273.857
237.3000	0.0116217	273.994
237.2000	0.0102259	274.137
237.1000	-0.0130728	274.283
237.0000	-0.0316136	274.426
236.9000	-0.0155802	274.569
236.8000	-0.0138238	274.718
236.7000	-0.0187578	274.864
236.6000	-0.0430807	275.014
236.5000	-0.0708607	275.162
236.4000	-0.0859981	275.308
236.3000	-0.111329	275.452
236.2000	-0.115924	275.599
236.1000	-0.0846177	275.75
236.0000	-0.106875	275.896
235.9000	-0.0909656	276.044
235.8000	-0.0756132	276.193
235.7000	-0.0632539	276.338
235.6000	-0.048322	276.486
235.5000	-0.0837897	276.634
235.4000	-0.0950463	276.779
235.3000	-0.06377	276.924
235.2000	-0.0934653	277.066
235.1000	-0.111991	277.211
235.0000	-0.130401	277.359
234.9000	-0.157698	277.505
234.8000	-0.1394	277.65
234.7000	-0.135917	277.795
234.6000	-0.124844	277.94
234.5000	-0.132916	278.085
234.4000	-0.158181	278.231
234.3000	-0.129841	278.373
234.2000	-0.127885	278.516
234.1000	-0.139753	278.664
234.0000	-0.176751	278.808
233.9000	-0.201595	278.953
233.8000	-0.171784	279.103
233.7000	-0.136995	279.248
233.6000	-0.162636	279.397
233.5000	-0.149894	279.552
233.4000	-0.169571	279.696
233.3000	-0.155981	279.846
233.2000	-0.156571	280
233.1000	-0.194288	280.151
233.0000	-0.197541	280.306
232.9000	-0.189312	280.458
232.8000	-0.205057	280.614
232.7000	-0.217211	280.772
232.6000	-0.212795	280.932
232.5000	-0.208852	281.094
232.4000	-0.202547	281.252
232.3000	-0.21099	281.415
232.2000	-0.207591	281.58
232.1000	-0.175295	281.736
232.0000	-0.136948	281.897
231.9000	-0.108929	282.06
231.8000	-0.101669	282.214
231.7000	-0.125396	282.367
231.6000	-0.122787	282.521
231.5000	-0.160415	282.675
231.4000	-0.170927	282.829
231.3000	-0.209575	282.981
231.2000	-0.259668	283.134
231.1000	-0.280091	283.284
231.0000	-0.267149	283.437
230.9000	-0.286405	283.593
230.8000	-0.249945	283.744
230.7000	-0.239954	283.893
230.6000	-0.231897	284.045
230.5000	-0.226979	284.196
230.4000	-0.237758	284.344
230.3000	-0.252559	284.494
230.2000	-0.263117	284.643
230.1000	-0.293415	284.789
230.0000	-0.330045	284.941
229.9000	-0.34183	285.097
229.8000	-0.347377	285.25
229.7000	-0.334108	285.41
229.6000	-0.3292	285.568
229.5000	-0.318786	285.727
229.4000	-0.314207	285.887
229.3000	-0.302857	286.051
229.2000	-0.288865	286.214
229.1000	-0.290092	286.375
229.0000	-0.321623	286.537
228.9000	-0.325183	286.704
228.8000	-0.317035	286.868
228.7000	-0.318333	287.039
228.6000	-0.331632	287.207
228.5000	-0.331614	287.37
228.4000	-0.361609	287.542
228.3000	-0.346179	287.714
228.2000	-0.353623	287.883
228.1000	-0.380525	288.05
228.0000	-0.402894	288.226
227.9000	-0.42737	288.399
227.8000	-0.42414	288.566
227.7000	-0.389227	288.734
227.6000	-0.397475	288.903
227.5000	-0.441167	289.061
227.4000	-0.438814	289.224
227.3000	-0.435703	289.382
227.2000	-0.435142	289.539
227.1000	-0.438373	289.694
227.0000	-0.473086	289.853
226.9000	-0.489174	290.002
226.8000	-0.419378	290.154
226.7000	-0.433623	290.314
226.6000	-0.415362	290.466
226.5000	-0.392664	290.615
226.4000	-0.397389	290.775
226.3000	-0.36926	290.932
226.2000	-0.358189	291.088
226.1000	-0.407977	291.249
226.0000	-0.37759	291.404
225.9000	-0.375583	291.554
225.8000	-0.416569	291.706
225.7000	-0.431987	291.859
225.6000	-0.447429	292.002
225.5000	-0.461239	292.147
225.4000	-0.467667	292.298
225.3000	-0.502781	292.444
225.2000	-0.496219	292.586
225.1000	-0.465543	292.735
225.0000	-0.455719	292.885
224.9000	-0.438517	293.034
224.8000	-0.450269	293.191
224.7000	-0.425493	293.346
224.6000	-0.452411	293.499
224.5000	-0.498623	293.654
224.4000	-0.522964	293.81
224.3000	-0.527514	293.958
224.2000	-0.512297	294.105
224.1000	-0.535149	294.259
224.0000	-0.542082	294.41
223.9000	-0.510642	294.556
223.8000	-0.449781	294.713
223.7000	-0.438909	294.868
223.6000	-0.460126	295.02
223.5000	-0.457526	295.181
223.4000	-0.450976	295.339
223.3000	-0.445888	295.49
223.2000	-0.481847	295.649
223.1000	-0.541124	295.812
223.0000	-0.520889	295.972
222.9000	-0.515862	296.131
222.8000	-0.502499	296.297
222.7000	-0.512872	296.454
222.6000	-0.510802	296.616
222.5000	-0.512746	296.781
222.4000	-0.528104	296.942
222.3000	-0.55283	297.101
222.2000	-0.563388	297.267
222.1000	-0.553209	297.43
222.0000	-0.528095	297.588
221.9000	-0.587858	297.75
221.8000	-0.594049	297.915
221.7000	-0.545413	298.078
221.6000	-0.545923	298.239
221.5000	-0.572888	298.395
221.4000	-0.594622	298.548
221.3000	-0.563275	298.706
221.2000	-0.528486	298.861
221.1000	-0.518892	299.01
221.0000	-0.510989	299.163
220.9000	-0.493309	299.314
220.8000	-0.446144	299.461
220.7000	-0.48996	299.614
220.6000	-0.522062	299.767
220.5000	-0.48981	299.914
220.4000	-0.504943	300.057
220.3000	-0.512684	300.203
220.2000	-0.52769	300.353
220.1000	-0.553404	300.5
220.0000	-0.549005	300.644
219.9000	-0.536773	300.79
219.8000	-0.59147	300.936
219.7000	-0.57255	301.081
219.6000	-0.587812	301.228
219.5000	-0.606237	301.372
219.4000	-0.606313	301.515
219.3000	-0.587579	301.659
219.2000	-0.579533	301.804
219.1000	-0.566506	301.944
219.0000	-0.591309	302.087
218.9000	-0.591215	302.23
218.8000	-0.594082	302.367
218.7000	-0.582675	302.509
218.6000	-0.577309	302.659
218.5000	-0.540695	302.806
218.4000	-0.465667	302.956
218.3000	-0.42313	303.11
218.2000	-0.421754	303.259
218.1000	-0.425874	303.41
218.0000	-0.402217	303.563
217.9000	-0.403108	303.715
217.8000	-0.438822	303.858
217.7000	-0.479154	304.008
217.6000	-0.54373	304.165
217.5000	-0.56766	304.315
217.4000	-0.521327	304.466
217.3000	-0.545313	304.621
217.2000	-0.52118	304.773
217.1000	-0.533138	304.927
217.0000	-0.617355	305.085
216.9000	-0.573881	305.235
216.8000	-0.56391	305.39
216.7000	-0.611941	305.552
216.6000	-0.627384	305.71
216.5000	-0.677196	305.862
216.4000	-0.671272	306.023
216.3000	-0.645695	306.182
216.2000	-0.64806	306.334
216.1000	-0.64821	306.488
216.0000	-0.625776	306.639
215.9000	-0.601695	306.788
215.8000	-0.535254	306.942
215.7000	-0.501409	307.094
215.6000	-0.4706	307.239
215.5000	-0.467638	307.391
215.4000	-0.461925	307.543
215.3000	-0.507879	307.688
215.2000	-0.546165	307.828
215.1000	-0.5709	307.972
215.0000	-0.617204	308.111
214.9000	-0.655005	308.243
214.8000	-0.658259	308.386
214.7000	-0.626703	308.526
214.6000	-0.619612	308.664
214.5000	-0.642854	308.809
214.4000	-0.62899	308.958
214.3000	-0.584805	309.099
214.2000	-0.598027	309.243
214.1000	-0.643124	309.383
214.0000	-0.642779	309.523
213.9000	-0.641861	309.663
213.8000	-0.675938	309.811
213.7000	-0.70556	309.945
213.6000	-0.700487	310.083
213.5000	-0.703791	310.23
213.4000	-0.721677	310.38
213.3000	-0.725491	310.524
213.2000	-0.680286	310.68
213.1000	-0.614886	310.836
213.0000	-0.601379	310.99
212.9000	-0.647139	311.157
212.8000	-0.626953	311.322
212.7000	-0.616642	311.484
212.6000	-0.643775	311.652
212.5000	-0.660794	311.821
212.4000	-0.672937	311.994
212.3000	-0.695198	312.172
212.2000	-0.638368	312.352
212.1000	-0.60772	312.536
212.0000	-0.614185	312.718
211.9000	-0.613251	312.902
211.8000	-0.638422	313.084
211.7000	-0.643413	313.261
211.6000	-0.659084	313.436
211.5000	-0.714268	313.613
211.4000	-0.785168	313.785
211.3000	-0.787377	313.956
211.2000	-0.786328	314.133
211.1000	-0.74338	314.306
211.0000	-0.769976	314.479
210.9000	-0.735579	314.651
210.8000	-0.713089	314.825
210.7000	-0.664926	314.987
210.6000	-0.690383	315.156
210.5000	-0.732946	315.328
210.4000	-0.774657	315.497
210.3000	-0.77174	315.665
210.2000	-0.784003	315.845
210.1000	-0.797422	316.022
210.0000	-0.824009	316.198
209.9000	-0.811514	316.377
209.8000	-0.808065	316.558
209.7000	-0.837973	316.738
209.6000	-0.87326	316.91
209.5000	-0.91181	317.084
209.4000	-0.960829	317.255
209.3000	-1.00132	317.434
209.2000	-0.969891	317.618
209.1000	-0.969393	317.797
209.0000	-0.931104	317.982
208.9000	-0.904026	318.179
208.8000	-0.888638	318.379
208.7000	-0.876022	318.577
208.6000	-0.865682	318.773
208.5000	-0.904942	318.973
208.4000	-0.930968	319.171
208.3000	-0.932175	319.367
208.2000	-0.933006	319.571
208.1000	-0.931977	319.776
208.0000	-0.95012	319.984
207.9000	-0.978673	320.193
207.8000	-0.966762	320.403
207.7000	-1.00995	320.617
207.6000	-1.10749	320.829
207.5000	-1.17169	321.038
207.4000	-1.19232	321.249
207.3000	-1.18202	321.462
207.2000	-1.1925	321.677
207.1000	-1.18253	321.892
207.0000	-1.09445	322.108
206.9000	-1.03328	322.326
206.8000	-1.02046	322.541
206.7000	-1.05809	322.758
206.6000	-1.05931	322.979
206.5000	-1.1164	323.196
206.4000	-1.19746	323.413
206.3000	-1.25765	323.632
206.2000	-1.23721	323.852
206.1000	-1.21266	324.075
206.0000	-1.1331	324.299
205.9000	-1.10734	324.516
205.8000	-1.06544	324.738
205.7000	-1.05956	324.957
205.6000	-1.0462	325.177
205.5000	-1.06689	325.399
205.4000	-1.1477	325.624
205.3000	-1.16987	325.845
205.2000	-1.15335	326.069
205.1000	-1.13291	326.3
205.0000	-1.11	326.53
204.9000	-1.15252	326.757
204.8000	-1.178	326.99
204.7000	-1.15245	327.225
204.6000	-1.17809	327.462
204.5000	-1.18567	327.703
204.4000	-1.20753	327.951
204.3000	-1.22559	328.197
204.2000	-1.16827	328.447
204.1000	-1.15835	328.7
204.0000	-1.16434	328.951
203.9000	-1.19396	329.206
203.8000	-1.21231	329.462
203.7000	-1.23789	329.716
203.6000	-1.24115	329.97
203.5000	-1.27914	330.229
203.4000	-1.31044	330.489
203.3000	-1.38429	330.742
203.2000	-1.39214	331.003
203.1000	-1.42649	331.272
203.0000	-1.38623	331.536
202.9000	-1.44595	331.806
202.8000	-1.4612	332.084
202.7000	-1.47044	332.357
202.6000	-1.47067	332.63
202.5000	-1.51596	332.912
202.4000	-1.48189	333.192
202.3000	-1.48114	333.471
202.2000	-1.50616	333.757
202.1000	-1.50332	334.048
202.0000	-1.45867	334.337
201.9000	-1.40818	334.634
201.8000	-1.38479	334.934
201.7000	-1.40108	335.231
201.6000	-1.38581	335.532
201.5000	-1.29917	335.84
201.4000	-1.28194	336.145
201.3000	-1.31199	336.454
201.2000	-1.34561	336.771
201.1000	-1.38256	337.089
201.0000	-1.40206	337.412
200.9000	-1.45444	337.735
200.8000	-1.49674	338.057
200.7000	-1.55111	338.387
200.6000	-1.64231	338.723
200.5000	-1.68709	339.055
200.4000	-1.69733	339.395
200.3000	-1.70053	339.74
200.2000	-1.70414	340.088
200.1000	-1.75418	340.441
200.0000	-1.71161	340.799
199.9000	-1.69112	341.159
199.8000	-1.6925	341.526
199.7000	-1.75785	341.894
199.6000	-1.82857	342.261
199.5000	-1.86124	342.632
199.4000	-1.86407	343.012
199.3000	-1.80222	343.393
199.2000	-1.70182	343.773
199.1000	-1.67319	344.15
199.0000	-1.61675	344.537
198.9000	-1.53508	344.915
198.8000	-1.50439	345.303
198.7000	-1.45548	345.685
198.6000	-1.50987	346.073
198.5000	-1.55322	346.468
198.4000	-1.59302	346.868
198.3000	-1.57388	347.268
198.2000	-1.58203	347.678
198.1000	-1.59741	348.09
198.0000	-1.5326	348.504
197.9000	-1.57124	348.919
197.8000	-1.60863	349.348
197.7000	-1.66212	349.772
197.6000	-1.65557	350.207
197.5000	-1.70678	350.648
197.4000	-1.72024	351.086
197.3000	-1.73254	351.532
197.2000	-1.66267	351.988
197.1000	-1.51614	352.447
197.0000	-1.39826	352.907
196.9000	-1.42823	353.374
196.8000	-1.3623	353.851
196.7000	-1.48049	354.329
196.6000	-1.52715	354.817
196.5000	-1.589	355.309
196.4000	-1.61633	355.804
196.3000	-1.65579	356.298
196.2000	-1.64407	356.801
196.1000	-1.54228	357.297
196.0000	-1.41037	357.796
195.9000	-1.33153	358.295
195.8000	-1.28254	358.797
195.7000	-1.2811	359.297
195.6000	-1.2651	359.806
195.5000	-1.2599	360.318
195.4000	-1.30148	360.841
195.3000	-1.36227	361.366
195.2000	-1.36962	361.908
195.1000	-1.38881	362.47
195.0000	-1.44745	363.044
194.9000	-1.44297	363.631
194.8000	-1.40569	364.24
194.7000	-1.42475	364.86
194.6000	-1.418	365.486
194.5000	-1.42691	366.11
194.4000	-1.38401	366.751
194.3000	-1.3433	367.396
194.2000	-1.29432	368.046
194.1000	-1.26749	368.707
194.0000	-1.23189	369.377
193.9000	-1.16134	370.054
193.8000	-1.13337	370.747
193.7000	-1.10584	371.441
193.6000	-1.14224	372.134
193.5000	-1.12165	372.837
193.4000	-1.09458	373.552
193.3000	-0.951765	374.27
193.2000	-0.912216	374.997
193.1000	-0.903076	375.722
193.0000	-0.879912	376.457
192.9000	-0.85522	377.196
192.8000	-0.875016	377.936
192.7000	-0.815696	378.68
192.6000	-0.951994	379.426
192.5000	-1.04041	380.178
192.4000	-0.937072	380.946
192.3000	-0.914912	381.709
192.2000	-0.873886	382.477
192.1000	-0.914595	383.258
192.0000	-1.03026	384.042
191.9000	-0.997487	384.832
191.8000	-0.982492	385.633
191.7000	-1.06983	386.439
191.6000	-1.16801	387.252
191.5000	-1.09741	388.079
191.4000	-1.01986	388.918
191.3000	-0.933221	389.754
191.2000	-0.916021	390.6
191.1000	-0.958087	391.458
191.0000	-1.0283	392.323
190.9000	-1.0412	393.204
190.8000	-1.06151	394.096
190.7000	-1.02184	394.992
190.6000	-0.963978	395.9
190.5000	-1.06789	396.815
190.4000	-1.01121	397.741
190.3000	-0.831842	398.675
190.2000	-0.771953	399.615
190.1000	-0.82254	400.571
190.0000	-0.808659	401.541
189.9000	-0.785835	402.523
189.8000	-0.612856	403.527
189.7000	-0.479774	404.55
189.6000	-0.489542	405.586
189.5000	-0.458612	406.629
189.4000	-0.353195	407.692
189.3000	-0.386883	408.769
189.2000	-0.410309	409.868
189.1000	-0.300185	410.98
189.0000	-0.345409	412.108
188.9000	-0.318732	413.251
188.8000	-0.306581	414.426
188.7000	-0.347475	415.615
188.6000	-0.371199	416.826
188.5000	-0.37876	418.066
188.4000	-0.555539	419.339
188.3000	-0.577061	420.626
188.2000	-0.566041	421.944
188.1000	-0.643156	423.287
188.0000	-0.667121	424.655
187.9000	-0.595085	426.05
187.8000	-0.529597	427.479
187.7000	-0.599846	428.936
187.6000	-0.559553	430.434
187.5000	-0.390123	431.98
187.4000	-0.239373	433.579
187.3000	-0.0721854	435.225
187.2000	-0.0183781	436.922
187.1000	-0.0434503	438.666
187.0000	0.0839112	440.461
186.9000	0.00928765	442.31
186.8000	-0.00267203	444.212
186.7000	-0.0382848	446.172
186.6000	-0.217488	448.186
186.5000	-0.0713713	450.26
186.4000	-0.0786608	452.393
186.3000	0.108719	454.581
186.2000	0.220217	456.823
186.1000	0.253331	459.126
186.0000	0.313561	461.492
185.9000	0.181132	463.929
185.8000	0.136207	466.445
185.7000	0.101521	469.045
185.6000	0.115291	471.734
185.5000	-0.00817827	474.522
185.4000	-0.148539	477.418
185.3000	-0.0234487	480.411
185.2000	0.138498	483.516
185.1000	0.0802582	486.737
185.0000	0.232882	490.095
