##TITLE= Parameter file, TopSpin 4.5.0
##JCAMPDX= 5.0
##DATATYPE= Parameter Values
##NPOINTS= 25	$$ modification sequence number
##ORIGIN= Bruker BioSpin GmbH & Co. KG
##OWNER= nmr
$$ 2026-04-24 09:54:59.473 +0200  andreascarlsson@ip28-220.eduroam-employee.wireless.lu.se
$$ /Users/andreascarlsson/Library/CloudStorage/OneDrive-LundUniversity/Doktorandutbildning/Chaperones/DNAJB6/Tau+JB6/NMR/250509tau15N_AND_JB6_ac001_ac002/250508_tau_15N_ac001/36/pdata/1/clevels
$$ process /opt/topspin4.5.0/prog/mod/dataserver
##$LEVELS= (0..255)
-6964197000000 -4974427000000 -3553162000000 -2537973000000 -1812838000000
-1294884000000 -924917200000 -660655200000 -471896500000 -337069000000
-240763500000 -171974000000 -122838500000 -87741810000 -62672720000 -44766230000
-31975880000 -22839910000 -16314220000 -11653020000 -8323583927.7 -5945417091.2
-4246726493.7 -3033376066.9 -2166697190.7 -1547640850.5 -1105457750.3 -789612678.8
-564009056.3 -402863611.6 -287759722.6 -205542659 205542659 287759722.6
402863611.6 564009056.3 789612678.8 1105457750.3 1547640850.5 2166697190.7
3033376066.9 4246726493.7 5945417091.2 8323583927.7 11653020000 16314220000
22839910000 31975880000 44766230000 62672720000 87741810000 122838500000
171974000000 240763500000 337069000000 471896500000 660655200000 924917200000
1294884000000 1812838000000 2537973000000 3553162000000 4974427000000 6964197000000
0 0 0 0 0 0 0 0 0 0 0 0 0 0 0 0 0 0 0 0 0 0 0 0 0 0 0 0 0 0 0 0 0 0 0 0
0 0 0 0 0 0 0 0 0 0 0 0 0 0 0 0 0 0 0 0 0 0 0 0 0 0 0 0 0 0 0 0 0 0 0 0
0 0 0 0 0 0 0 0 0 0 0 0 0 0 0 0 0 0 0 0 0 0 0 0 0 0 0 0 0 0 0 0 0 0 0 0
0 0 0 0 0 0 0 0 0 0 0 0 0 0 0 0 0 0 0 0 0 0 0 0 0 0 0 0 0 0 0 0 0 0 0 0
0 0 0 0 0 0 0 0 0 0 0 0 0 0 0 0 0 0 0 0 0 0 0 0 0 0 0 0 0 0 0 0 0 0 0 0
0 0 0 0 0 0 0 0 0 0 0 0
##$LEVSIGN= 3
##$MAXLEV= 40
##$METHOD= 0
##$NEGBASE= -205542659
##$NEGINCR= 1.4
##$POSBASE= 205542659
##$POSINCR= 1.4
##END=
