# 2025-05-15 17:12:23 +0200  andreascarlsson@ip90-234.eduroam-employee.wireless.lu.se
# DU=/Users/andreascarlsson/Library/CloudStorage/OneDrive-LundUniversity/Doktorandutbildning/Chaperones/DNAJB6/Tau+JB6/NMR/250509tau15N_AND_JB6_ac001_ac002, NAME=250508_tau_15N_ac001, EXPNO=36, PROCNO=1
# MI=0.1 (= 7.143346944000001E8)
#
# size(F2) = 2048
# size(F1) = 1024
# value = index(F1) * size(F2) + index(F2)
#
205405 205406 205407 205408 205409 203357 203358 203359 203360 203361 201310 201311 201312 201313 199262 199263 199264 199265 197214 197215 197216 197217 207453 207454 207455 207456 207457 209501 209502 209503 209504 209505 211550 211551 211552 211553 213598 213599 213600 213601 215646 215647 215648 215649 217694 217695 217696 217697 219743 219744 195166 195167 195168 195169 193119 193120 
305689 305690 305691 305692 305693 303641 303642 303643 303644 303645 301593 301594 301595 301596 301597 299545 299546 299547 299548 299549 297497 297498 297499 297500 297501 295450 295451 295452 307736 307737 307738 307739 307740 307741 309784 309785 309786 309787 309788 311833 311834 311835 311836 313881 313882 313883 313884 315929 315930 315931 315932 317977 317978 317979 320026 320027 293402 293403 293404 
313890 313891 313892 313893 313894 313895 311842 311843 311844 311845 311846 311847 309794 309795 309796 309797 309798 309799 307746 307747 307748 307749 307750 307751 305698 305699 305700 305701 305702 305703 303650 303651 303652 303653 303654 303655 301603 301604 301605 301606 299555 299556 299557 299558 297508 297509 315938 315939 315940 315941 315942 315943 317986 317987 317988 317989 317990 317991 320034 320035 320036 320037 320038 320039 322082 322083 322084 322085 322086 322087 324130 324131 324132 324133 324134 324135 326178 326179 326180 326181 326182 328227 328228 328229 328230 330275 330276 330277 332324 
338500 338501 338502 338503 338504 338505 338506 336453 336454 336455 336456 336457 336458 334405 334406 334407 334408 334409 334410 332357 332358 332359 332360 332361 332362 330309 330310 330311 330312 330313 330314 328262 328263 328264 328265 328266 340548 340549 340550 340551 340552 340553 342595 342596 342597 342598 342599 342600 342601 344642 344643 344644 344645 344646 344647 344648 344649 346690 346691 346692 346693 346694 346695 346696 346697 348738 348739 348740 348741 348742 348743 348744 350786 350787 350788 350789 350790 350791 350792 352833 352834 352835 352836 352837 352838 352839 352840 354881 354882 354883 354884 354885 354886 354887 356929 356930 356931 356932 356933 356934 356935 326214 326215 326216 326217 326218 324166 324167 324168 324169 324170 322118 322119 322120 322121 320070 320071 320072 320073 318022 318023 318024 318025 315975 315976 358977 358978 358979 358980 358981 358982 358983 361025 361026 361027 361028 361029 361030 361031 363073 363074 363075 363076 363077 363078 363079 365121 365122 365123 365124 365125 365126 365127 367169 367170 367171 367172 367173 367174 367175 369218 369219 369220 369221 369222 371266 371267 371268 371269 371270 373314 373315 373316 373317 373318 375362 375363 375364 375365 375366 377410 377411 377412 377413 379459 379460 379461 
340497 340498 340499 340500 340501 338449 338450 338451 338452 338453 336401 336402 336403 336404 336405 334353 334354 334355 334356 334357 332305 332306 332307 332308 332309 330257 330258 330259 330260 328210 328211 328212 342545 342546 342547 342548 342549 344593 344594 344595 344596 344597 346641 346642 346643 346644 346645 348689 348690 348691 348692 348693 350737 350738 350739 350740 350741 352786 352787 352788 354834 354835 354836 326162 326163 
373270 373271 373272 373273 373274 373275 373276 373277 371222 371223 371224 371225 371226 371227 371228 371229 369174 369175 369176 369177 369178 369179 369180 369181 367126 367127 367128 367129 367130 367131 367132 367133 365078 365079 365080 365081 365082 365083 365084 365085 363030 363031 363032 363033 363034 363035 363036 363037 360982 360983 360984 360985 360986 360987 360988 360989 375318 375319 375320 375321 375322 375323 375324 375325 377366 377367 377368 377369 377370 377371 377372 377373 379414 379415 379416 379417 379418 379419 379420 379421 381462 381463 381464 381465 381466 381467 381468 381469 383510 383511 383512 383513 383514 383515 383516 383517 385558 385559 385560 385561 385562 385563 385564 385565 387606 387607 387608 387609 387610 387611 387612 389654 389655 389656 389657 389658 389659 389660 358934 358935 358936 358937 358938 358939 358940 356886 356887 356888 356889 356890 356891 356892 354839 354840 354841 354842 354843 354844 352791 352792 352793 352794 352795 352796 350743 350744 350745 350746 350747 348696 348697 348698 348699 346649 346650 391703 391704 391705 391706 391707 391708 393751 393752 393753 393754 393755 395799 395800 395801 395802 395803 397847 397848 397849 397850 399896 399897 399898 401944 401945 
430625 430626 430627 430628 430629 430630 428577 428578 428579 428580 428581 428582 426529 426530 426531 426532 426533 426534 432673 432674 432675 432676 432677 432678 434721 434722 434723 434724 434725 434726 436769 436770 436771 436772 436773 436774 438818 438819 438820 438821 438822 440866 440867 440868 440869 442914 442915 442916 442917 444963 444964 424481 424482 424483 424484 424485 422433 422434 422435 422436 422437 420386 420387 420388 420389 418338 418339 418340 418341 416290 416291 416292 414243 414244 
444981 444982 444983 442933 442934 442935 440885 440886 440887 438837 438838 438839 436789 436790 434742 447029 447030 447031 449077 449078 449079 451126 451127 451128 453174 453175 453176 455222 455223 455224 455225 457270 457271 457272 457273 457274 457275 459318 459319 459320 459321 459322 459323 459324 461367 461368 461369 461370 461371 461372 463415 463416 463417 463418 463419 463420 465463 465464 465465 465466 465467 465468 465469 467511 467512 467513 467514 467515 467516 467517 469559 469560 469561 469562 469563 469564 469565 471607 471608 471609 471610 471611 471612 471613 473655 473656 473657 473658 473659 473660 473661 475703 475704 475705 475706 475707 475708 475709 477751 477752 477753 477754 477755 477756 477757 479799 479800 479801 479802 479803 479804 479805 481847 481848 481849 481850 481851 481852 481853 483895 483896 483897 483898 483899 483900 483901 485943 485944 485945 485946 485947 485948 485949 487991 487992 487993 487994 487995 487996 487997 490039 490040 490041 490042 490043 490044 490045 490046 492088 492089 492090 492091 492092 492093 492094 494136 494137 494138 494139 494140 494141 494142 494143 496184 496185 496186 496187 496188 496189 496190 496191 496192 498233 498234 498235 498236 498237 498238 498239 498240 500282 500283 500284 500285 500286 500287 500288 500289 502331 502332 502333 502334 502335 502336 502337 504379 504380 504381 504382 504383 504384 504385 506428 506429 506430 506431 506432 506433 508476 508477 508478 508479 508480 508481 510524 510525 510526 510527 510528 510529 510530 512572 512573 512574 512575 512576 512577 512578 514620 514621 514622 514623 514624 514625 514626 516668 516669 516670 516671 516672 516673 516674 518716 518717 518718 518719 518720 518721 518722 520764 520765 520766 520767 520768 520769 520770 522806 522807 522808 522809 522810 522811 522812 522813 522814 522815 522816 522817 522818 522819 524844 524845 524846 524847 524848 524849 524850 524851 524852 524853 524854 524855 524856 524857 524858 524859 524860 524861 524862 524863 524864 524865 524866 524867 526892 526893 526894 526895 526896 526897 526898 526899 526900 526901 526902 526903 526904 526905 526906 526907 526908 526909 526910 526911 526912 526913 526914 526915 528940 528941 528942 528943 528944 528945 528946 528947 528948 528949 528950 528951 528952 528953 528954 528955 528956 528957 528958 528959 528960 528961 528962 528963 530988 530989 530990 530991 530992 530993 530994 530995 530996 530997 530998 530999 531000 531001 531002 531003 531004 531005 531006 531007 531008 531009 531010 531011 533036 533037 533038 533039 533040 533041 533042 533043 533044 533045 533046 533047 533048 533049 533050 533051 533052 533053 533054 533055 533056 533057 533058 533059 535084 535085 535086 535087 535088 535089 535090 535091 535092 535093 535094 535095 535096 535097 535098 535099 535100 535101 535102 535103 535104 535105 535106 535107 537132 537133 537134 537135 537136 537137 537138 537139 537140 537141 537142 537143 537144 537145 537146 537147 537148 537149 537150 537151 537152 537153 537154 537155 539180 539181 539182 539183 539184 539185 539186 539187 539188 539189 539190 539191 539192 539193 539194 539195 539196 539197 539198 539199 539200 539201 539202 539203 541227 541228 541229 541230 541231 541232 541233 541234 541235 541236 541237 541238 541239 541240 541241 541242 541243 541244 541245 541246 541247 541248 541249 541250 541251 543275 543276 543277 543278 543279 543280 543281 543282 543283 543284 543285 543286 543287 543288 543289 543290 543291 543292 543293 543294 543295 543296 543297 543298 543299 545323 545324 545325 545326 545327 545328 545329 545330 545331 545332 545333 545334 545335 545336 545337 545338 545339 545340 545341 545342 545343 545344 545345 545346 545347 547371 547372 547373 547374 547375 547376 547377 547378 547379 547380 547381 547382 547383 547384 547385 547386 547387 547388 547389 547390 547391 547392 547393 547394 547395 549420 549421 549422 549423 549424 549425 549426 549427 549428 549429 549430 549431 549432 549433 549434 549435 549436 549437 549438 549439 549440 549441 549442 549443 551468 551469 551470 551471 551472 551473 551474 551475 551476 551477 551478 551479 551480 551481 551482 551483 551484 551485 551486 551487 551488 551489 551490 551491 520760 520761 520762 553516 553517 553518 553519 553520 553521 553522 553523 553524 553525 553526 553527 553528 553529 553530 553531 553532 553533 553534 553535 553536 553537 553538 553539 522796 522797 522798 522799 522800 522801 522802 522803 522804 520748 520749 520750 520751 520752 520753 520754 520755 518701 518702 518703 518704 518705 518706 518707 516653 516654 516655 516656 516657 516658 516659 514605 514606 514607 514608 514609 514610 512557 512558 512559 512560 512561 512562 510509 510510 510511 510512 510513 508461 508462 508463 508464 508465 506413 506414 555564 555565 555566 555567 555568 555569 555570 555571 555572 555573 555574 555575 555576 555577 555578 555579 555580 555581 555582 555583 555584 555585 555586 555587 557612 557613 557614 557615 557616 557617 557618 557620 557621 557622 557623 557624 557625 557626 557627 557628 557629 557630 557631 557632 557633 557634 557635 559661 559662 559663 559664 559665 559669 559670 559671 559672 559673 559674 559675 559676 559677 559678 559679 559680 559681 559682 559683 561709 561710 561711 561712 561713 561717 561718 561719 561720 561721 561722 561723 561724 561725 561726 561727 561728 561729 561730 561731 563758 563759 563766 563767 563768 563769 563770 563771 563772 563773 563774 563775 563776 563777 563778 563779 565814 565815 565816 565817 565818 565819 565820 565821 565822 565823 565824 565825 565826 565827 567863 567864 567865 567866 567867 567868 567869 567870 567871 567872 567873 567874 567875 569911 569912 569913 569914 569915 569916 569917 569918 569919 569920 569921 569922 571960 571961 571962 571963 571964 571965 571966 571967 571968 571969 571970 574008 574009 574010 574011 574012 574013 574014 574015 574016 574017 574018 576056 576057 576058 576059 576060 576061 576062 576063 576064 576065 576066 578105 578106 578107 578108 578109 578110 578111 578112 578113 580153 580154 580155 580156 580157 580158 580159 580160 580161 582201 582202 582203 582204 582205 582206 582207 582208 582209 584249 584250 584251 584252 584253 584254 584255 584256 586297 586298 586299 586300 586301 586302 586303 586304 588346 588347 588348 588349 588350 588351 588352 590394 590395 590396 590397 590398 590399 590400 592442 592443 592444 592445 592446 592447 594491 594492 594493 594494 594495 596539 596540 596541 596542 596543 598587 598588 598589 598590 600636 600637 600638 602684 602685 604732 
473639 473640 473641 473642 473643 473644 473645 473646 473647 471592 471593 471594 471595 471596 471597 471598 471599 469545 469546 469547 469548 469549 469550 467497 467498 467499 467500 467501 467502 465449 465450 465451 465452 465453 465454 463402 463403 463404 463405 463406 461354 461355 461356 461357 461358 459306 459307 459308 459309 475686 475687 475688 475689 475690 475691 475692 475693 475694 475695 477734 477735 477736 477737 477738 477739 477740 477741 477742 477743 477744 479782 479783 479784 479785 479786 479787 479788 479789 479790 479791 479792 481829 481830 481831 481832 481833 481834 481835 481836 481837 481838 481839 481840 481841 483877 483878 483879 483880 483881 483882 483883 483884 483885 483886 483887 483888 483889 485925 485926 485927 485928 485929 485930 485931 485932 485933 485934 485935 485936 485937 487973 487974 487975 487976 487977 487978 487979 487980 487981 487982 487983 487984 487985 457259 457260 457261 455211 455212 455213 453164 490021 490022 490023 490024 490025 490026 490027 490028 490029 490030 490031 490032 490033 492069 492070 492071 492072 492073 492074 492075 492076 492077 492078 492079 492080 494117 494118 494119 494120 494121 494122 494123 494124 494125 494126 494127 494128 496165 496166 496167 496168 496169 496170 496171 496173 496174 496175 496176 498213 498214 498215 498216 498217 498218 498223 500262 500263 500264 500265 502310 502311 502312 502313 504359 504360 
477725 477726 475677 475678 473629 473630 471581 471582 479773 479774 481821 481822 483869 483870 485917 
479820 479821 479822 479823 479824 479825 479826 477773 477774 477775 477776 477777 477778 475725 475726 475727 475728 475729 475730 473677 473678 473679 473680 473681 473682 471629 471630 471631 471632 471633 471634 469581 469582 469583 469584 469585 467533 467534 467535 467536 467537 465486 465487 465488 463439 481868 481869 481870 481871 481872 481873 481874 483916 483917 483918 483919 483920 483921 483922 485964 485965 485966 485967 485968 485969 485970 488013 488014 488015 488016 488017 488018 490061 490062 490063 490064 490065 490066 492109 492110 492111 492112 492113 494157 494158 494159 494160 494161 496205 496206 496207 496208 496209 498254 498255 498256 
512581 512582 512583 512584 512585 510533 510534 510535 510536 510537 508485 508486 508487 508488 508489 506437 506438 506439 506440 506441 504389 504390 504391 504392 504393 502341 502342 502343 502344 502345 500294 500295 500296 500297 498246 498247 498248 496199 514629 514630 514631 514632 514633 516677 516678 516679 516680 516681 518725 518726 518727 518728 518729 520773 520774 520775 520776 520777 522821 522822 522823 522824 522825 524869 524870 524871 524872 524873 526918 526919 526920 528966 528967 528968 531015 
631343 631344 631345 631346 631347 631348 629295 629296 629297 629298 629299 629300 627247 627248 627249 627250 627251 627252 625199 625200 625201 625202 625203 625204 623151 623152 623153 623154 623155 623156 633391 633392 633393 633394 633395 633396 635439 635440 635441 635442 635443 635444 637487 637488 637489 637490 637491 637492 639536 639537 639538 639539 639540 641584 641585 641586 641587 641588 643632 643633 643634 643635 643636 645680 645681 645682 645683 645684 647729 647730 647731 647732 649778 649779 621104 621105 621106 621107 621108 619056 619057 619058 619059 617008 617009 617010 617011 614961 614962 
643649 643650 643651 643652 643653 643654 643655 643656 643657 643658 643659 643660 641604 641605 641606 641607 641608 641609 641610 641611 641612 639556 639557 639558 639559 639560 639561 639562 639563 639564 637509 637510 637511 637512 637513 637514 637515 637516 635461 635462 635463 635464 635465 635466 635467 635468 633413 633414 633415 633416 633417 633418 633419 633420 631365 631366 631367 631368 631369 631370 631371 631372 629317 629318 629319 629320 629321 629322 629323 629324 627270 627271 627272 627273 627274 627275 627276 625222 625223 625224 625225 625226 625227 625228 623174 623175 623176 623177 623178 623179 623180 621126 621127 621128 621129 621130 621131 619078 619079 619080 619081 619082 619083 617030 617031 617032 617033 617034 614983 614984 614985 614986 612935 612936 612937 610888 645695 645696 645697 645698 645699 645700 645701 645702 645703 645704 645705 645706 645707 645708 647742 647743 647744 647745 647746 647747 647748 647749 647750 647751 647752 647753 647754 647755 647756 649790 649791 649792 649793 649794 649795 649796 649797 649798 649799 649800 649801 649802 649803 649804 651837 651838 651839 651840 651841 651842 651843 651844 651845 651846 651847 651848 651849 651850 651851 651852 653885 653886 653887 653888 653889 653890 653891 653892 653893 653894 653895 653896 653897 653898 653899 653900 655933 655934 655935 655936 655937 655938 655939 655940 655941 655942 655943 655944 655945 655946 655947 657981 657982 657983 657984 657985 657986 657987 657988 657989 657990 657991 657992 657993 657994 657995 660029 660030 660031 660032 660033 660034 660035 660036 660037 660038 660039 660040 660041 660042 660043 662077 662078 662079 662080 662081 662082 662083 662084 662085 662086 662087 662088 662089 662090 662091 664125 664126 664127 664128 664129 664130 664131 664132 664133 664134 664135 664136 664137 664138 664139 666173 666174 666175 666176 666177 666178 666179 666180 666181 666182 666183 666184 666185 666186 668221 668222 668223 668224 668225 668226 668227 668228 668229 668230 668231 668232 668233 668234 670269 670270 670271 670272 670273 670274 670275 670276 670277 670278 670279 670280 670281 670282 672317 672318 672319 672320 672321 672322 672323 672324 672325 672326 672327 672328 672329 672330 674365 674366 674367 674368 674369 674370 674371 674372 674373 674374 674375 674376 674377 674378 676413 676414 676415 676416 676417 676418 676419 676420 676421 676422 676423 676424 676425 676426 678461 678462 678463 678464 678465 678466 678467 678468 678469 678470 678471 678472 678473 678474 678475 680509 680510 680511 680512 680513 680514 680515 680516 680517 680518 680519 680520 680521 680522 680523 682557 682558 682559 682560 682561 682562 682563 682564 682565 682566 682567 682568 682569 682570 682571 684606 684607 684608 684609 684610 684611 684612 684614 684615 684616 684617 684618 684619 684620 686654 686655 686656 686657 686658 686659 686662 686663 686664 686665 686666 686667 686668 688702 688703 688704 688705 688706 688707 688710 688711 688712 688713 688714 688715 688716 690751 690752 690753 690754 690758 690759 690760 690761 690762 690763 690764 692800 692801 692806 692807 692808 692809 692810 692811 692812 692813 694854 694855 694856 694857 694858 694859 694860 694861 696902 696903 696904 696905 696906 696907 696908 696909 698950 698951 698952 698953 698954 698955 698956 698957 700997 700998 700999 701000 701001 701002 701003 701004 701005 703045 703046 703047 703048 703049 703050 703051 703052 703053 705092 705093 705094 705095 705096 705097 705098 705099 705100 705101 707139 707140 707141 707142 707143 707144 707145 707146 707147 707148 707149 709186 709187 709188 709189 709190 709191 709192 709193 709194 709195 709196 709197 711234 711235 711236 711237 711238 711239 711240 711241 711242 711243 711244 713282 713283 713284 713285 713286 713287 713288 713289 713290 713291 713292 715330 715331 715332 715333 715334 715335 715336 715337 715338 715339 715340 717378 717379 717380 717381 717382 717383 717384 717385 717386 717387 717388 719426 719427 719428 719429 719430 719431 719432 719433 719434 719435 721474 721475 721476 721477 721478 721479 721480 721481 721482 721483 723522 723523 723524 723525 723526 723527 723528 723529 725570 725571 725572 725573 725574 725575 725576 727618 727619 727620 727621 727622 727623 729666 729667 729668 729669 729670 729671 731714 731715 731716 731717 731718 731719 733762 733763 733764 733765 733766 735810 735811 735812 735813 735814 737859 737860 737861 737862 739907 739908 739909 739910 741955 741956 741957 744003 744004 744005 746052 746053 
653922 653923 653924 655970 655971 655972 658018 658019 658020 660066 660067 660068 662114 662115 662116 651874 651875 651876 649826 649827 649828 647778 647779 647780 645731 645732 
709169 709170 709171 709172 709173 709174 709175 707121 707122 707123 707124 707125 707126 707127 705073 705074 705075 705076 705077 705078 705079 703025 703026 703027 703028 703029 703030 703031 700977 700978 700979 700980 700981 700982 700983 698930 698931 698932 698933 698934 698935 696882 696883 696884 696885 696886 694834 694835 694836 694837 694838 692786 692787 692788 692789 692790 690739 690740 690741 688692 711217 711218 711219 711220 711221 711222 711223 713265 713266 713267 713268 713269 713270 713271 715313 715314 715315 715316 715317 715318 715319 717361 717362 717363 717364 717365 717366 719410 719411 719412 719413 719414 721458 721459 721460 721461 721462 723506 723507 723508 723509 723510 725555 725556 725557 727603 727604 727605 
752229 752230 752231 752232 752233 752234 752235 754277 754278 754279 754280 754281 754282 754283 756326 756327 756328 756329 756330 756331 758374 758375 758376 758377 758378 758379 760422 760423 760424 760425 760426 760427 762470 762471 762472 762473 762474 762475 764518 764519 764520 764521 764522 766567 766568 766569 766570 768615 768616 768617 770664 750181 750182 750183 750184 750185 750186 750187 748134 748135 748136 748137 748138 748139 746086 746087 746088 746089 746090 746091 744038 744039 744040 744041 744042 744043 741990 741991 741992 741993 741994 741995 739942 739943 739944 739945 739946 737894 737895 737896 737897 737898 735847 735848 735849 735850 733799 733800 733801 731752 
756306 756307 756308 756309 756310 756311 756312 756313 756314 754258 754259 754260 754261 754262 754263 754264 754265 754266 758354 758355 758356 758357 758358 758359 758360 758361 758362 760402 760403 760404 760405 760406 760407 760408 760409 760410 762451 762452 762453 762454 762455 762456 762457 762458 762459 762460 762461 762462 764499 764500 764501 764502 764503 764504 764505 764506 764507 764508 764509 764510 764511 766547 766548 766549 766550 766551 766552 766553 766554 766555 766556 766557 766558 766559 768595 768596 768597 768598 768599 768600 768601 768602 768603 768604 768605 768606 768607 770643 770644 770645 770646 770647 770648 770649 770650 770651 770652 770653 770654 770655 770656 772692 772693 772694 772695 772696 772697 772698 772699 772700 772701 772702 772703 772704 774740 774741 774742 774743 774744 774745 774746 774747 774748 774749 774750 774751 774752 776788 776789 776790 776791 776792 776793 776794 776795 776796 776797 776798 776799 776800 778837 778838 778839 778840 778841 778842 778843 778844 778845 778846 778847 778848 780886 780887 780890 780891 780892 780893 780894 780895 780896 782939 782940 782941 782942 782943 782944 752210 752211 752212 752213 752214 752215 752216 752217 752218 750162 750163 750164 750165 750166 750167 750168 750169 750170 748114 748115 748116 748117 748118 748119 748120 748121 748122 746066 746067 746068 746069 746070 746071 746072 746073 744018 744019 744020 744021 744022 744023 744024 744025 741970 741971 741972 741973 741974 741975 741976 741977 739922 739923 739924 739925 739926 739927 739928 739929 737875 737876 737877 737878 737879 737880 735827 735828 735829 735830 735831 735832 733779 733780 733781 733782 733783 733784 731731 731732 731733 731734 731735 729684 729685 729686 729687 727637 727638 784987 784988 784989 784990 784991 784992 787035 787036 787037 787038 787039 787040 789083 789084 789085 789086 789087 789088 791131 791132 791133 791134 791135 791136 793180 793181 793182 793183 793184 795228 795229 795230 795231 797276 797277 797278 797279 799325 799326 
787008 787009 787010 787011 787012 787013 787014 787015 787016 787017 787018 789056 789057 789058 789059 789060 789061 789062 789063 789064 789065 789066 791104 791105 791106 791107 791108 791109 791110 791111 791112 791113 791114 793152 793153 793154 793155 793156 793157 793158 793159 793160 793161 793162 795200 795201 795202 795203 795204 795205 795206 795207 795208 795209 795210 795211 797248 797249 797250 797251 797252 797253 797254 797255 797256 797257 797258 797259 799296 799297 799298 799299 799300 799301 799302 799303 799304 799305 799306 799307 801344 801345 801346 801347 801348 801349 801350 801351 801352 801353 801354 801355 803392 803393 803394 803395 803396 803397 803398 803399 803400 803401 803402 803403 805440 805441 805442 805443 805444 805445 805446 805447 805448 805449 805450 805451 807488 807489 807490 807491 807492 807493 807494 807495 807496 807497 807498 807499 809537 809538 809539 809540 809541 809542 809543 809544 809545 809546 809547 811585 811586 811587 811588 811589 811590 811591 811592 811593 811594 811595 813634 813635 813636 813637 813638 813639 813640 813641 813642 815684 815685 815686 815687 815688 815689 815690 784961 784962 784963 784964 784965 784966 784967 784968 784969 782913 782914 782915 782916 782917 782918 782919 782920 782921 780865 780866 780867 780868 780869 780870 780871 780872 780873 778817 778818 778819 778820 778821 778822 778823 778824 778825 776769 776770 776771 776772 776773 776774 776775 776776 774722 774723 774724 774725 774726 774727 774728 772674 772675 772676 772677 772678 772679 772680 770626 770627 770628 770629 770630 770631 770632 768578 768579 768580 768581 768582 768583 768584 766531 766532 766533 766534 766535 766536 764483 764484 764485 764486 764487 764488 817733 817734 817735 817736 817737 817738 819782 819783 819784 819785 819786 821831 821832 821833 762435 762436 762437 762438 762439 760388 760389 760390 760391 758340 758341 758342 758343 756293 756294 756295 754245 754246 
936502 936503 936504 936505 936506 936507 936508 936509 936510 936511 934454 934455 934456 934457 934458 934459 934460 934461 934462 932406 932407 932408 932409 932410 932411 932412 930358 930359 930360 930361 930362 930363 928311 928312 928313 928314 926263 926264 926265 926266 924215 924216 924217 922168 922169 938550 938551 938552 938553 938554 938555 938556 938557 938558 938559 940598 940599 940600 940601 940602 940603 940604 940605 940606 940607 940608 942646 942647 942648 942649 942650 942651 942652 942653 942654 942655 942656 944694 944695 944696 944697 944698 944699 944700 944701 944702 944703 944704 946743 946744 946745 946746 946747 946748 946749 946750 946751 946752 948791 948792 948793 948794 948795 948796 948797 948798 948799 948800 948801 950840 950841 950842 950843 950844 950845 950846 950847 950848 950849 952890 952891 952892 952893 952894 952895 952896 952897 954938 954939 954940 954941 954942 954943 954944 954945 956987 956988 956989 956990 956991 956992 956993 959035 959036 959037 959038 959039 959040 961083 961084 961085 961086 961087 961088 963132 963133 963134 963135 963136 965180 965181 965182 965183 965184 967228 967229 967230 967231 969277 969278 969279 971325 971326 
1126946 1126947 1126948 1126949 1126950 1126951 1124898 1124899 1124900 1124901 1124902 1124903 1122850 1122851 1122852 1122853 1122854 1122855 1120803 1120804 1120805 1120806 1120807 1118755 1118756 1118757 1118758 1116707 1116708 1116709 1116710 1114660 1114661 1128994 1128995 1128996 1128997 1128998 1128999 1131042 1131043 1131044 1131045 1131046 1131047 1133090 1133091 1133092 1133093 1133094 1133095 1135139 1135140 1135141 1135142 1135143 1137187 1137188 1137189 1137190 1139235 1139236 1139237 1139238 1141284 1141285 
1243737 1243738 1243739 1243740 1243741 1245785 1245786 1245787 1245788 1245789 1247833 1247834 1247835 1247836 1249882 1249883 1249884 1251930 1251931 1251932 1241689 1241690 1241691 1241692 1241693 1239641 1239642 1239643 1239644 1239645 1237594 1237595 1237596 1235546 1235547 1235548 1233498 1233499 1233500 
1272372 1272373 1272374 1272375 1272376 1272377 1270324 1270325 1270326 1270327 1270328 1270329 1268276 1268277 1268278 1268279 1268280 1268281 1266228 1266229 1266230 1266231 1266232 1266233 1264180 1264181 1264182 1264183 1264184 1264185 1262133 1262134 1262135 1262136 1260085 1260086 1260087 1260088 1258038 1258039 1258040 1255990 1255991 1274420 1274421 1274422 1274423 1274424 1274425 1276468 1276469 1276470 1276471 1276472 1276473 1278516 1278517 1278518 1278519 1278520 1278521 1280564 1280565 1280566 1280567 1280568 1280569 1282613 1282614 1282615 1282616 1284661 1284662 1284663 1284664 1286710 1286711 1286712 
1344024 1344025 1346072 1346073 1348120 1348121 1350168 1341976 1341977 1339928 
1393382 1393383 1393384 1393385 1393386 1393387 1393388 1393389 1393390 1393391 1393392 1393393 1393394 1393395 1393396 1393397 1391334 1391335 1391336 1391337 1391338 1391339 1391340 1391341 1391342 1391343 1391344 1391345 1391346 1391347 1391348 1391349 1389286 1389287 1389288 1389289 1389290 1389291 1389292 1389293 1389294 1389295 1389296 1389297 1389298 1389299 1389300 1389301 1387238 1387239 1387240 1387241 1387242 1387243 1387244 1387245 1387246 1387247 1387248 1387249 1387250 1387251 1387252 1387253 1385190 1385191 1385192 1385193 1385194 1385195 1385196 1385197 1385199 1385200 1385201 1385202 1385203 1385204 1385205 1383142 1383143 1383144 1383145 1383146 1383147 1383148 1383151 1383152 1383153 1383154 1383155 1383156 1381094 1381095 1381096 1381097 1381098 1381099 1381100 1381104 1381105 1381106 1381107 1381108 1379046 1379047 1379048 1379049 1379050 1379051 1379052 1379056 1379057 1379058 1379059 1379060 1376998 1376999 1377000 1377001 1377002 1377003 1377004 1377009 1377010 1377011 1395430 1395431 1395432 1395433 1395434 1395435 1395436 1395437 1395438 1395439 1395440 1395441 1395442 1395443 1395444 1395445 1397478 1397479 1397480 1397481 1397482 1397483 1397484 1397485 1397486 1397487 1397488 1397489 1397490 1397491 1397492 1397493 1399526 1399527 1399528 1399529 1399530 1399531 1399532 1399533 1399534 1399535 1399536 1399537 1399538 1399539 1399540 1399541 1401574 1401575 1401576 1401577 1401578 1401579 1401580 1401581 1401582 1401583 1401584 1401585 1401586 1401587 1401588 1401589 1403623 1403624 1403625 1403626 1403627 1403628 1403629 1403630 1403631 1403632 1403633 1403634 1403635 1403636 1403637 1405671 1405672 1405673 1405674 1405675 1405676 1405677 1405678 1405679 1405680 1405681 1405682 1405683 1405684 1405685 1374950 1374951 1374952 1374953 1374954 1374955 1374956 1372902 1372903 1372904 1372905 1372906 1372907 1370855 1370856 1370857 1370858 1370859 1368807 1368808 1368809 1368810 1368811 1366759 1366760 1366761 1366762 1366763 1364711 1364712 1364713 1364714 1362664 1362665 1362666 1360617 1407719 1407720 1407721 1407722 1407723 1407724 1407725 1407726 1407727 1407728 1407729 1407730 1407731 1407732 1407733 1409767 1409768 1409769 1409770 1409771 1409772 1409773 1409774 1409775 1409776 1409777 1409778 1409779 1409780 1409781 1411815 1411816 1411817 1411818 1411819 1411820 1411821 1411822 1411823 1411824 1411825 1411826 1411827 1411828 1411829 1413863 1413864 1413865 1413866 1413867 1413868 1413869 1413870 1413871 1413872 1413873 1413874 1413875 1413876 1413877 1415912 1415913 1415914 1415915 1415916 1415918 1415919 1415920 1415921 1415922 1415923 1415924 1415925 1417960 1417961 1417962 1417963 1417964 1417966 1417967 1417968 1417969 1417970 1417971 1417972 1417973 1420008 1420009 1420010 1420011 1420015 1420016 1420017 1420018 1420019 1420020 1420021 1422057 1422058 1422059 1422063 1422064 1422065 1422066 1422067 1422068 1424105 1424106 1424111 1424112 1424113 1424114 1424115 1424116 1426160 1426161 1426162 1426163 1426164 1428208 1428209 1428210 1428211 1428212 1430256 1430257 1430258 1430259 1432305 1432306 1432307 1434353 1434354 1434355 1436401 1436402 1436403 1438449 1438450 1438451 1440497 1440498 1442545 1442546 1444593 1444594 1446641 1446642 1448689 1448690 
1399440 1399441 1399442 1399443 1399444 1399445 1399446 1399447 1399448 1399449 1399450 1399451 1399452 1399453 1399454 1399455 1397392 1397393 1397394 1397395 1397396 1397397 1397398 1397399 1397400 1397401 1397402 1397403 1397404 1397405 1397406 1397407 1395343 1395344 1395345 1395346 1395347 1395348 1395349 1395350 1395351 1395352 1395353 1395354 1395355 1395356 1395357 1395358 1395359 1393295 1393296 1393297 1393298 1393299 1393300 1393301 1393302 1393303 1393304 1393305 1393306 1393307 1393308 1393309 1393310 1393311 1391247 1391248 1391249 1391250 1391251 1391252 1391253 1391254 1391255 1391256 1391257 1391258 1391259 1391260 1391261 1391262 1391263 1389199 1389200 1389201 1389202 1389203 1389204 1389205 1389206 1389207 1389208 1389209 1389210 1389211 1389212 1389213 1389214 1389215 1387151 1387152 1387153 1387154 1387155 1387156 1387157 1387158 1387159 1387160 1387161 1387162 1387163 1387164 1387165 1387166 1387167 1385103 1385104 1385105 1385106 1385107 1385108 1385109 1385110 1385111 1385112 1385113 1385114 1385115 1385116 1385117 1385118 1383055 1383056 1383057 1383058 1383059 1383060 1383061 1383062 1383063 1383064 1383068 1383069 1383070 1381007 1381008 1381009 1381010 1381011 1381012 1381013 1381014 1381015 1381016 1381021 1378959 1378960 1378961 1378962 1378963 1378964 1378965 1378966 1378967 1376911 1376912 1376913 1376914 1376915 1376916 1376917 1376918 1376919 1401488 1401489 1401490 1401491 1401492 1401493 1401494 1401495 1401496 1401497 1401498 1401499 1401500 1401501 1401502 1401503 1403536 1403537 1403538 1403539 1403540 1403541 1403542 1403543 1403544 1403545 1403546 1403547 1403548 1403549 1403550 1403551 1405584 1405585 1405586 1405587 1405588 1405589 1405590 1405591 1405592 1405593 1405594 1405595 1405596 1405597 1405598 1405599 1407633 1407634 1407635 1407636 1407637 1407638 1407639 1407640 1407641 1407642 1407643 1407644 1407645 1407646 1407647 1409681 1409682 1409683 1409684 1409685 1409686 1409687 1409688 1409689 1409690 1409691 1409692 1409693 1409694 1409695 1411729 1411730 1411731 1411732 1411733 1411734 1411735 1411736 1411737 1411738 1411739 1411740 1411741 1411742 1411743 1413777 1413778 1413779 1413780 1413781 1413782 1413783 1413784 1413785 1413786 1413787 1413788 1413789 1413790 1413791 1415825 1415826 1415827 1415828 1415829 1415830 1415831 1415832 1415833 1415834 1415835 1415836 1415837 1415838 1415839 1417873 1417874 1417875 1417876 1417877 1417878 1417879 1417880 1417881 1417882 1417883 1417884 1417885 1417886 1419921 1419922 1419923 1419924 1419925 1419926 1419927 1419928 1419929 1419930 1419931 1419932 1419933 1419934 1421969 1421970 1421971 1421972 1421973 1421974 1421975 1421976 1421977 1421978 1421981 1424017 1424018 1424019 1424020 1424021 1424022 1424023 1424024 1424025 1426066 1426067 1426068 1426069 1426070 1426071 1426072 1426073 1428114 1428115 1428116 1428117 1428118 1428119 1428120 1430162 1430163 1430164 1430165 1430166 1430167 1430168 1432210 1432211 1432212 1432213 1432214 1432215 1432216 1434258 1434259 1434260 1434261 1434262 1434263 1436306 1436307 1436308 1436309 1436310 1436311 1438354 1438355 1438356 1438357 1438358 1438359 1374863 1374864 1374865 1374866 1374867 1374868 1374869 1374870 1372815 1372816 1372817 1372818 1372819 1372820 1372821 1372822 1370767 1370768 1370769 1370770 1370771 1370772 1370773 1368720 1368721 1368722 1368723 1368724 1368725 1366672 1366673 1366674 1366675 1366676 1366677 1364625 1364626 1364627 1364628 1364629 1362578 1362579 1362580 1362581 1360531 1360532 1360533 1358484 1440403 1440404 1440405 1440406 1440407 1442451 1442452 1442453 1442454 1442455 1444499 1444500 1444501 1444502 1444503 1446547 1446548 1446549 1446550 1446551 1448595 1448596 1448597 1448598 1448599 1450644 1450645 1450646 1450647 1452692 1452693 1452694 1452695 1454741 1454742 1454743 1456789 1456790 
1712683 1712684 1712685 1712686 1712687 1712688 1712689 1712690 1712691 1712692 1710636 1710637 1710638 1710639 1710640 1710641 1710642 1710643 1708588 1708589 1708590 1708591 1708592 1708593 1708594 1708595 1706540 1706541 1706542 1706543 1706544 1706545 1706546 1706547 1704493 1704494 1704495 1704496 1704497 1704498 1704499 1714731 1714732 1714733 1714734 1714735 1714736 1714737 1714738 1714739 1714740 1716779 1716780 1716781 1716782 1716783 1716784 1716785 1716786 1716787 1716788 1718827 1718828 1718829 1718830 1718831 1718832 1718833 1718834 1718835 1718836 1720875 1720876 1720877 1720878 1720879 1720880 1720881 1720882 1720883 1720884 1722923 1722924 1722925 1722926 1722927 1722928 1722929 1722930 1722931 1724972 1724973 1724974 1724975 1724976 1724977 1724978 1724979 1727022 1727023 1727024 1727025 1727026 1727027 1729070 1729071 1729072 1729073 1729074 1731119 1731120 1731121 1733167 1702445 1702446 1702447 1702448 1702449 1702450 1700398 1700399 1700400 1700401 1700402 1698350 1698351 1698352 1698353 
