# 2025-05-15 17:12:23 +0200  andreascarlsson@ip90-234.eduroam-employee.wireless.lu.se
# DU=/Users/andreascarlsson/Library/CloudStorage/OneDrive-LundUniversity/Doktorandutbildning/Chaperones/DNAJB6/Tau+JB6/NMR/250509tau15N_AND_JB6_ac001_ac002, NAME=250508_tau_15N_ac001, EXPNO=36, PROCNO=1
# MI=0.1 (= 7.143346944000001E8)


 Region          Integral Normalized      Peak F2[ppm]      Peak F1[ppm]    Peak Intensity

     1    61436841408.00       0.05            7.8771          127.4621     1511616320.00
     2    55521988096.00       0.04            8.3958          126.2178     1208664320.00
     3   105088243584.00       0.08            8.3272          126.1163     1773099968.00
     4   235682911616.00       0.19            8.0602          125.8115     1521174464.00
                                               8.0831          125.5576     2224864192.00
     5    63142737024.00       0.05            8.4569          125.7861     1286354816.00
     6   278096787392.00       0.22            8.4035          125.3799     2926336192.00
     7    71127721152.00       0.06            8.3348          124.6688     1290123008.00
     8  1255740849536.00       1.00            8.1899          124.4911      833964224.00
                                               8.1136          123.2214     2278313280.00
                                               8.1746          123.2722     2002984448.00
                                               8.2433          123.3738     3127189056.00
                                               8.1594          124.0848     2106779200.00
     9   192605447488.00       0.15            8.2738          124.1356     1163864064.00
                                               8.2967          123.9578     1209244928.00
                                               8.2433          123.9832      996277696.00
    10    11526383680.00       0.01            8.3806          124.0848      808215808.00
    11   116071396480.00       0.09            7.9992          124.0594     1912854400.00
    12    71991692352.00       0.06            8.0602          123.6531     1241476544.00
    13    93639035648.00       0.07            8.2204          122.1803     1470270272.00
    14   959868914112.00       0.76            8.0526          122.0279     2657680640.00
                                               8.0831          121.0122     1485787136.00
                                               8.0373          121.3169     2243155712.00
                                               8.1136          121.7232     3217749952.00
    15    21196207616.00       0.02            7.8466          121.9009      907816000.00
    16   133002308736.00       0.11            8.2051          121.2153     2008513088.00
    17   118729489024.00       0.09            7.8085          120.6820     1852467904.00
    18   418460063808.00       0.33            7.9458          120.6312     3294451328.00
                                               7.8848          120.3265     1507900864.00
    19   464243669952.00       0.37            8.0831          120.2503     3351822720.00
    20   164187665920.00       0.13            8.1746          118.3966     1101390720.00
                                               8.1289          118.2189     1296255232.00
    21    63622637120.00       0.05            8.3196          116.0350     1263459584.00
    22    32821517312.00       0.03            7.9077          114.5876      996557504.00
    23    82518148800.00       0.07            8.1823          114.2321     1493820544.00
    24     7486044416.00       0.01            8.4187          113.3433      772205824.00
    25   874131320064.00       0.70            6.8168          112.7338     3086932160.00
                                               6.7558          112.6323     7143346944.00
    26   923249033088.00       0.74            7.4042          112.6577     2023626048.00
                                               7.4652          112.6323     6185373248.00
    27   114440413312.00       0.09            8.2280          108.7724     1153662016.00
