TITLE	02_buffer
DATA TYPE	
ORIGIN	JASCO
OWNER	
DATE	24/06/13
TIME	14:23:22
SPECTROMETER/DATA SYSTEM	JASCO Corp., J-715, Rev. 1.00
RESOLUTION	
DELTAX	-0.1
XUNITS	NANOMETERS
YUNITS	CD[mdeg]
Y2UNITS	HT[V]
FIRSTX	260.0000
LASTX	185.0000
NPOINTS	751
FIRSTY	0.31377
MAXY	0.35556
MINY	-0.20616
XYDATA
260.0000	0.313774	249.218
259.9000	0.31943	249.253
259.8000	0.339151	249.296
259.7000	0.330639	249.349
259.6000	0.331802	249.41
259.5000	0.319583	249.481
259.4000	0.329945	249.559
259.3000	0.324675	249.631
259.2000	0.30901	249.697
259.1000	0.291082	249.768
259.0000	0.290152	249.842
258.9000	0.275092	249.917
258.8000	0.281914	249.991
258.7000	0.287929	250.063
258.6000	0.274596	250.139
258.5000	0.267151	250.214
258.4000	0.273249	250.285
258.3000	0.278963	250.351
258.2000	0.275399	250.414
258.1000	0.289512	250.482
258.0000	0.276691	250.554
257.9000	0.291239	250.618
257.8000	0.286208	250.682
257.7000	0.29345	250.743
257.6000	0.293522	250.808
257.5000	0.2974	250.877
257.4000	0.281968	250.939
257.3000	0.282491	251.002
257.2000	0.276466	251.064
257.1000	0.268496	251.131
257.0000	0.252942	251.194
256.9000	0.257941	251.258
256.8000	0.275052	251.326
256.7000	0.27166	251.394
256.6000	0.300597	251.454
256.5000	0.298922	251.517
256.4000	0.330457	251.58
256.3000	0.345602	251.645
256.2000	0.348647	251.71
256.1000	0.335537	251.773
256.0000	0.342056	251.835
255.9000	0.334651	251.904
255.8000	0.3489	251.968
255.7000	0.326567	252.033
255.6000	0.331478	252.093
255.5000	0.321679	252.154
255.4000	0.323851	252.215
255.3000	0.304755	252.28
255.2000	0.302556	252.344
255.1000	0.282656	252.409
255.0000	0.305731	252.474
254.9000	0.273583	252.544
254.8000	0.284617	252.607
254.7000	0.287722	252.672
254.6000	0.300086	252.732
254.5000	0.319543	252.79
254.4000	0.320914	252.854
254.3000	0.295162	252.917
254.2000	0.302564	252.982
254.1000	0.292402	253.052
254.0000	0.283246	253.117
253.9000	0.255631	253.188
253.8000	0.232541	253.256
253.7000	0.249217	253.324
253.6000	0.255515	253.391
253.5000	0.244743	253.461
253.4000	0.232901	253.524
253.3000	0.247647	253.591
253.2000	0.272463	253.658
253.1000	0.283875	253.724
253.0000	0.289039	253.789
252.9000	0.284252	253.857
252.8000	0.298235	253.921
252.7000	0.287545	253.992
252.6000	0.279936	254.063
252.5000	0.261024	254.132
252.4000	0.230414	254.204
252.3000	0.216246	254.275
252.2000	0.207183	254.348
252.1000	0.229616	254.42
252.0000	0.251535	254.49
251.9000	0.251147	254.561
251.8000	0.25908	254.63
251.7000	0.265674	254.696
251.6000	0.275616	254.766
251.5000	0.306787	254.83
251.4000	0.285434	254.897
251.3000	0.265744	254.964
251.2000	0.279501	255.031
251.1000	0.290862	255.1
251.0000	0.296378	255.171
250.9000	0.283274	255.236
250.8000	0.262558	255.306
250.7000	0.236274	255.375
250.6000	0.266485	255.445
250.5000	0.244156	255.511
250.4000	0.24423	255.574
250.3000	0.253476	255.64
250.2000	0.252981	255.709
250.1000	0.255831	255.778
250.0000	0.260043	255.842
249.9000	0.245535	255.901
249.8000	0.250364	255.969
249.7000	0.25906	256.039
249.6000	0.265532	256.105
249.5000	0.260568	256.166
249.4000	0.258553	256.229
249.3000	0.294371	256.3
249.2000	0.306609	256.371
249.1000	0.294985	256.436
249.0000	0.270248	256.505
248.9000	0.244339	256.575
248.8000	0.250364	256.649
248.7000	0.241492	256.721
248.6000	0.222154	256.783
248.5000	0.202414	256.851
248.4000	0.206693	256.919
248.3000	0.228479	256.986
248.2000	0.247013	257.051
248.1000	0.250574	257.117
248.0000	0.258934	257.182
247.9000	0.259346	257.252
247.8000	0.274286	257.317
247.7000	0.283163	257.383
247.6000	0.260397	257.451
247.5000	0.254512	257.514
247.4000	0.254994	257.578
247.3000	0.233345	257.644
247.2000	0.241389	257.709
247.1000	0.240973	257.779
247.0000	0.232705	257.846
246.9000	0.260379	257.912
246.8000	0.26306	257.984
246.7000	0.274854	258.055
246.6000	0.283241	258.126
246.5000	0.260558	258.2
246.4000	0.258256	258.271
246.3000	0.262783	258.346
246.2000	0.216731	258.415
246.1000	0.189501	258.487
246.0000	0.175351	258.559
245.9000	0.199954	258.628
245.8000	0.20936	258.696
245.7000	0.206183	258.763
245.6000	0.206772	258.832
245.5000	0.217521	258.906
245.4000	0.234628	258.975
245.3000	0.240626	259.043
245.2000	0.242596	259.117
245.1000	0.252014	259.189
245.0000	0.240908	259.259
244.9000	0.249748	259.323
244.8000	0.260786	259.39
244.7000	0.268891	259.46
244.6000	0.253292	259.529
244.5000	0.237155	259.596
244.4000	0.252002	259.665
244.3000	0.27278	259.737
244.2000	0.253646	259.814
244.1000	0.241123	259.885
244.0000	0.225013	259.958
243.9000	0.209891	260.031
243.8000	0.194042	260.103
243.7000	0.163412	260.177
243.6000	0.15958	260.253
243.5000	0.160553	260.327
243.4000	0.167921	260.405
243.3000	0.201276	260.481
243.2000	0.232123	260.56
243.1000	0.24517	260.637
243.0000	0.249376	260.716
242.9000	0.258565	260.799
242.8000	0.277271	260.885
242.7000	0.280547	260.968
242.6000	0.253396	261.051
242.5000	0.228982	261.135
242.4000	0.230848	261.226
242.3000	0.226004	261.319
242.2000	0.233581	261.408
242.1000	0.225209	261.497
242.0000	0.225602	261.591
241.9000	0.239817	261.687
241.8000	0.27641	261.784
241.7000	0.283209	261.877
241.6000	0.260701	261.968
241.5000	0.245148	262.061
241.4000	0.253959	262.161
241.3000	0.250054	262.258
241.2000	0.247453	262.358
241.1000	0.215824	262.457
241.0000	0.229019	262.554
240.9000	0.264164	262.654
240.8000	0.285077	262.751
240.7000	0.283737	262.85
240.6000	0.292035	262.948
240.5000	0.281422	263.045
240.4000	0.276198	263.144
240.3000	0.263355	263.251
240.2000	0.241174	263.354
240.1000	0.209964	263.461
240.0000	0.195965	263.567
239.9000	0.19419	263.678
239.8000	0.184069	263.794
239.7000	0.205473	263.909
239.6000	0.207939	264.028
239.5000	0.193274	264.151
239.4000	0.196033	264.272
239.3000	0.206098	264.391
239.2000	0.191284	264.513
239.1000	0.191291	264.634
239.0000	0.182776	264.756
238.9000	0.177108	264.878
238.8000	0.198832	265.002
238.7000	0.202117	265.124
238.6000	0.192462	265.251
238.5000	0.210915	265.379
238.4000	0.228139	265.512
238.3000	0.211062	265.645
238.2000	0.214968	265.775
238.1000	0.237596	265.91
238.0000	0.241375	266.045
237.9000	0.274158	266.178
237.8000	0.24815	266.309
237.7000	0.246366	266.436
237.6000	0.257541	266.562
237.5000	0.251253	266.693
237.4000	0.232019	266.822
237.3000	0.22575	266.953
237.2000	0.19921	267.085
237.1000	0.224468	267.217
237.0000	0.210796	267.351
236.9000	0.202869	267.483
236.8000	0.219019	267.616
236.7000	0.210555	267.748
236.6000	0.210218	267.885
236.5000	0.198203	268.023
236.4000	0.193763	268.159
236.3000	0.175779	268.295
236.2000	0.190686	268.431
236.1000	0.176867	268.569
236.0000	0.164287	268.707
235.9000	0.175533	268.838
235.8000	0.16902	268.964
235.7000	0.170714	269.098
235.6000	0.183253	269.228
235.5000	0.174316	269.357
235.4000	0.16261	269.483
235.3000	0.148126	269.613
235.2000	0.135513	269.747
235.1000	0.13768	269.884
235.0000	0.139997	270.015
234.9000	0.148426	270.15
234.8000	0.143286	270.289
234.7000	0.161217	270.425
234.6000	0.168154	270.559
234.5000	0.153744	270.693
234.4000	0.140117	270.823
234.3000	0.137836	270.951
234.2000	0.141661	271.079
234.1000	0.123649	271.204
234.0000	0.122103	271.33
233.9000	0.114916	271.458
233.8000	0.111273	271.584
233.7000	0.136839	271.716
233.6000	0.132675	271.853
233.5000	0.144858	271.989
233.4000	0.157605	272.127
233.3000	0.150675	272.264
233.2000	0.154897	272.398
233.1000	0.182856	272.533
233.0000	0.178108	272.668
232.9000	0.15989	272.799
232.8000	0.137883	272.933
232.7000	0.138555	273.068
232.6000	0.134943	273.204
232.5000	0.144923	273.338
232.4000	0.160624	273.475
232.3000	0.151836	273.607
232.2000	0.138805	273.744
232.1000	0.132916	273.881
232.0000	0.135468	274.017
231.9000	0.16704	274.154
231.8000	0.142709	274.291
231.7000	0.0912337	274.43
231.6000	0.0998326	274.57
231.5000	0.0955272	274.707
231.4000	0.109122	274.844
231.3000	0.105239	274.98
231.2000	0.119669	275.117
231.1000	0.14949	275.25
231.0000	0.143851	275.381
230.9000	0.136189	275.514
230.8000	0.15711	275.646
230.7000	0.164575	275.774
230.6000	0.15351	275.906
230.5000	0.117456	276.038
230.4000	0.117014	276.169
230.3000	0.0999005	276.301
230.2000	0.0985671	276.435
230.1000	0.106234	276.57
230.0000	0.0958489	276.706
229.9000	0.106316	276.84
229.8000	0.111828	276.98
229.7000	0.103655	277.121
229.6000	0.125746	277.264
229.5000	0.141643	277.402
229.4000	0.104154	277.543
229.3000	0.0729453	277.691
229.2000	0.0530472	277.836
229.1000	0.0474125	277.982
229.0000	0.0455473	278.128
228.9000	0.0355447	278.276
228.8000	0.0378771	278.43
228.7000	0.0420474	278.583
228.6000	0.0626469	278.732
228.5000	0.0737125	278.887
228.4000	0.046812	279.04
228.3000	0.0659419	279.192
228.2000	0.0669269	279.346
228.1000	0.070172	279.499
228.0000	0.0589613	279.652
227.9000	0.0355249	279.804
227.8000	0.0215231	279.951
227.7000	0.00446346	280.101
227.6000	-0.0165133	280.254
227.5000	-0.0265911	280.399
227.4000	-0.0451623	280.54
227.3000	-0.060861	280.68
227.2000	-0.0356684	280.826
227.1000	-0.025294	280.974
227.0000	0.0118071	281.117
226.9000	0.0334045	281.262
226.8000	0.029231	281.41
226.7000	0.0433592	281.559
226.6000	0.0597078	281.703
226.5000	0.0360845	281.847
226.4000	0.0260826	281.987
226.3000	-0.0211062	282.129
226.2000	-0.0351785	282.267
226.1000	-0.0394596	282.406
226.0000	-0.0517596	282.547
225.9000	-0.0699624	282.686
225.8000	-0.0637725	282.821
225.7000	-0.0634506	282.956
225.6000	-0.0598148	283.09
225.5000	-0.0541672	283.223
225.4000	-0.0505762	283.349
225.3000	-0.0341089	283.481
225.2000	-0.0306387	283.612
225.1000	-0.018917	283.744
225.0000	-0.0120075	283.874
224.9000	0.0132158	284.004
224.8000	-0.0026159	284.135
224.7000	-0.0119213	284.27
224.6000	-0.0239013	284.401
224.5000	-0.0306569	284.537
224.4000	-0.0175126	284.673
224.3000	-0.00972021	284.81
224.2000	-0.0273857	284.95
224.1000	-0.0218958	285.092
224.0000	-0.0323784	285.23
223.9000	-0.0303483	285.371
223.8000	-0.0231471	285.507
223.7000	-0.0423327	285.643
223.6000	-0.0578508	285.784
223.5000	-0.0561083	285.922
223.4000	-0.0846114	286.061
223.3000	-0.0787826	286.2
223.2000	-0.0490928	286.341
223.1000	-0.043259	286.484
223.0000	-0.0684181	286.627
222.9000	-0.0730772	286.77
222.8000	-0.0526674	286.915
222.7000	-0.0318876	287.056
222.6000	-0.0374859	287.198
222.5000	-0.0738915	287.343
222.4000	-0.120058	287.488
222.3000	-0.125911	287.634
222.2000	-0.147505	287.773
222.1000	-0.157554	287.914
222.0000	-0.13422	288.059
221.9000	-0.119504	288.203
221.8000	-0.0838123	288.347
221.7000	-0.0354154	288.489
221.6000	-0.0165481	288.628
221.5000	-0.0057498	288.768
221.4000	0.0170888	288.91
221.3000	0.00471957	289.048
221.2000	-0.00313595	289.181
221.1000	0.00215899	289.313
221.0000	-0.00494514	289.446
220.9000	0.0147855	289.578
220.8000	0.00893641	289.705
220.7000	-0.0249632	289.831
220.6000	-0.0461642	289.96
220.5000	-0.0463305	290.088
220.4000	-0.0694398	290.215
220.3000	-0.0879414	290.342
220.2000	-0.101686	290.473
220.1000	-0.11735	290.603
220.0000	-0.0984978	290.729
219.9000	-0.100227	290.856
219.8000	-0.126022	290.986
219.7000	-0.104578	291.116
219.6000	-0.0953773	291.241
219.5000	-0.107748	291.366
219.4000	-0.0945428	291.494
219.3000	-0.0892095	291.622
219.2000	-0.0775844	291.749
219.1000	-0.0571577	291.874
219.0000	-0.0861963	291.997
218.9000	-0.110979	292.128
218.8000	-0.104788	292.255
218.7000	-0.106468	292.383
218.6000	-0.101054	292.511
218.5000	-0.110916	292.642
218.4000	-0.130755	292.773
218.3000	-0.122026	292.904
218.2000	-0.100176	293.032
218.1000	-0.111417	293.166
218.0000	-0.085853	293.301
217.9000	-0.0592338	293.433
217.8000	-0.0617579	293.565
217.7000	-0.0550685	293.7
217.6000	-0.031562	293.835
217.5000	-0.0170602	293.97
217.4000	-0.0239585	294.104
217.3000	-0.0670742	294.239
217.2000	-0.103962	294.377
217.1000	-0.113069	294.517
217.0000	-0.104949	294.651
216.9000	-0.123947	294.789
216.8000	-0.137654	294.931
216.7000	-0.12197	295.073
216.6000	-0.0834048	295.216
216.5000	-0.104418	295.358
216.4000	-0.149439	295.498
216.3000	-0.166113	295.641
216.2000	-0.178568	295.783
216.1000	-0.171644	295.921
216.0000	-0.187174	296.058
215.9000	-0.206158	296.194
215.8000	-0.175882	296.329
215.7000	-0.138006	296.465
215.6000	-0.12037	296.595
215.5000	-0.102941	296.726
215.4000	-0.123935	296.858
215.3000	-0.157837	296.984
215.2000	-0.13137	297.107
215.1000	-0.102786	297.227
215.0000	-0.0878412	297.348
214.9000	-0.105239	297.473
214.8000	-0.110628	297.597
214.7000	-0.0707394	297.716
214.6000	-0.0666452	297.838
214.5000	-0.0609096	297.961
214.4000	-0.0928128	298.083
214.3000	-0.0957241	298.202
214.2000	-0.0605037	298.322
214.1000	-0.0608975	298.444
214.0000	-0.0396743	298.567
213.9000	-0.027287	298.689
213.8000	-0.049115	298.815
213.7000	-0.0580829	298.945
213.6000	-0.0861865	299.076
213.5000	-0.093382	299.206
213.4000	-0.0883592	299.338
213.3000	-0.101414	299.474
213.2000	-0.0804799	299.617
213.1000	-0.0464726	299.757
213.0000	-0.0380281	299.899
212.9000	-0.00926554	300.043
212.8000	-0.0231452	300.189
212.7000	-0.0200409	300.333
212.6000	-0.00219345	300.476
212.5000	-0.00806507	300.623
212.4000	-0.0121912	300.774
212.3000	-0.0319393	300.929
212.2000	-0.0470918	301.083
212.1000	-0.0168476	301.238
212.0000	-0.00403505	301.393
211.9000	-0.0195151	301.552
211.8000	0.00273567	301.709
211.7000	-0.0426779	301.864
211.6000	-0.0498868	302.019
211.5000	-0.0593709	302.173
211.4000	-0.105116	302.325
211.3000	-0.148052	302.478
211.2000	-0.148324	302.632
211.1000	-0.176819	302.782
211.0000	-0.146016	302.93
210.9000	-0.137454	303.076
210.8000	-0.117831	303.227
210.7000	-0.141141	303.374
210.6000	-0.118054	303.521
210.5000	-0.13214	303.664
210.4000	-0.16007	303.807
210.3000	-0.162453	303.95
210.2000	-0.107932	304.093
210.1000	-0.0803238	304.239
210.0000	-0.0647448	304.386
209.9000	-0.0957088	304.532
209.8000	-0.0958016	304.682
209.7000	-0.0966374	304.833
209.6000	-0.105354	304.985
209.5000	-0.170267	305.135
209.4000	-0.195181	305.285
209.3000	-0.202904	305.44
209.2000	-0.19239	305.595
209.1000	-0.197451	305.747
209.0000	-0.182832	305.903
208.9000	-0.147597	306.062
208.8000	-0.125542	306.222
208.7000	-0.11007	306.377
208.6000	-0.0886541	306.535
208.5000	-0.0967626	306.699
208.4000	-0.100238	306.865
208.3000	-0.0859886	307.028
208.2000	-0.0499573	307.191
208.1000	-0.017737	307.358
208.0000	-0.00587609	307.529
207.9000	-0.00117477	307.696
207.8000	0.0311356	307.86
207.7000	0.0442518	308.026
207.6000	0.0552211	308.194
207.5000	-0.00337418	308.361
207.4000	-0.0254245	308.529
207.3000	-0.0248	308.699
207.2000	0.0218492	308.866
207.1000	0.0423105	309.036
207.0000	0.0362642	309.204
206.9000	0.0272289	309.373
206.8000	0.0131443	309.538
206.7000	-0.0107905	309.702
206.6000	-0.0283033	309.862
206.5000	-0.0542492	310.022
206.4000	-0.0681354	310.179
206.3000	-0.106653	310.334
206.2000	-0.143298	310.486
206.1000	-0.130047	310.64
206.0000	-0.116402	310.794
205.9000	-0.0958772	310.95
205.8000	-0.070136	311.106
205.7000	-0.0250548	311.26
205.6000	0.0177626	311.412
205.5000	0.041412	311.564
205.4000	0.0341404	311.712
205.3000	0.0435412	311.861
205.2000	0.00699665	312.01
205.1000	-0.0397531	312.163
205.0000	-0.0795007	312.32
204.9000	-0.0850784	312.476
204.8000	-0.0897421	312.635
204.7000	-0.110896	312.793
204.6000	-0.103465	312.949
204.5000	-0.118093	313.1
204.4000	-0.112288	313.252
204.3000	-0.108027	313.404
204.2000	-0.104756	313.556
204.1000	-0.0967845	313.71
204.0000	-0.11301	313.862
203.9000	-0.110452	314.016
203.8000	-0.0693079	314.172
203.7000	-0.0579836	314.326
203.6000	-0.0579611	314.478
203.5000	-0.0463167	314.629
203.4000	-0.0804298	314.78
203.3000	-0.0452183	314.93
203.2000	-0.0678904	315.078
203.1000	-0.0853051	315.221
203.0000	-0.0783265	315.368
202.9000	-0.072876	315.509
202.8000	-0.0486735	315.655
202.7000	-0.0230607	315.797
202.6000	-0.0417767	315.937
202.5000	-0.0335252	316.076
202.4000	0.0143252	316.22
202.3000	0.00253916	316.358
202.2000	0.00342242	316.499
202.1000	-0.052399	316.636
202.0000	-0.0883859	316.776
201.9000	-0.10788	316.915
201.8000	-0.105876	317.054
201.7000	-0.169299	317.192
201.6000	-0.143103	317.332
201.5000	-0.0976671	317.469
201.4000	-0.0639612	317.605
201.3000	-0.0576593	317.736
201.2000	-0.0507737	317.873
201.1000	-0.0308869	318.011
201.0000	-0.0455448	318.146
200.9000	-0.10111	318.279
200.8000	-0.143855	318.411
200.7000	-0.115101	318.549
200.6000	-0.0651481	318.689
200.5000	-0.0227388	318.83
200.4000	-0.0329418	318.965
200.3000	-0.00254195	319.1
200.2000	0.0123115	319.234
200.1000	0.0200439	319.369
200.0000	-0.0355098	319.501
199.9000	-0.0880947	319.631
199.8000	-0.171106	319.756
199.7000	-0.15599	319.882
199.6000	-0.135865	320.009
199.5000	-0.15159	320.137
199.4000	-0.104245	320.26
199.3000	-0.0575507	320.379
199.2000	-0.0190057	320.493
199.1000	0.0327876	320.609
199.0000	0.0162579	320.72
198.9000	0.0535926	320.833
198.8000	0.0180604	320.939
198.7000	-0.0347182	321.046
198.6000	-0.0119723	321.156
198.5000	0.015178	321.265
198.4000	0.0142762	321.368
198.3000	0.0136741	321.471
198.2000	0.00481121	321.576
198.1000	0.0381703	321.683
198.0000	0.0346528	321.787
197.9000	0.0184134	321.891
197.8000	-0.0364238	321.995
197.7000	-0.0184491	322.105
197.6000	-0.0598013	322.218
197.5000	-0.0917189	322.324
197.4000	-0.07363	322.432
197.3000	-0.092948	322.542
197.2000	-0.113159	322.651
197.1000	-0.124772	322.763
197.0000	-0.13322	322.874
196.9000	-0.0959922	322.982
196.8000	-0.109873	323.094
196.7000	-0.0821134	323.204
196.6000	-0.0435799	323.311
196.5000	-0.0132633	323.422
196.4000	0.00928212	323.53
196.3000	-0.0486128	323.637
196.2000	-0.0324313	323.741
196.1000	0.0427704	323.848
196.0000	-0.021122	323.95
195.9000	-0.034173	324.052
195.8000	-0.0313731	324.149
195.7000	-0.0240585	324.25
195.6000	0.054946	324.347
195.5000	0.0660516	324.447
195.4000	0.0654265	324.542
195.3000	0.11958	324.647
195.2000	0.108737	324.763
195.1000	0.111994	324.889
195.0000	0.157421	325.026
194.9000	0.149301	325.178
194.8000	0.139069	325.346
194.7000	0.123928	325.526
194.6000	0.0981873	325.714
194.5000	0.0661081	325.899
194.4000	0.0373898	326.086
194.3000	0.00190083	326.28
194.2000	-0.0265641	326.474
194.1000	-0.0414466	326.67
194.0000	-0.0178576	326.865
193.9000	-0.0465481	327.065
193.8000	-0.0220828	327.271
193.7000	-0.0032274	327.481
193.6000	0.0325063	327.69
193.5000	0.0600616	327.902
193.4000	0.101312	328.117
193.3000	0.0877595	328.337
193.2000	0.108364	328.561
193.1000	0.162559	328.788
193.0000	0.160361	329.018
192.9000	0.134266	329.253
192.8000	0.0946164	329.492
192.7000	0.0808202	329.73
192.6000	0.0957657	329.97
192.5000	0.116789	330.212
192.4000	0.076041	330.458
192.3000	0.0819862	330.709
192.2000	0.0945332	330.962
192.1000	0.101862	331.221
192.0000	0.131176	331.49
191.9000	0.139805	331.764
191.8000	0.0982152	332.041
191.7000	0.084378	332.322
191.6000	0.159328	332.609
191.5000	0.126157	332.905
191.4000	0.120578	333.203
191.3000	0.0727991	333.51
191.2000	0.0699809	333.822
191.1000	0.093637	334.143
191.0000	0.0654958	334.47
190.9000	0.0128731	334.801
190.8000	0.0279807	335.133
190.7000	0.0369947	335.475
190.6000	0.04701	335.818
190.5000	0.075518	336.17
190.4000	0.109784	336.528
190.3000	0.106851	336.897
190.2000	0.0852281	337.272
190.1000	0.0548162	337.661
190.0000	0.0520855	338.055
189.9000	0.0694456	338.456
189.8000	0.105732	338.866
189.7000	0.0647245	339.294
189.6000	0.0895787	339.727
189.5000	0.096518	340.178
189.4000	0.114496	340.638
189.3000	0.116615	341.115
189.2000	0.0858521	341.605
189.1000	-0.0138065	342.114
189.0000	-0.00223331	342.634
188.9000	0.0109434	343.178
188.8000	0.059635	343.731
188.7000	0.00276659	344.298
188.6000	-0.00884347	344.881
188.5000	0.00973977	345.483
188.4000	0.0176102	346.095
188.3000	0.0463983	346.723
188.2000	0.0633219	347.366
188.1000	-0.010292	348.028
188.0000	0.031394	348.713
187.9000	0.0678586	349.42
187.8000	0.0795277	350.148
187.7000	0.0627117	350.902
187.6000	0.0609083	351.682
187.5000	0.118966	352.491
187.4000	0.216606	353.332
187.3000	0.211073	354.208
187.2000	0.177493	355.119
187.1000	0.198903	356.068
187.0000	0.199048	357.057
186.9000	0.145966	358.088
186.8000	0.0505557	359.158
186.7000	-0.00355504	360.271
186.6000	0.00703558	361.423
186.5000	-0.0469804	362.611
186.4000	-0.0557346	363.838
186.3000	0.0170093	365.109
186.2000	0.0897143	366.417
186.1000	0.0251109	367.776
186.0000	0.0296256	369.178
185.9000	0.0489712	370.644
185.8000	0.149844	372.173
185.7000	0.119501	373.773
185.6000	0.150693	375.441
185.5000	0.163856	377.193
185.4000	0.253928	379.024
185.3000	0.313609	380.949
185.2000	0.346487	382.955
185.1000	0.328112	385.063
185.0000	0.355558	387.256
