TITLE	07_240612A
DATA TYPE	
ORIGIN	JASCO
OWNER	
DATE	24/06/13
TIME	17:28:09
SPECTROMETER/DATA SYSTEM	JASCO Corp., J-715, Rev. 1.00
RESOLUTION	
DELTAX	-0.1
XUNITS	NANOMETERS
YUNITS	CD[mdeg]
Y2UNITS	HT[V]
FIRSTX	260.0000
LASTX	185.0000
NPOINTS	751
FIRSTY	0.20403
MAXY	0.20981
MINY	-1.30815
XYDATA
260.0000	0.204033	249.287
259.9000	0.208434	249.321
259.8000	0.197562	249.362
259.7000	0.183682	249.415
259.6000	0.182313	249.48
259.5000	0.17956	249.555
259.4000	0.169081	249.635
259.3000	0.146236	249.705
259.2000	0.139638	249.769
259.1000	0.137245	249.841
259.0000	0.134201	249.912
258.9000	0.127926	249.981
258.8000	0.127727	250.05
258.7000	0.142024	250.12
258.6000	0.151141	250.193
258.5000	0.168781	250.268
258.4000	0.175886	250.336
258.3000	0.184746	250.408
258.2000	0.209812	250.474
258.1000	0.207273	250.547
258.0000	0.196063	250.612
257.9000	0.201003	250.677
257.8000	0.190075	250.741
257.7000	0.165441	250.802
257.6000	0.160768	250.865
257.5000	0.147059	250.929
257.4000	0.146262	250.988
257.3000	0.140091	251.054
257.2000	0.128699	251.116
257.1000	0.144767	251.177
257.0000	0.167791	251.236
256.9000	0.157076	251.299
256.8000	0.169504	251.361
256.7000	0.175365	251.428
256.6000	0.175115	251.491
256.5000	0.170892	251.555
256.4000	0.158863	251.618
256.3000	0.142432	251.685
256.2000	0.151585	251.753
256.1000	0.144603	251.82
256.0000	0.15782	251.884
255.9000	0.168496	251.95
255.8000	0.169654	252.015
255.7000	0.173927	252.081
255.6000	0.167815	252.142
255.5000	0.168604	252.201
255.4000	0.159309	252.264
255.3000	0.16027	252.328
255.2000	0.164635	252.391
255.1000	0.153562	252.454
255.0000	0.170936	252.518
254.9000	0.183488	252.587
254.8000	0.175684	252.652
254.7000	0.177315	252.711
254.6000	0.1646	252.769
254.5000	0.173761	252.831
254.4000	0.191767	252.894
254.3000	0.182756	252.958
254.2000	0.188457	253.02
254.1000	0.197696	253.085
254.0000	0.186041	253.154
253.9000	0.190644	253.224
253.8000	0.164821	253.292
253.7000	0.154886	253.361
253.6000	0.153412	253.429
253.5000	0.134232	253.499
253.4000	0.133579	253.564
253.3000	0.123293	253.632
253.2000	0.117393	253.698
253.1000	0.111895	253.763
253.0000	0.104124	253.831
252.9000	0.114022	253.901
252.8000	0.112834	253.969
252.7000	0.108866	254.04
252.6000	0.11963	254.109
252.5000	0.102838	254.179
252.4000	0.113952	254.249
252.3000	0.106983	254.32
252.2000	0.0973742	254.389
252.1000	0.104295	254.457
252.0000	0.0990886	254.526
251.9000	0.088995	254.597
251.8000	0.090641	254.665
251.7000	0.105576	254.734
251.6000	0.10273	254.799
251.5000	0.124864	254.866
251.4000	0.139923	254.934
251.3000	0.140658	254.996
251.2000	0.146898	255.064
251.1000	0.143683	255.134
251.0000	0.14184	255.209
250.9000	0.135455	255.28
250.8000	0.103897	255.353
250.7000	0.0744147	255.426
250.6000	0.0638595	255.505
250.5000	0.0730127	255.575
250.4000	0.0925094	255.646
250.3000	0.0978479	255.712
250.2000	0.11469	255.778
250.1000	0.127495	255.846
250.0000	0.138851	255.909
249.9000	0.151355	255.97
249.8000	0.138499	256.033
249.7000	0.115028	256.095
249.6000	0.105706	256.163
249.5000	0.0846466	256.23
249.4000	0.088512	256.298
249.3000	0.0836195	256.366
249.2000	0.0778539	256.436
249.1000	0.0911674	256.505
249.0000	0.103701	256.573
248.9000	0.117941	256.635
248.8000	0.1125	256.702
248.7000	0.119084	256.764
248.6000	0.124549	256.829
248.5000	0.121086	256.893
248.4000	0.124505	256.957
248.3000	0.101356	257.024
248.2000	0.108837	257.091
248.1000	0.117666	257.157
248.0000	0.11201	257.225
247.9000	0.10493	257.292
247.8000	0.130685	257.356
247.7000	0.127648	257.427
247.6000	0.107931	257.495
247.5000	0.0886602	257.562
247.4000	0.0622943	257.631
247.3000	0.0669081	257.697
247.2000	0.0899943	257.763
247.1000	0.0647483	257.833
247.0000	0.065727	257.901
246.9000	0.0890082	257.967
246.8000	0.113755	258.04
246.7000	0.131886	258.108
246.6000	0.126779	258.181
246.5000	0.111051	258.256
246.4000	0.135736	258.328
246.3000	0.146334	258.401
246.2000	0.151783	258.474
246.1000	0.12811	258.545
246.0000	0.106836	258.617
245.9000	0.104017	258.686
245.8000	0.0915717	258.755
245.7000	0.0870489	258.826
245.6000	0.0877205	258.899
245.5000	0.0949603	258.969
245.4000	0.113528	259.04
245.3000	0.126751	259.109
245.2000	0.120661	259.178
245.1000	0.113818	259.248
245.0000	0.103209	259.312
244.9000	0.0842765	259.373
244.8000	0.0793995	259.441
244.7000	0.0840208	259.509
244.6000	0.0785163	259.58
244.5000	0.0800543	259.648
244.4000	0.0785159	259.721
244.3000	0.0913175	259.795
244.2000	0.0956999	259.87
244.1000	0.0839407	259.944
244.0000	0.0968581	260.019
243.9000	0.101099	260.094
243.8000	0.0962198	260.169
243.7000	0.0982901	260.247
243.6000	0.0831518	260.321
243.5000	0.0876429	260.397
243.4000	0.0811243	260.473
243.3000	0.0708535	260.549
243.2000	0.0603458	260.629
243.1000	0.0726201	260.708
243.0000	0.0811707	260.786
242.9000	0.0812462	260.867
242.8000	0.0639841	260.951
242.7000	0.0872493	261.035
242.6000	0.0874598	261.116
242.5000	0.0990007	261.2
242.4000	0.106561	261.287
242.3000	0.10659	261.378
242.2000	0.104228	261.464
242.1000	0.0993367	261.554
242.0000	0.111191	261.651
241.9000	0.112729	261.748
241.8000	0.120685	261.841
241.7000	0.146645	261.943
241.6000	0.145349	262.042
241.5000	0.137651	262.147
241.4000	0.162865	262.246
241.3000	0.141065	262.343
241.2000	0.152204	262.443
241.1000	0.122352	262.544
241.0000	0.0893738	262.637
240.9000	0.0818713	262.73
240.8000	0.0924615	262.826
240.7000	0.0672545	262.926
240.6000	0.058577	263.026
240.5000	0.059934	263.129
240.4000	0.0657195	263.23
240.3000	0.0755414	263.337
240.2000	0.0790037	263.444
240.1000	0.0733839	263.55
240.0000	0.0570193	263.654
239.9000	0.0530183	263.762
239.8000	0.0630049	263.874
239.7000	0.0553045	263.987
239.6000	0.0553848	264.105
239.5000	0.0503309	264.228
239.4000	0.0601258	264.349
239.3000	0.0782155	264.47
239.2000	0.0752516	264.588
239.1000	0.0779593	264.713
239.0000	0.0776786	264.837
238.9000	0.0614865	264.962
238.8000	0.0735052	265.084
238.7000	0.0620609	265.209
238.6000	0.0649408	265.342
238.5000	0.0813715	265.478
238.4000	0.0560381	265.606
238.3000	0.042747	265.738
238.2000	0.0582185	265.869
238.1000	0.0576807	266.007
238.0000	0.0605185	266.141
237.9000	0.0620738	266.273
237.8000	0.0556896	266.402
237.7000	0.081823	266.533
237.6000	0.0711693	266.662
237.5000	0.0443602	266.791
237.4000	0.0145718	266.921
237.3000	-0.00317451	267.055
237.2000	-0.00908095	267.187
237.1000	-0.0150315	267.323
237.0000	-0.0311857	267.459
236.9000	-0.0344526	267.597
236.8000	-0.00512302	267.737
236.7000	0.0187233	267.875
236.6000	0.0100205	268.014
236.5000	-0.0208989	268.154
236.4000	-0.0241607	268.29
236.3000	-0.0203278	268.428
236.2000	-0.0308232	268.563
236.1000	-0.0458878	268.696
236.0000	-0.0512883	268.829
235.9000	-0.0263428	268.959
235.8000	0.00399947	269.087
235.7000	0.00231266	269.219
235.6000	0.0153026	269.353
235.5000	0.0265034	269.487
235.4000	0.0278221	269.619
235.3000	0.0151895	269.754
235.2000	-0.000892766	269.891
235.1000	-0.00439622	270.032
235.0000	0.00109039	270.168
234.9000	-0.000621006	270.305
234.8000	-0.00816993	270.443
234.7000	-0.0276085	270.581
234.6000	-0.0284459	270.717
234.5000	-0.00250265	270.854
234.4000	-0.00159089	270.988
234.3000	-0.00567548	271.121
234.2000	-0.0196531	271.253
234.1000	-0.00131037	271.386
234.0000	0.014466	271.514
233.9000	0.0142023	271.642
233.8000	-0.0178833	271.772
233.7000	-0.0294186	271.908
233.6000	-0.0346459	272.046
233.5000	-0.0416055	272.182
233.4000	-0.0592552	272.32
233.3000	-0.0527365	272.464
233.2000	-0.0705605	272.604
233.1000	-0.0866737	272.743
233.0000	-0.110922	272.878
232.9000	-0.115267	273.013
232.8000	-0.106285	273.151
232.7000	-0.105837	273.288
232.6000	-0.124074	273.425
232.5000	-0.0973782	273.562
232.4000	-0.0849906	273.704
232.3000	-0.0868026	273.844
232.2000	-0.0878539	273.984
232.1000	-0.119842	274.12
232.0000	-0.126302	274.262
231.9000	-0.132609	274.404
231.8000	-0.143844	274.548
231.7000	-0.134434	274.686
231.6000	-0.148311	274.827
231.5000	-0.151915	274.968
231.4000	-0.132084	275.115
231.3000	-0.168407	275.256
231.2000	-0.154764	275.395
231.1000	-0.156102	275.534
231.0000	-0.165935	275.676
230.9000	-0.152799	275.813
230.8000	-0.171803	275.949
230.7000	-0.167773	276.083
230.6000	-0.131723	276.221
230.5000	-0.157429	276.356
230.4000	-0.154041	276.491
230.3000	-0.142886	276.628
230.2000	-0.165569	276.767
230.1000	-0.152889	276.907
230.0000	-0.152254	277.044
229.9000	-0.138542	277.184
229.8000	-0.161502	277.325
229.7000	-0.152623	277.471
229.6000	-0.155518	277.618
229.5000	-0.166015	277.767
229.4000	-0.176538	277.917
229.3000	-0.175638	278.068
229.2000	-0.177001	278.222
229.1000	-0.170636	278.377
229.0000	-0.170842	278.532
228.9000	-0.179983	278.685
228.8000	-0.160235	278.837
228.7000	-0.155697	278.988
228.6000	-0.154369	279.143
228.5000	-0.139032	279.297
228.4000	-0.140599	279.452
228.3000	-0.157879	279.609
228.2000	-0.14585	279.77
228.1000	-0.153167	279.931
228.0000	-0.166806	280.093
227.9000	-0.196192	280.251
227.8000	-0.216548	280.41
227.7000	-0.226392	280.57
227.6000	-0.224546	280.723
227.5000	-0.244268	280.875
227.4000	-0.246203	281.031
227.3000	-0.23748	281.19
227.2000	-0.255287	281.35
227.1000	-0.265179	281.507
227.0000	-0.235502	281.661
226.9000	-0.261543	281.817
226.8000	-0.264718	281.971
226.7000	-0.264845	282.121
226.6000	-0.294558	282.262
226.5000	-0.275323	282.409
226.4000	-0.30945	282.551
226.3000	-0.340923	282.694
226.2000	-0.323108	282.839
226.1000	-0.348347	282.983
226.0000	-0.37786	283.126
225.9000	-0.360858	283.27
225.8000	-0.347514	283.409
225.7000	-0.324986	283.552
225.6000	-0.307627	283.69
225.5000	-0.279975	283.826
225.4000	-0.257078	283.957
225.3000	-0.227358	284.095
225.2000	-0.245487	284.233
225.1000	-0.247203	284.371
225.0000	-0.241692	284.508
224.9000	-0.264702	284.648
224.8000	-0.287771	284.787
224.7000	-0.302309	284.934
224.6000	-0.291195	285.077
224.5000	-0.283637	285.222
224.4000	-0.319004	285.362
224.3000	-0.337478	285.506
224.2000	-0.32803	285.652
224.1000	-0.341368	285.797
224.0000	-0.343653	285.941
223.9000	-0.364736	286.086
223.8000	-0.370383	286.23
223.7000	-0.33987	286.378
223.6000	-0.343104	286.524
223.5000	-0.368752	286.672
223.4000	-0.394306	286.816
223.3000	-0.374853	286.967
223.2000	-0.354918	287.117
223.1000	-0.357528	287.268
223.0000	-0.380664	287.417
222.9000	-0.389707	287.567
222.8000	-0.368103	287.719
222.7000	-0.360589	287.871
222.6000	-0.361968	288.02
222.5000	-0.380735	288.164
222.4000	-0.384023	288.314
222.3000	-0.396322	288.465
222.2000	-0.383437	288.615
222.1000	-0.404191	288.764
222.0000	-0.394157	288.914
221.9000	-0.400463	289.065
221.8000	-0.386639	289.22
221.7000	-0.376398	289.371
221.6000	-0.34841	289.517
221.5000	-0.341226	289.667
221.4000	-0.320905	289.818
221.3000	-0.344315	289.966
221.2000	-0.375146	290.108
221.1000	-0.391634	290.251
221.0000	-0.392066	290.392
220.9000	-0.416256	290.536
220.8000	-0.423994	290.675
220.7000	-0.472538	290.812
220.6000	-0.447003	290.95
220.5000	-0.475493	291.094
220.4000	-0.515211	291.231
220.3000	-0.525169	291.37
220.2000	-0.540365	291.508
220.1000	-0.555242	291.648
220.0000	-0.562523	291.783
219.9000	-0.564429	291.919
219.8000	-0.520071	292.055
219.7000	-0.506502	292.192
219.6000	-0.503623	292.327
219.5000	-0.506964	292.464
219.4000	-0.498436	292.598
219.3000	-0.466529	292.738
219.2000	-0.50469	292.877
219.1000	-0.529916	293.019
219.0000	-0.507162	293.157
218.9000	-0.529854	293.298
218.8000	-0.543279	293.438
218.7000	-0.538321	293.576
218.6000	-0.557679	293.713
218.5000	-0.5574	293.852
218.4000	-0.57068	293.99
218.3000	-0.571518	294.133
218.2000	-0.55293	294.272
218.1000	-0.544623	294.414
218.0000	-0.513882	294.557
217.9000	-0.498012	294.699
217.8000	-0.432838	294.842
217.7000	-0.384714	294.987
217.6000	-0.391544	295.132
217.5000	-0.395532	295.281
217.4000	-0.374415	295.426
217.3000	-0.398026	295.579
217.2000	-0.399402	295.73
217.1000	-0.449466	295.88
217.0000	-0.513658	296.026
216.9000	-0.544563	296.175
216.8000	-0.526886	296.324
216.7000	-0.543443	296.481
216.6000	-0.584334	296.631
216.5000	-0.568471	296.786
216.4000	-0.528317	296.946
216.3000	-0.500916	297.104
216.2000	-0.491114	297.258
216.1000	-0.484983	297.413
216.0000	-0.504495	297.56
215.9000	-0.488033	297.709
215.8000	-0.515272	297.852
215.7000	-0.54914	297.99
215.6000	-0.549126	298.127
215.5000	-0.56285	298.267
215.4000	-0.606694	298.405
215.3000	-0.609841	298.544
215.2000	-0.610679	298.681
215.1000	-0.605581	298.819
215.0000	-0.556366	298.96
214.9000	-0.545816	299.096
214.8000	-0.509181	299.234
214.7000	-0.464176	299.366
214.6000	-0.425199	299.502
214.5000	-0.429786	299.638
214.4000	-0.429598	299.775
214.3000	-0.466891	299.91
214.2000	-0.483904	300.044
214.1000	-0.51456	300.178
214.0000	-0.567353	300.318
213.9000	-0.546385	300.455
213.8000	-0.531288	300.596
213.7000	-0.522215	300.736
213.6000	-0.511682	300.879
213.5000	-0.512597	301.024
213.4000	-0.49483	301.169
213.3000	-0.490635	301.316
213.2000	-0.504396	301.468
213.1000	-0.588085	301.62
213.0000	-0.612944	301.776
212.9000	-0.565532	301.932
212.8000	-0.546231	302.093
212.7000	-0.572437	302.253
212.6000	-0.580249	302.417
212.5000	-0.610874	302.58
212.4000	-0.530524	302.745
212.3000	-0.555923	302.912
212.2000	-0.595104	303.079
212.1000	-0.617134	303.25
212.0000	-0.644393	303.422
211.9000	-0.669214	303.595
211.8000	-0.694893	303.767
211.7000	-0.715966	303.939
211.6000	-0.692507	304.113
211.5000	-0.695537	304.287
211.4000	-0.700214	304.459
211.3000	-0.659489	304.631
211.2000	-0.631246	304.802
211.1000	-0.58694	304.971
211.0000	-0.5814	305.14
210.9000	-0.580889	305.307
210.8000	-0.559911	305.47
210.7000	-0.576318	305.634
210.6000	-0.584672	305.797
210.5000	-0.605476	305.962
210.4000	-0.640411	306.127
210.3000	-0.660901	306.289
210.2000	-0.673065	306.453
210.1000	-0.69729	306.622
210.0000	-0.647416	306.788
209.9000	-0.653095	306.957
209.8000	-0.630825	307.124
209.7000	-0.618223	307.293
209.6000	-0.622293	307.466
209.5000	-0.61615	307.639
209.4000	-0.650615	307.81
209.3000	-0.69164	307.99
209.2000	-0.702977	308.165
209.1000	-0.719113	308.346
209.0000	-0.669826	308.53
208.9000	-0.670555	308.715
208.8000	-0.660086	308.902
208.7000	-0.651325	309.09
208.6000	-0.669941	309.271
208.5000	-0.672565	309.458
208.4000	-0.673784	309.645
208.3000	-0.759331	309.83
208.2000	-0.766731	310.017
208.1000	-0.801386	310.207
208.0000	-0.792367	310.398
207.9000	-0.755507	310.592
207.8000	-0.72895	310.785
207.7000	-0.743956	310.981
207.6000	-0.745053	311.181
207.5000	-0.783707	311.381
207.4000	-0.785739	311.577
207.3000	-0.809692	311.777
207.2000	-0.824781	311.984
207.1000	-0.902946	312.191
207.0000	-0.910211	312.396
206.9000	-0.873179	312.6
206.8000	-0.869349	312.802
206.7000	-0.907604	313.005
206.6000	-0.909459	313.202
206.5000	-0.910174	313.392
206.4000	-0.872148	313.586
206.3000	-0.863441	313.776
206.2000	-0.908488	313.964
206.1000	-0.888388	314.153
206.0000	-0.830878	314.342
205.9000	-0.850022	314.529
205.8000	-0.846395	314.716
205.7000	-0.876234	314.902
205.6000	-0.86681	315.086
205.5000	-0.869506	315.273
205.4000	-0.909295	315.456
205.3000	-0.913822	315.641
205.2000	-0.912472	315.832
205.1000	-0.963287	316.024
205.0000	-0.980753	316.213
204.9000	-1.00874	316.406
204.8000	-0.993832	316.6
204.7000	-1.03152	316.795
204.6000	-1.13066	316.987
204.5000	-1.12658	317.181
204.4000	-1.12527	317.371
204.3000	-1.11179	317.567
204.2000	-1.14844	317.758
204.1000	-1.19981	317.949
204.0000	-1.18889	318.142
203.9000	-1.1282	318.339
203.8000	-1.12681	318.535
203.7000	-1.14589	318.734
203.6000	-1.13592	318.927
203.5000	-1.10972	319.124
203.4000	-1.09815	319.322
203.3000	-1.06307	319.522
203.2000	-1.0721	319.72
203.1000	-1.10467	319.914
203.0000	-1.10328	320.104
202.9000	-1.12801	320.298
202.8000	-1.08044	320.493
202.7000	-1.04458	320.683
202.6000	-1.07423	320.87
202.5000	-1.07929	321.063
202.4000	-1.11126	321.255
202.3000	-1.11445	321.451
202.2000	-1.14202	321.644
202.1000	-1.20704	321.836
202.0000	-1.19436	322.03
201.9000	-1.23747	322.225
201.8000	-1.30815	322.416
201.7000	-1.24023	322.61
201.6000	-1.24792	322.799
201.5000	-1.19762	322.995
201.4000	-1.20357	323.186
201.3000	-1.22291	323.381
201.2000	-1.21596	323.571
201.1000	-1.14129	323.761
201.0000	-1.1478	323.951
200.9000	-1.17158	324.146
200.8000	-1.20441	324.339
200.7000	-1.20287	324.536
200.6000	-1.19113	324.729
200.5000	-1.16696	324.926
200.4000	-1.21264	325.122
200.3000	-1.22234	325.32
200.2000	-1.19482	325.515
200.1000	-1.25341	325.708
200.0000	-1.28914	325.901
199.9000	-1.24743	326.095
199.8000	-1.25025	326.289
199.7000	-1.23141	326.484
199.6000	-1.2182	326.671
199.5000	-1.16664	326.859
199.4000	-1.12143	327.045
199.3000	-1.11381	327.231
199.2000	-1.1485	327.411
199.1000	-1.16102	327.592
199.0000	-1.18451	327.771
198.9000	-1.2071	327.953
198.8000	-1.20814	328.129
198.7000	-1.20118	328.304
198.6000	-1.23607	328.476
198.5000	-1.21593	328.65
198.4000	-1.22779	328.825
198.3000	-1.18596	328.994
198.2000	-1.1735	329.164
198.1000	-1.17786	329.337
198.0000	-1.1699	329.506
197.9000	-1.15313	329.677
197.8000	-1.19155	329.849
197.7000	-1.18146	330.02
197.6000	-1.17981	330.194
197.5000	-1.15326	330.369
197.4000	-1.14108	330.547
197.3000	-1.1139	330.729
197.2000	-1.10521	330.908
197.1000	-1.06689	331.088
197.0000	-1.01061	331.269
196.9000	-1.05303	331.451
196.8000	-1.09524	331.629
196.7000	-1.12849	331.809
196.6000	-1.11918	331.988
196.5000	-1.09666	332.173
196.4000	-1.04903	332.353
196.3000	-1.04946	332.529
196.2000	-1.03657	332.705
196.1000	-1.01885	332.884
196.0000	-1.00315	333.061
195.9000	-1.04487	333.24
195.8000	-1.06638	333.404
195.7000	-1.09998	333.569
195.6000	-1.14223	333.734
195.5000	-1.07112	333.898
195.4000	-1.00083	334.057
195.3000	-0.95482	334.221
195.2000	-0.895413	334.396
195.1000	-0.866396	334.595
195.0000	-0.848971	334.804
194.9000	-0.823154	335.027
194.8000	-0.88356	335.261
194.7000	-0.867994	335.51
194.6000	-0.862297	335.761
194.5000	-0.861788	336.013
194.4000	-0.86606	336.262
194.3000	-0.847684	336.518
194.2000	-0.815218	336.77
194.1000	-0.74911	337.026
194.0000	-0.764407	337.285
193.9000	-0.764361	337.549
193.8000	-0.734136	337.815
193.7000	-0.694363	338.084
193.6000	-0.629613	338.354
193.5000	-0.61838	338.628
193.4000	-0.592465	338.903
193.3000	-0.565	339.183
193.2000	-0.588372	339.46
193.1000	-0.637769	339.742
193.0000	-0.690454	340.026
192.9000	-0.745549	340.314
192.8000	-0.781833	340.604
192.7000	-0.801912	340.893
192.6000	-0.796981	341.183
192.5000	-0.739942	341.478
192.4000	-0.728766	341.773
192.3000	-0.685735	342.073
192.2000	-0.615453	342.376
192.1000	-0.605871	342.686
192.0000	-0.586924	343
191.9000	-0.60296	343.322
191.8000	-0.649531	343.651
191.7000	-0.572004	343.98
191.6000	-0.537575	344.311
191.5000	-0.507622	344.645
191.4000	-0.537788	344.979
191.3000	-0.52461	345.318
191.2000	-0.501958	345.664
191.1000	-0.475322	346.017
191.0000	-0.527264	346.379
190.9000	-0.513607	346.746
190.8000	-0.566036	347.12
190.7000	-0.541132	347.507
190.6000	-0.577088	347.895
190.5000	-0.622327	348.286
190.4000	-0.586557	348.679
190.3000	-0.560499	349.078
190.2000	-0.562596	349.487
190.1000	-0.512793	349.902
190.0000	-0.501422	350.317
189.9000	-0.451331	350.745
189.8000	-0.369243	351.184
189.7000	-0.40245	351.635
189.6000	-0.333301	352.098
189.5000	-0.348802	352.571
189.4000	-0.32359	353.061
189.3000	-0.288366	353.567
189.2000	-0.26084	354.08
189.1000	-0.276065	354.61
189.0000	-0.261557	355.149
188.9000	-0.345307	355.704
188.8000	-0.26746	356.275
188.7000	-0.259973	356.861
188.6000	-0.282134	357.46
188.5000	-0.241191	358.077
188.4000	-0.17447	358.708
188.3000	-0.149159	359.362
188.2000	-0.153922	360.031
188.1000	-0.238748	360.716
188.0000	-0.190898	361.426
187.9000	-0.109176	362.161
187.8000	-0.144606	362.912
187.7000	-0.166162	363.691
187.6000	-0.134142	364.499
187.5000	-0.0581821	365.334
187.4000	-0.0128606	366.202
187.3000	-0.0314908	367.101
187.2000	-0.104522	368.035
187.1000	-0.0914518	369.014
187.0000	-0.0535892	370.027
186.9000	-0.0510655	371.076
186.8000	-0.120058	372.167
186.7000	-0.122091	373.307
186.6000	-0.125825	374.485
186.5000	-0.110419	375.706
186.4000	-0.0705555	376.964
186.3000	-0.103281	378.267
186.2000	-0.0577999	379.612
186.1000	0.0183998	381.007
186.0000	0.0435039	382.443
185.9000	0.0721553	383.943
185.8000	0.0882056	385.498
185.7000	0.136479	387.127
185.6000	0.121807	388.822
185.5000	0.0554416	390.606
185.4000	0.0689978	392.461
185.3000	0.0660624	394.409
185.2000	0.133766	396.438
185.1000	0.201233	398.572
185.0000	0.172021	400.798
