TITLE	03_251002F_0days
DATA TYPE	
ORIGIN	JASCO
OWNER	
DATE	25/10/02
TIME	15:58:27
SPECTROMETER/DATA SYSTEM	JASCO Corp., J-715, Rev. 1.00
RESOLUTION	
DELTAX	-0.1
XUNITS	NANOMETERS
YUNITS	CD[mdeg]
Y2UNITS	HT[V]
FIRSTX	260.0000
LASTX	185.0000
NPOINTS	751
FIRSTY	0.18000
MAXY	0.18000
MINY	-1.96767
XYDATA
260.0000	0.180003	254.946
259.9000	0.171236	254.964
259.8000	0.167874	254.992
259.7000	0.178418	255.028
259.6000	0.155356	255.075
259.5000	0.134579	255.14
259.4000	0.104377	255.21
259.3000	0.105189	255.285
259.2000	0.130914	255.358
259.1000	0.130756	255.43
259.0000	0.133349	255.504
258.9000	0.130406	255.575
258.8000	0.126771	255.64
258.7000	0.141869	255.706
258.6000	0.131436	255.774
258.5000	0.119215	255.845
258.4000	0.121185	255.917
258.3000	0.104066	255.983
258.2000	0.105742	256.048
258.1000	0.126204	256.121
258.0000	0.129895	256.199
257.9000	0.11005	256.272
257.8000	0.102959	256.342
257.7000	0.127151	256.416
257.6000	0.12767	256.487
257.5000	0.125591	256.564
257.4000	0.108438	256.634
257.3000	0.0973903	256.699
257.2000	0.0842139	256.767
257.1000	0.0808865	256.834
257.0000	0.0584235	256.898
256.9000	0.0527958	256.97
256.8000	0.0617221	257.035
256.7000	0.082764	257.103
256.6000	0.0793661	257.171
256.5000	0.0846066	257.241
256.4000	0.0890163	257.312
256.3000	0.0995783	257.385
256.2000	0.11552	257.458
256.1000	0.116577	257.53
256.0000	0.117579	257.599
255.9000	0.14874	257.668
255.8000	0.166313	257.739
255.7000	0.154122	257.809
255.6000	0.16165	257.874
255.5000	0.144394	257.938
255.4000	0.122891	258.003
255.3000	0.104018	258.07
255.2000	0.0662687	258.137
255.1000	0.0641463	258.206
255.0000	0.0817336	258.279
254.9000	0.0563597	258.345
254.8000	0.0607545	258.413
254.7000	0.0419294	258.478
254.6000	0.0617919	258.542
254.5000	0.0729568	258.609
254.4000	0.071883	258.674
254.3000	0.0741837	258.739
254.2000	0.0936374	258.813
254.1000	0.0798295	258.884
254.0000	0.0803803	258.957
253.9000	0.0562109	259.03
253.8000	0.0833608	259.1
253.7000	0.0919297	259.171
253.6000	0.0776442	259.242
253.5000	0.0896543	259.315
253.4000	0.148177	259.387
253.3000	0.160917	259.456
253.2000	0.171868	259.526
253.1000	0.144244	259.598
253.0000	0.139522	259.674
252.9000	0.130134	259.746
252.8000	0.101737	259.819
252.7000	0.0633421	259.888
252.6000	0.0453015	259.961
252.5000	0.0477384	260.039
252.4000	0.0556208	260.119
252.3000	0.0604647	260.195
252.2000	0.0508557	260.269
252.1000	0.0978025	260.345
252.0000	0.10054	260.425
251.9000	0.10894	260.501
251.8000	0.111904	260.577
251.7000	0.119484	260.648
251.6000	0.116665	260.717
251.5000	0.121959	260.789
251.4000	0.0977156	260.858
251.3000	0.126308	260.93
251.2000	0.102873	261.006
251.1000	0.0774314	261.078
251.0000	0.0602163	261.154
250.9000	0.0669618	261.231
250.8000	0.0522015	261.309
250.7000	0.0535565	261.39
250.6000	0.0577169	261.466
250.5000	0.0753691	261.535
250.4000	0.089295	261.606
250.3000	0.0761971	261.679
250.2000	0.0902198	261.754
250.1000	0.074853	261.825
250.0000	0.0661676	261.895
249.9000	0.0555652	261.961
249.8000	0.064521	262.037
249.7000	0.0627456	262.11
249.6000	0.0713026	262.184
249.5000	0.0551783	262.253
249.4000	0.0390748	262.325
249.3000	0.0185808	262.398
249.2000	0.0167	262.476
249.1000	0.00615443	262.547
249.0000	0.0155861	262.619
248.9000	-0.0158643	262.686
248.8000	-0.000630816	262.764
248.7000	0.0236335	262.837
248.6000	0.0368811	262.91
248.5000	0.0283328	262.978
248.4000	0.0290054	263.048
248.3000	0.0400056	263.12
248.2000	0.0706422	263.198
248.1000	0.0778588	263.265
248.0000	0.0811418	263.336
247.9000	0.0737908	263.408
247.8000	0.10532	263.479
247.7000	0.0873096	263.549
247.6000	0.0873076	263.624
247.5000	0.0760958	263.689
247.4000	0.0780548	263.76
247.3000	0.0748925	263.83
247.2000	0.0578235	263.896
247.1000	0.0417195	263.972
247.0000	0.0515816	264.049
246.9000	0.0617395	264.125
246.8000	0.0379624	264.205
246.7000	0.037685	264.28
246.6000	0.0263075	264.357
246.5000	0.0216854	264.44
246.4000	-0.00094225	264.52
246.3000	-0.00612438	264.599
246.2000	-0.00763337	264.672
246.1000	0.0309569	264.747
246.0000	0.0302305	264.82
245.9000	0.0418981	264.897
245.8000	0.0463759	264.975
245.7000	0.0634191	265.051
245.6000	0.0609013	265.125
245.5000	0.0751818	265.201
245.4000	0.0873389	265.279
245.3000	0.103836	265.362
245.2000	0.0980337	265.44
245.1000	0.12604	265.512
245.0000	0.120941	265.587
244.9000	0.104603	265.66
244.8000	0.0785756	265.737
244.7000	0.0511085	265.816
244.6000	0.0533494	265.894
244.5000	0.069318	265.969
244.4000	0.0676806	266.049
244.3000	0.0741353	266.125
244.2000	0.0897653	266.209
244.1000	0.101132	266.288
244.0000	0.0739619	266.369
243.9000	0.0718638	266.445
243.8000	0.0451627	266.52
243.7000	0.0471684	266.596
243.6000	0.0512136	266.677
243.5000	0.0428833	266.76
243.4000	0.0202981	266.841
243.3000	0.01429	266.921
243.2000	-0.00134508	267.003
243.1000	0.0187715	267.09
243.0000	0.0102066	267.182
242.9000	0.00732988	267.271
242.8000	0.00290448	267.354
242.7000	0.0106675	267.437
242.6000	0.0271954	267.525
242.5000	0.0203336	267.619
242.4000	0.00908424	267.713
242.3000	0.0147921	267.81
242.2000	0.0266912	267.906
242.1000	0.036218	268.004
242.0000	0.0592356	268.11
241.9000	0.0369993	268.209
241.8000	0.0472004	268.312
241.7000	0.0637109	268.414
241.6000	0.0424462	268.508
241.5000	0.00404815	268.607
241.4000	-0.0161943	268.707
241.3000	-0.0177309	268.811
241.2000	0.00190735	268.92
241.1000	0.0220055	269.025
241.0000	0.0252148	269.128
240.9000	0.0515411	269.232
240.8000	0.0763064	269.336
240.7000	0.0742361	269.445
240.6000	0.0937035	269.553
240.5000	0.114652	269.659
240.4000	0.0585834	269.764
240.3000	0.0373758	269.876
240.2000	0.0219285	269.988
240.1000	0.0252835	270.105
240.0000	0.0214172	270.221
239.9000	-0.00165254	270.335
239.8000	-0.0157292	270.452
239.7000	0.0239037	270.572
239.6000	0.0374941	270.692
239.5000	0.0380956	270.819
239.4000	0.0420806	270.944
239.3000	0.0604918	271.071
239.2000	0.060158	271.2
239.1000	0.0521692	271.327
239.0000	0.038336	271.459
238.9000	0.0218091	271.592
238.8000	0.00809903	271.726
238.7000	0.000742326	271.859
238.6000	-0.0422748	271.993
238.5000	-0.0825534	272.122
238.4000	-0.0560736	272.259
238.3000	-0.0402957	272.394
238.2000	-0.0352748	272.532
238.1000	-0.022044	272.671
238.0000	-0.0360352	272.807
237.9000	-0.0279779	272.943
237.8000	0.0182296	273.084
237.7000	-0.0313826	273.22
237.6000	-0.0572585	273.358
237.5000	-0.0776298	273.492
237.4000	-0.059892	273.631
237.3000	-0.0335403	273.769
237.2000	-0.0187655	273.908
237.1000	-0.0491309	274.046
237.0000	-0.0437811	274.182
236.9000	-0.0242683	274.326
236.8000	0.00341758	274.471
236.7000	-0.0338212	274.614
236.6000	-0.0716329	274.76
236.5000	-0.0708498	274.904
236.4000	-0.082357	275.047
236.3000	-0.11325	275.192
236.2000	-0.128218	275.335
236.1000	-0.122041	275.48
236.0000	-0.115867	275.626
235.9000	-0.0879275	275.77
235.8000	-0.111923	275.911
235.7000	-0.117416	276.054
235.6000	-0.0904431	276.2
235.5000	-0.116901	276.342
235.4000	-0.134239	276.482
235.3000	-0.11744	276.62
235.2000	-0.144673	276.761
235.1000	-0.100455	276.906
235.0000	-0.0887513	277.051
234.9000	-0.111721	277.191
234.8000	-0.114013	277.341
234.7000	-0.120748	277.492
234.6000	-0.131609	277.641
234.5000	-0.139521	277.79
234.4000	-0.146138	277.932
234.3000	-0.149505	278.067
234.2000	-0.133389	278.21
234.1000	-0.132623	278.353
234.0000	-0.161811	278.498
233.9000	-0.145298	278.64
233.8000	-0.136892	278.782
233.7000	-0.148381	278.927
233.6000	-0.133997	279.077
233.5000	-0.136301	279.225
233.4000	-0.120994	279.37
233.3000	-0.104034	279.514
233.2000	-0.126201	279.66
233.1000	-0.14078	279.809
233.0000	-0.13612	279.959
232.9000	-0.18625	280.105
232.8000	-0.221147	280.255
232.7000	-0.2234	280.407
232.6000	-0.214763	280.563
232.5000	-0.234342	280.714
232.4000	-0.214483	280.866
232.3000	-0.216718	281.021
232.2000	-0.188133	281.18
232.1000	-0.150658	281.341
232.0000	-0.168208	281.498
231.9000	-0.17578	281.658
231.8000	-0.161262	281.814
231.7000	-0.188314	281.965
231.6000	-0.174791	282.119
231.5000	-0.183078	282.273
231.4000	-0.1922	282.428
231.3000	-0.178864	282.585
231.2000	-0.165572	282.736
231.1000	-0.170422	282.888
231.0000	-0.182652	283.043
230.9000	-0.210596	283.195
230.8000	-0.203929	283.346
230.7000	-0.228865	283.497
230.6000	-0.248291	283.647
230.5000	-0.277051	283.793
230.4000	-0.263226	283.941
230.3000	-0.239581	284.092
230.2000	-0.240168	284.242
230.1000	-0.260766	284.393
230.0000	-0.277349	284.533
229.9000	-0.313899	284.682
229.8000	-0.318342	284.831
229.7000	-0.361605	284.983
229.6000	-0.35667	285.133
229.5000	-0.365852	285.285
229.4000	-0.3757	285.444
229.3000	-0.359628	285.611
229.2000	-0.364051	285.771
229.1000	-0.395248	285.936
229.0000	-0.378384	286.096
228.9000	-0.389537	286.259
228.8000	-0.373498	286.427
228.7000	-0.355392	286.591
228.6000	-0.354135	286.753
228.5000	-0.321066	286.918
228.4000	-0.317499	287.079
228.3000	-0.319235	287.248
228.2000	-0.3027	287.415
228.1000	-0.350209	287.58
228.0000	-0.359319	287.75
227.9000	-0.352959	287.917
227.8000	-0.357928	288.08
227.7000	-0.349384	288.246
227.6000	-0.353886	288.406
227.5000	-0.391553	288.564
227.4000	-0.388682	288.719
227.3000	-0.379723	288.877
227.2000	-0.403153	289.036
227.1000	-0.398192	289.194
227.0000	-0.410776	289.348
226.9000	-0.412822	289.5
226.8000	-0.374126	289.653
226.7000	-0.338491	289.807
226.6000	-0.40149	289.958
226.5000	-0.40652	290.113
226.4000	-0.410416	290.263
226.3000	-0.378713	290.421
226.2000	-0.400712	290.572
226.1000	-0.418231	290.723
226.0000	-0.427998	290.873
225.9000	-0.360305	291.02
225.8000	-0.318349	291.168
225.7000	-0.280775	291.315
225.6000	-0.282032	291.455
225.5000	-0.24982	291.6
225.4000	-0.237553	291.741
225.3000	-0.230941	291.887
225.2000	-0.229561	292.034
225.1000	-0.236192	292.182
225.0000	-0.284855	292.334
224.9000	-0.291353	292.483
224.8000	-0.331328	292.631
224.7000	-0.311881	292.778
224.6000	-0.325996	292.93
224.5000	-0.393083	293.083
224.4000	-0.409953	293.238
224.3000	-0.407222	293.382
224.2000	-0.412545	293.534
224.1000	-0.390462	293.685
224.0000	-0.424319	293.835
223.9000	-0.403452	293.984
223.8000	-0.389141	294.137
223.7000	-0.374468	294.288
223.6000	-0.377279	294.442
223.5000	-0.372735	294.592
223.4000	-0.36778	294.747
223.3000	-0.405092	294.902
223.2000	-0.375859	295.057
223.1000	-0.377579	295.209
223.0000	-0.413432	295.367
222.9000	-0.446856	295.528
222.8000	-0.482508	295.687
222.7000	-0.462909	295.841
222.6000	-0.431333	295.996
222.5000	-0.440671	296.156
222.4000	-0.45001	296.312
222.3000	-0.416561	296.472
222.2000	-0.389431	296.631
222.1000	-0.379414	296.792
222.0000	-0.42656	296.954
221.9000	-0.444943	297.119
221.8000	-0.451587	297.277
221.7000	-0.468036	297.441
221.6000	-0.470292	297.595
221.5000	-0.454222	297.747
221.4000	-0.447944	297.898
221.3000	-0.46154	298.051
221.2000	-0.487853	298.201
221.1000	-0.524295	298.352
221.0000	-0.558475	298.506
220.9000	-0.581103	298.654
220.8000	-0.599999	298.801
220.7000	-0.604116	298.948
220.6000	-0.584772	299.096
220.5000	-0.547441	299.249
220.4000	-0.523203	299.392
220.3000	-0.499371	299.531
220.2000	-0.539316	299.676
220.1000	-0.552829	299.818
220.0000	-0.56871	299.96
219.9000	-0.55699	300.102
219.8000	-0.554965	300.245
219.7000	-0.59567	300.385
219.6000	-0.620028	300.53
219.5000	-0.575093	300.671
219.4000	-0.526608	300.818
219.3000	-0.472829	300.96
219.2000	-0.484987	301.105
219.1000	-0.47898	301.246
219.0000	-0.414616	301.391
218.9000	-0.4074	301.53
218.8000	-0.400345	301.67
218.7000	-0.410229	301.806
218.6000	-0.509856	301.948
218.5000	-0.486992	302.09
218.4000	-0.50575	302.238
218.3000	-0.551224	302.381
218.2000	-0.560005	302.527
218.1000	-0.569279	302.679
218.0000	-0.570442	302.825
217.9000	-0.547475	302.972
217.8000	-0.543253	303.116
217.7000	-0.57953	303.26
217.6000	-0.5474	303.415
217.5000	-0.533211	303.564
217.4000	-0.5786	303.71
217.3000	-0.589772	303.862
217.2000	-0.585552	304.015
217.1000	-0.626521	304.167
217.0000	-0.638289	304.316
216.9000	-0.659059	304.466
216.8000	-0.612909	304.624
216.7000	-0.631852	304.779
216.6000	-0.646344	304.934
216.5000	-0.6299	305.082
216.4000	-0.628872	305.237
216.3000	-0.645923	305.389
216.2000	-0.648979	305.543
216.1000	-0.682805	305.695
216.0000	-0.658064	305.844
215.9000	-0.638161	305.989
215.8000	-0.630442	306.137
215.7000	-0.609546	306.279
215.6000	-0.610527	306.418
215.5000	-0.618278	306.559
215.4000	-0.600001	306.698
215.3000	-0.555468	306.839
215.2000	-0.58661	306.97
215.1000	-0.643617	307.105
215.0000	-0.665292	307.242
214.9000	-0.638982	307.381
214.8000	-0.663515	307.511
214.7000	-0.669158	307.639
214.6000	-0.710205	307.767
214.5000	-0.655769	307.897
214.4000	-0.619411	308.03
214.3000	-0.596691	308.161
214.2000	-0.544468	308.297
214.1000	-0.512152	308.433
214.0000	-0.51367	308.57
213.9000	-0.559327	308.707
213.8000	-0.629767	308.85
213.7000	-0.629787	308.995
213.6000	-0.637996	309.141
213.5000	-0.711541	309.284
213.4000	-0.705289	309.426
213.3000	-0.73909	309.571
213.2000	-0.692029	309.72
213.1000	-0.695111	309.869
213.0000	-0.7199	310.021
212.9000	-0.731665	310.172
212.8000	-0.730419	310.326
212.7000	-0.709702	310.485
212.6000	-0.700216	310.644
212.5000	-0.681388	310.806
212.4000	-0.638371	310.971
212.3000	-0.607862	311.136
212.2000	-0.635261	311.303
212.1000	-0.630314	311.47
212.0000	-0.689234	311.632
211.9000	-0.653323	311.798
211.8000	-0.686078	311.963
211.7000	-0.697903	312.126
211.6000	-0.689759	312.298
211.5000	-0.657941	312.474
211.4000	-0.617277	312.647
211.3000	-0.60552	312.819
211.2000	-0.639824	312.99
211.1000	-0.650875	313.157
211.0000	-0.68146	313.323
210.9000	-0.711763	313.482
210.8000	-0.775165	313.643
210.7000	-0.885488	313.799
210.6000	-0.905107	313.957
210.5000	-0.895816	314.116
210.4000	-0.864842	314.274
210.3000	-0.886075	314.433
210.2000	-0.868215	314.591
210.1000	-0.847775	314.745
210.0000	-0.800862	314.901
209.9000	-0.794005	315.06
209.8000	-0.80413	315.221
209.7000	-0.8624	315.382
209.6000	-0.838994	315.54
209.5000	-0.851187	315.7
209.4000	-0.853	315.866
209.3000	-0.843523	316.033
209.2000	-0.910489	316.205
209.1000	-0.904904	316.37
209.0000	-0.881875	316.541
208.9000	-0.910336	316.71
208.8000	-0.919471	316.88
208.7000	-0.958526	317.058
208.6000	-0.992862	317.236
208.5000	-0.945271	317.414
208.4000	-0.941014	317.596
208.3000	-0.954588	317.769
208.2000	-0.980436	317.949
208.1000	-0.987736	318.131
208.0000	-0.975549	318.316
207.9000	-0.974591	318.498
207.8000	-1.00669	318.68
207.7000	-1.07582	318.861
207.6000	-1.06785	319.047
207.5000	-1.0722	319.234
207.4000	-1.06744	319.42
207.3000	-1.01868	319.602
207.2000	-1.05043	319.788
207.1000	-1.07075	319.968
207.0000	-1.05124	320.149
206.9000	-1.06842	320.334
206.8000	-1.10612	320.515
206.7000	-1.09438	320.695
206.6000	-1.13917	320.871
206.5000	-1.08617	321.048
206.4000	-1.09624	321.23
206.3000	-1.03542	321.412
206.2000	-1.02913	321.59
206.1000	-1.05428	321.77
206.0000	-1.09092	321.948
205.9000	-1.08721	322.126
205.8000	-1.08367	322.302
205.7000	-1.03544	322.473
205.6000	-1.08957	322.646
205.5000	-1.09705	322.819
205.4000	-1.14428	322.995
205.3000	-1.16243	323.166
205.2000	-1.15526	323.342
205.1000	-1.22284	323.517
205.0000	-1.30757	323.7
204.9000	-1.35427	323.874
204.8000	-1.39201	324.049
204.7000	-1.36968	324.226
204.6000	-1.36458	324.41
204.5000	-1.36966	324.595
204.4000	-1.37769	324.781
204.3000	-1.39244	324.957
204.2000	-1.33882	325.143
204.1000	-1.34865	325.327
204.0000	-1.36229	325.513
203.9000	-1.40884	325.698
203.8000	-1.4583	325.878
203.7000	-1.47567	326.061
203.6000	-1.4639	326.25
203.5000	-1.51885	326.432
203.4000	-1.54543	326.615
203.3000	-1.50597	326.795
203.2000	-1.47701	326.975
203.1000	-1.48341	327.156
203.0000	-1.45067	327.336
202.9000	-1.52308	327.517
202.8000	-1.45096	327.701
202.7000	-1.47107	327.882
202.6000	-1.55095	328.069
202.5000	-1.57831	328.257
202.4000	-1.57664	328.44
202.3000	-1.6293	328.622
202.2000	-1.62567	328.805
202.1000	-1.68879	328.988
202.0000	-1.65629	329.173
201.9000	-1.66143	329.358
201.8000	-1.73269	329.539
201.7000	-1.77448	329.726
201.6000	-1.75492	329.913
201.5000	-1.78186	330.1
201.4000	-1.81158	330.286
201.3000	-1.85916	330.47
201.2000	-1.81638	330.657
201.1000	-1.78371	330.847
201.0000	-1.73683	331.037
200.9000	-1.75737	331.233
200.8000	-1.75343	331.428
200.7000	-1.75537	331.625
200.6000	-1.75162	331.823
200.5000	-1.82701	332.019
200.4000	-1.87845	332.215
200.3000	-1.95586	332.414
200.2000	-1.96767	332.607
200.1000	-1.94849	332.801
200.0000	-1.92047	332.995
199.9000	-1.93831	333.188
199.8000	-1.90798	333.382
199.7000	-1.87299	333.576
199.6000	-1.84947	333.763
199.5000	-1.8162	333.949
199.4000	-1.83491	334.137
199.3000	-1.83854	334.323
199.2000	-1.8731	334.508
199.1000	-1.87658	334.684
199.0000	-1.84182	334.863
198.9000	-1.81601	335.046
198.8000	-1.87553	335.235
198.7000	-1.87677	335.418
198.6000	-1.8726	335.599
198.5000	-1.86074	335.778
198.4000	-1.84697	335.966
198.3000	-1.91388	336.149
198.2000	-1.96234	336.33
198.1000	-1.91919	336.507
198.0000	-1.91694	336.689
197.9000	-1.86964	336.875
197.8000	-1.85811	337.064
197.7000	-1.85122	337.253
197.6000	-1.76313	337.443
197.5000	-1.67112	337.636
197.4000	-1.67728	337.832
197.3000	-1.71095	338.027
197.2000	-1.66436	338.223
197.1000	-1.62899	338.421
197.0000	-1.63757	338.62
196.9000	-1.67877	338.817
196.8000	-1.73704	339.018
196.7000	-1.7828	339.213
196.6000	-1.8013	339.411
196.5000	-1.85669	339.61
196.4000	-1.85276	339.807
196.3000	-1.85799	340.003
196.2000	-1.8068	340.201
196.1000	-1.81428	340.401
196.0000	-1.80962	340.604
195.9000	-1.77777	340.808
195.8000	-1.71018	341.006
195.7000	-1.66439	341.197
195.6000	-1.6431	341.389
195.5000	-1.67906	341.582
195.4000	-1.59261	341.774
195.3000	-1.56659	341.97
195.2000	-1.62441	342.175
195.1000	-1.64297	342.392
195.0000	-1.71405	342.631
194.9000	-1.75928	342.885
194.8000	-1.75176	343.154
194.7000	-1.72482	343.436
194.6000	-1.70958	343.727
194.5000	-1.63455	344.014
194.4000	-1.59066	344.306
194.3000	-1.5326	344.598
194.2000	-1.54679	344.894
194.1000	-1.56122	345.189
194.0000	-1.60318	345.478
193.9000	-1.55149	345.768
193.8000	-1.58192	346.065
193.7000	-1.62911	346.364
193.6000	-1.62659	346.664
193.5000	-1.55259	346.967
193.4000	-1.49787	347.269
193.3000	-1.39505	347.574
193.2000	-1.37642	347.88
193.1000	-1.34831	348.189
193.0000	-1.3607	348.504
192.9000	-1.38928	348.816
192.8000	-1.37585	349.129
192.7000	-1.37595	349.445
192.6000	-1.38267	349.766
192.5000	-1.34137	350.086
192.4000	-1.33058	350.41
192.3000	-1.27518	350.732
192.2000	-1.30553	351.061
192.1000	-1.27116	351.387
192.0000	-1.29621	351.711
191.9000	-1.30881	352.038
191.8000	-1.40178	352.375
191.7000	-1.42396	352.715
191.6000	-1.34223	353.06
191.5000	-1.16875	353.403
191.4000	-1.16592	353.75
191.3000	-1.1554	354.11
191.2000	-1.1317	354.472
191.1000	-1.1074	354.846
191.0000	-1.07051	355.22
190.9000	-1.15627	355.599
190.8000	-1.29649	355.986
190.7000	-1.30587	356.383
190.6000	-1.32295	356.791
190.5000	-1.37337	357.197
190.4000	-1.32603	357.604
190.3000	-1.30597	358.021
190.2000	-1.29608	358.452
190.1000	-1.17774	358.889
190.0000	-1.20857	359.331
189.9000	-1.19002	359.773
189.8000	-1.13662	360.229
189.7000	-1.08755	360.694
189.6000	-1.1787	361.171
189.5000	-1.1721	361.656
189.4000	-1.13632	362.149
189.3000	-1.10112	362.652
189.2000	-1.09876	363.17
189.1000	-1.06223	363.708
189.0000	-0.983461	364.265
188.9000	-0.824271	364.83
188.8000	-0.847079	365.404
188.7000	-0.862436	365.99
188.6000	-0.847684	366.596
188.5000	-0.790724	367.216
188.4000	-0.82709	367.851
188.3000	-0.861629	368.497
188.2000	-0.862496	369.162
188.1000	-0.815842	369.841
188.0000	-0.786832	370.542
187.9000	-0.795055	371.262
187.8000	-0.807172	372.006
187.7000	-0.716025	372.774
187.6000	-0.654996	373.574
187.5000	-0.658996	374.406
187.4000	-0.612289	375.269
187.3000	-0.549385	376.163
187.2000	-0.534221	377.091
187.1000	-0.474885	378.057
187.0000	-0.41554	379.058
186.9000	-0.374385	380.088
186.8000	-0.286486	381.156
186.7000	-0.325253	382.264
186.6000	-0.261201	383.404
186.5000	-0.228551	384.592
186.4000	-0.314303	385.819
186.3000	-0.404067	387.09
186.2000	-0.340009	388.405
186.1000	-0.332726	389.756
186.0000	-0.322979	391.156
185.9000	-0.377184	392.609
185.8000	-0.349248	394.116
185.7000	-0.220887	395.686
185.6000	-0.305458	397.332
185.5000	-0.436688	399.052
185.4000	-0.446196	400.864
185.3000	-0.368933	402.759
185.2000	-0.155856	404.74
185.1000	-0.175832	406.813
185.0000	-0.0597621	408.988
