TITLE	01_251002E_1days
DATA TYPE	
ORIGIN	JASCO
OWNER	
DATE	25/10/03
TIME	12:58:04
SPECTROMETER/DATA SYSTEM	JASCO Corp., J-715, Rev. 1.00
RESOLUTION	
DELTAX	-0.1
XUNITS	NANOMETERS
YUNITS	CD[mdeg]
Y2UNITS	HT[V]
FIRSTX	260.0000
LASTX	185.0000
NPOINTS	751
FIRSTY	0.14526
MAXY	0.26285
MINY	-0.45266
XYDATA
260.0000	0.145262	255.064
259.9000	0.157509	255.08
259.8000	0.176958	255.104
259.7000	0.20522	255.136
259.6000	0.211562	255.181
259.5000	0.190907	255.236
259.4000	0.214053	255.305
259.3000	0.222239	255.378
259.2000	0.211186	255.449
259.1000	0.195977	255.522
259.0000	0.174496	255.597
258.9000	0.166554	255.671
258.8000	0.177477	255.74
258.7000	0.169919	255.807
258.6000	0.192305	255.878
258.5000	0.173711	255.947
258.4000	0.167315	256.02
258.3000	0.179764	256.09
258.2000	0.161097	256.159
258.1000	0.117813	256.23
258.0000	0.101179	256.305
257.9000	0.0668238	256.377
257.8000	0.0640206	256.448
257.7000	0.0445724	256.515
257.6000	0.0393199	256.584
257.5000	0.056266	256.656
257.4000	0.0782914	256.727
257.3000	0.118093	256.795
257.2000	0.137266	256.862
257.1000	0.178743	256.929
257.0000	0.176156	256.998
256.9000	0.188028	257.068
256.8000	0.183052	257.138
256.7000	0.167218	257.204
256.6000	0.133624	257.27
256.5000	0.126945	257.332
256.4000	0.123456	257.403
256.3000	0.13	257.47
256.2000	0.11135	257.538
256.1000	0.119152	257.605
256.0000	0.133124	257.678
255.9000	0.121462	257.75
255.8000	0.101956	257.822
255.7000	0.0890277	257.89
255.6000	0.107029	257.957
255.5000	0.105652	258.021
255.4000	0.096255	258.091
255.3000	0.0967031	258.159
255.2000	0.097507	258.23
255.1000	0.0956873	258.303
255.0000	0.0836993	258.375
254.9000	0.0925409	258.445
254.8000	0.0808696	258.516
254.7000	0.106861	258.583
254.6000	0.12346	258.649
254.5000	0.155571	258.712
254.4000	0.206638	258.775
254.3000	0.22379	258.843
254.2000	0.210523	258.917
254.1000	0.262855	258.989
254.0000	0.24858	259.059
253.9000	0.226696	259.131
253.8000	0.208298	259.207
253.7000	0.163422	259.282
253.6000	0.150127	259.357
253.5000	0.152851	259.428
253.4000	0.123571	259.502
253.3000	0.137523	259.573
253.2000	0.165797	259.643
253.1000	0.184014	259.713
253.0000	0.213556	259.783
252.9000	0.23507	259.854
252.8000	0.21152	259.926
252.7000	0.191625	259.997
252.6000	0.181502	260.071
252.5000	0.187239	260.145
252.4000	0.174968	260.217
252.3000	0.127482	260.289
252.2000	0.0940276	260.368
252.1000	0.088528	260.444
252.0000	0.109225	260.521
251.9000	0.0738134	260.592
251.8000	0.0337002	260.667
251.7000	0.061402	260.74
251.6000	0.0539944	260.815
251.5000	0.0707105	260.881
251.4000	0.0943067	260.953
251.3000	0.103313	261.025
251.2000	0.112962	261.102
251.1000	0.144625	261.178
251.0000	0.140095	261.257
250.9000	0.133847	261.338
250.8000	0.122576	261.418
250.7000	0.102376	261.493
250.6000	0.0594765	261.567
250.5000	0.0693796	261.637
250.4000	0.0516973	261.713
250.3000	0.0515538	261.784
250.2000	0.0624835	261.853
250.1000	0.0571852	261.923
250.0000	0.0673381	261.995
249.9000	0.0844864	262.067
249.8000	0.0720772	262.14
249.7000	0.0735847	262.211
249.6000	0.107043	262.285
249.5000	0.11195	262.358
249.4000	0.0988717	262.43
249.3000	0.103852	262.503
249.2000	0.122647	262.578
249.1000	0.114433	262.647
249.0000	0.110859	262.717
248.9000	0.0737141	262.786
248.8000	0.0559837	262.855
248.7000	0.0514152	262.921
248.6000	0.0409926	262.991
248.5000	0.0374397	263.059
248.4000	0.0499904	263.132
248.3000	0.0377821	263.203
248.2000	0.0396423	263.278
248.1000	0.0451885	263.351
248.0000	0.0735906	263.425
247.9000	0.0824037	263.494
247.8000	0.068741	263.564
247.7000	0.0366268	263.637
247.6000	0.037383	263.71
247.5000	0.064598	263.779
247.4000	0.0716833	263.852
247.3000	0.0574705	263.927
247.2000	0.0389104	264.003
247.1000	0.0389968	264.081
247.0000	0.0573878	264.159
246.9000	0.0680193	264.238
246.8000	0.0520269	264.321
246.7000	0.052656	264.395
246.6000	0.0584893	264.472
246.5000	0.0537612	264.551
246.4000	0.055476	264.627
246.3000	0.0613078	264.702
246.2000	0.076962	264.775
246.1000	0.108587	264.848
246.0000	0.109521	264.929
245.9000	0.101172	265.002
245.8000	0.124387	265.081
245.7000	0.136302	265.158
245.6000	0.13918	265.236
245.5000	0.102484	265.312
245.4000	0.0721924	265.387
245.3000	0.0977417	265.461
245.2000	0.115498	265.54
245.1000	0.130605	265.613
245.0000	0.0812732	265.688
244.9000	0.0875019	265.759
244.8000	0.106777	265.833
244.7000	0.104256	265.909
244.6000	0.0866401	265.989
244.5000	0.0816911	266.067
244.4000	0.0672065	266.144
244.3000	0.0832011	266.222
244.2000	0.0573091	266.302
244.1000	0.0418998	266.379
244.0000	0.0503212	266.46
243.9000	0.0219613	266.535
243.8000	0.0128823	266.609
243.7000	0.0112241	266.689
243.6000	-0.00136793	266.768
243.5000	0.0111558	266.848
243.4000	0.0140722	266.926
243.3000	0.00154302	267.005
243.2000	-0.0216573	267.09
243.1000	-0.0189794	267.175
243.0000	-0.0157873	267.26
242.9000	0.0142522	267.348
242.8000	0.0146088	267.438
242.7000	0.0263008	267.531
242.6000	0.0440973	267.624
242.5000	0.0802375	267.714
242.4000	0.0423759	267.806
242.3000	0.0481591	267.9
242.2000	0.0400588	267.996
242.1000	0.051103	268.091
242.0000	0.0460866	268.189
241.9000	0.0613486	268.286
241.8000	0.0786856	268.387
241.7000	0.10848	268.491
241.6000	0.11003	268.59
241.5000	0.101507	268.694
241.4000	0.099838	268.796
241.3000	0.0725423	268.898
241.2000	0.0461246	269
241.1000	0.0406238	269.105
241.0000	0.0391508	269.206
240.9000	0.0239578	269.31
240.8000	0.0355661	269.411
240.7000	0.0315954	269.516
240.6000	0.0221565	269.618
240.5000	0.0341259	269.722
240.4000	0.0377846	269.83
240.3000	0.0460888	269.944
240.2000	0.0717883	270.058
240.1000	0.0456211	270.173
240.0000	0.0420891	270.288
239.9000	0.0591911	270.406
239.8000	0.0420128	270.525
239.7000	0.0305449	270.649
239.6000	0.0178461	270.77
239.5000	0.0125853	270.89
239.4000	0.0659337	271.018
239.3000	0.0716793	271.144
239.2000	0.086041	271.278
239.1000	0.103138	271.408
239.0000	0.121515	271.532
238.9000	0.12235	271.657
238.8000	0.101356	271.787
238.7000	0.0915021	271.912
238.6000	0.118347	272.043
238.5000	0.129667	272.175
238.4000	0.174851	272.312
238.3000	0.168605	272.442
238.2000	0.179695	272.576
238.1000	0.16802	272.715
238.0000	0.109997	272.853
237.9000	0.0596672	272.988
237.8000	0.0260353	273.122
237.7000	-0.0272917	273.257
237.6000	-0.0590367	273.396
237.5000	-0.0797818	273.532
237.4000	-0.0622615	273.667
237.3000	-0.0304436	273.804
237.2000	-0.0134423	273.941
237.1000	-0.0140818	274.08
237.0000	-0.0215801	274.22
236.9000	-0.0185274	274.36
236.8000	-0.00601485	274.503
236.7000	-0.00664741	274.644
236.6000	-0.0388349	274.786
236.5000	-0.05888	274.927
236.4000	-0.042816	275.068
236.3000	-0.0362833	275.207
236.2000	-0.0412578	275.351
236.1000	-0.029632	275.495
236.0000	-0.0246155	275.639
235.9000	0.0142386	275.78
235.8000	0.0339396	275.921
235.7000	0.0121387	276.061
235.6000	0.0273886	276.202
235.5000	0.0366305	276.341
235.4000	0.0122977	276.477
235.3000	-0.00704577	276.611
235.2000	-0.00283718	276.746
235.1000	-0.011384	276.881
235.0000	-0.0028419	277.016
234.9000	0.00233824	277.155
234.8000	-0.0108515	277.296
234.7000	-0.0106151	277.435
234.6000	-0.0100923	277.577
234.5000	-0.0152014	277.722
234.4000	-0.020395	277.864
234.3000	-0.0312564	278.007
234.2000	-0.0600368	278.146
234.1000	-0.0600499	278.285
234.0000	-0.0363241	278.424
233.9000	-0.0132961	278.559
233.8000	-0.0388724	278.695
233.7000	-0.0754461	278.838
233.6000	-0.0849545	278.982
233.5000	-0.0736823	279.126
233.4000	-0.0632214	279.265
233.3000	-0.0855255	279.409
233.2000	-0.116772	279.552
233.1000	-0.100511	279.701
233.0000	-0.0900569	279.846
232.9000	-0.121575	279.983
232.8000	-0.115717	280.127
232.7000	-0.113243	280.273
232.6000	-0.11154	280.419
232.5000	-0.0797287	280.563
232.4000	-0.0333955	280.707
232.3000	-0.017608	280.857
232.2000	0.0128247	281.01
232.1000	0.0181345	281.163
232.0000	0.0271166	281.324
231.9000	0.0024341	281.481
231.8000	-0.0124546	281.644
231.7000	-0.055632	281.79
231.6000	-0.0567933	281.938
231.5000	-0.0647684	282.087
231.4000	-0.0976652	282.233
231.3000	-0.108372	282.374
231.2000	-0.0961212	282.517
231.1000	-0.110936	282.656
231.0000	-0.124879	282.804
230.9000	-0.13577	282.951
230.8000	-0.124845	283.099
230.7000	-0.123557	283.24
230.6000	-0.117548	283.38
230.5000	-0.130887	283.522
230.4000	-0.149769	283.668
230.3000	-0.145257	283.812
230.2000	-0.151207	283.954
230.1000	-0.158583	284.095
230.0000	-0.155471	284.238
229.9000	-0.151684	284.384
229.8000	-0.159519	284.528
229.7000	-0.156872	284.67
229.6000	-0.161105	284.818
229.5000	-0.172408	284.968
229.4000	-0.15015	285.121
229.3000	-0.162228	285.276
229.2000	-0.132104	285.43
229.1000	-0.106603	285.582
229.0000	-0.0950518	285.737
228.9000	-0.09133	285.89
228.8000	-0.0865897	286.047
228.7000	-0.0923564	286.202
228.6000	-0.100139	286.355
228.5000	-0.10216	286.513
228.4000	-0.120205	286.678
228.3000	-0.139191	286.84
228.2000	-0.134575	287
228.1000	-0.132629	287.156
228.0000	-0.153781	287.317
227.9000	-0.133769	287.477
227.8000	-0.152109	287.636
227.7000	-0.132993	287.79
227.6000	-0.123654	287.945
227.5000	-0.12955	288.094
227.4000	-0.140393	288.245
227.3000	-0.169217	288.393
227.2000	-0.230618	288.546
227.1000	-0.221802	288.689
227.0000	-0.202875	288.834
226.9000	-0.210742	288.972
226.8000	-0.201475	289.122
226.7000	-0.233877	289.273
226.6000	-0.207797	289.414
226.5000	-0.219157	289.552
226.4000	-0.220059	289.693
226.3000	-0.259234	289.834
226.2000	-0.282925	289.981
226.1000	-0.283627	290.123
226.0000	-0.273172	290.263
225.9000	-0.2743	290.403
225.8000	-0.26159	290.546
225.7000	-0.280575	290.685
225.6000	-0.250204	290.828
225.5000	-0.241877	290.968
225.4000	-0.230005	291.108
225.3000	-0.201974	291.247
225.2000	-0.244201	291.383
225.1000	-0.241953	291.522
225.0000	-0.221855	291.661
224.9000	-0.269237	291.797
224.8000	-0.291439	291.938
224.7000	-0.307355	292.072
224.6000	-0.315595	292.216
224.5000	-0.26511	292.356
224.4000	-0.296951	292.498
224.3000	-0.302062	292.64
224.2000	-0.290726	292.786
224.1000	-0.266714	292.927
224.0000	-0.270803	293.073
223.9000	-0.262972	293.213
223.8000	-0.284105	293.36
223.7000	-0.269298	293.503
223.6000	-0.26324	293.649
223.5000	-0.280677	293.791
223.4000	-0.312	293.931
223.3000	-0.305359	294.075
223.2000	-0.374299	294.22
223.1000	-0.360412	294.363
223.0000	-0.365064	294.507
222.9000	-0.329157	294.651
222.8000	-0.309677	294.794
222.7000	-0.303569	294.941
222.6000	-0.319758	295.093
222.5000	-0.305156	295.245
222.4000	-0.331154	295.394
222.3000	-0.345402	295.538
222.2000	-0.384829	295.682
222.1000	-0.408249	295.829
222.0000	-0.452664	295.974
221.9000	-0.424574	296.114
221.8000	-0.425911	296.258
221.7000	-0.418917	296.408
221.6000	-0.45064	296.556
221.5000	-0.43852	296.698
221.4000	-0.382035	296.841
221.3000	-0.3577	296.986
221.2000	-0.360479	297.126
221.1000	-0.312091	297.264
221.0000	-0.316119	297.399
220.9000	-0.329103	297.535
220.8000	-0.34301	297.672
220.7000	-0.380298	297.803
220.6000	-0.374588	297.94
220.5000	-0.366846	298.076
220.4000	-0.387066	298.213
220.3000	-0.356624	298.35
220.2000	-0.302534	298.483
220.1000	-0.287874	298.614
220.0000	-0.26178	298.746
219.9000	-0.275564	298.873
219.8000	-0.279136	299.004
219.7000	-0.253338	299.133
219.6000	-0.272324	299.262
219.5000	-0.305651	299.388
219.4000	-0.342508	299.517
219.3000	-0.350531	299.645
219.2000	-0.311324	299.776
219.1000	-0.334814	299.904
219.0000	-0.328309	300.031
218.9000	-0.30626	300.156
218.8000	-0.303236	300.283
218.7000	-0.32377	300.41
218.6000	-0.362052	300.542
218.5000	-0.366819	300.671
218.4000	-0.334501	300.801
218.3000	-0.332812	300.929
218.2000	-0.322491	301.056
218.1000	-0.29736	301.191
218.0000	-0.28007	301.329
217.9000	-0.23651	301.46
217.8000	-0.249842	301.593
217.7000	-0.277852	301.722
217.6000	-0.303151	301.856
217.5000	-0.311924	301.994
217.4000	-0.313439	302.127
217.3000	-0.327464	302.255
217.2000	-0.340387	302.389
217.1000	-0.356617	302.525
217.0000	-0.330649	302.665
216.9000	-0.296034	302.803
216.8000	-0.245674	302.938
216.7000	-0.235244	303.079
216.6000	-0.171092	303.218
216.5000	-0.148124	303.357
216.4000	-0.116349	303.496
216.3000	-0.142255	303.634
216.2000	-0.190068	303.772
216.1000	-0.242486	303.91
216.0000	-0.247956	304.045
215.9000	-0.295133	304.183
215.8000	-0.326568	304.317
215.7000	-0.3133	304.443
215.6000	-0.334595	304.567
215.5000	-0.324223	304.688
215.4000	-0.300807	304.809
215.3000	-0.28395	304.928
215.2000	-0.277134	305.053
215.1000	-0.274268	305.172
215.0000	-0.277206	305.294
214.9000	-0.170741	305.419
214.8000	-0.177945	305.539
214.7000	-0.207392	305.655
214.6000	-0.260671	305.772
214.5000	-0.253256	305.885
214.4000	-0.262474	306.001
214.3000	-0.296684	306.116
214.2000	-0.362392	306.229
214.1000	-0.367797	306.345
214.0000	-0.341369	306.464
213.9000	-0.319041	306.582
213.8000	-0.329663	306.703
213.7000	-0.308684	306.825
213.6000	-0.352396	306.949
213.5000	-0.348354	307.069
213.4000	-0.324152	307.196
213.3000	-0.341267	307.321
213.2000	-0.334091	307.449
213.1000	-0.356161	307.574
213.0000	-0.376592	307.707
212.9000	-0.294867	307.841
212.8000	-0.284314	307.973
212.7000	-0.270102	308.108
212.6000	-0.278989	308.247
212.5000	-0.236421	308.388
212.4000	-0.195256	308.53
212.3000	-0.179415	308.668
212.2000	-0.22004	308.811
212.1000	-0.20795	308.959
212.0000	-0.226399	309.104
211.9000	-0.238025	309.247
211.8000	-0.23456	309.392
211.7000	-0.210875	309.537
211.6000	-0.210019	309.68
211.5000	-0.261515	309.822
211.4000	-0.269878	309.963
211.3000	-0.258758	310.107
211.2000	-0.222891	310.248
211.1000	-0.231488	310.383
211.0000	-0.256504	310.521
210.9000	-0.213877	310.66
210.8000	-0.152208	310.798
210.7000	-0.145082	310.927
210.6000	-0.127801	311.061
210.5000	-0.169276	311.194
210.4000	-0.200448	311.329
210.3000	-0.18185	311.462
210.2000	-0.173555	311.59
210.1000	-0.150958	311.72
210.0000	-0.172269	311.857
209.9000	-0.160351	311.996
209.8000	-0.107469	312.138
209.7000	-0.0811537	312.278
209.6000	-0.0922434	312.419
209.5000	-0.123772	312.558
209.4000	-0.100177	312.702
209.3000	-0.0819144	312.844
209.2000	-0.162751	312.985
209.1000	-0.189625	313.125
209.0000	-0.270323	313.267
208.9000	-0.270825	313.405
208.8000	-0.287389	313.553
208.7000	-0.319754	313.701
208.6000	-0.277625	313.848
208.5000	-0.246206	313.992
208.4000	-0.204389	314.134
208.3000	-0.141383	314.275
208.2000	-0.109681	314.423
208.1000	-0.125537	314.568
208.0000	-0.192683	314.714
207.9000	-0.239053	314.862
207.8000	-0.189067	315.008
207.7000	-0.156616	315.161
207.6000	-0.133939	315.312
207.5000	-0.18061	315.464
207.4000	-0.148731	315.61
207.3000	-0.0491512	315.757
207.2000	-0.0886351	315.903
207.1000	-0.124396	316.048
207.0000	-0.15675	316.191
206.9000	-0.210896	316.335
206.8000	-0.203415	316.475
206.7000	-0.179101	316.619
206.6000	-0.211066	316.762
206.5000	-0.221122	316.902
206.4000	-0.263734	317.044
206.3000	-0.260515	317.179
206.2000	-0.244831	317.317
206.1000	-0.222197	317.454
206.0000	-0.306089	317.589
205.9000	-0.339363	317.727
205.8000	-0.258685	317.863
205.7000	-0.210799	317.993
205.6000	-0.208101	318.121
205.5000	-0.183162	318.246
205.4000	-0.19158	318.37
205.3000	-0.162167	318.494
205.2000	-0.17852	318.618
205.1000	-0.209399	318.743
205.0000	-0.220473	318.872
204.9000	-0.240814	318.999
204.8000	-0.259151	319.127
204.7000	-0.234877	319.256
204.6000	-0.232349	319.384
204.5000	-0.215782	319.511
204.4000	-0.242943	319.638
204.3000	-0.221502	319.767
204.2000	-0.191775	319.896
204.1000	-0.185991	320.023
204.0000	-0.202151	320.149
203.9000	-0.141389	320.28
203.8000	-0.108424	320.409
203.7000	-0.0966715	320.536
203.6000	-0.145921	320.662
203.5000	-0.202515	320.785
203.4000	-0.186547	320.912
203.3000	-0.182593	321.036
203.2000	-0.246603	321.159
203.1000	-0.32873	321.279
203.0000	-0.336158	321.403
202.9000	-0.271757	321.524
202.8000	-0.228533	321.648
202.7000	-0.24736	321.763
202.6000	-0.240881	321.882
202.5000	-0.217198	321.999
202.4000	-0.168145	322.113
202.3000	-0.173051	322.225
202.2000	-0.189377	322.338
202.1000	-0.205914	322.453
202.0000	-0.224209	322.567
201.9000	-0.205029	322.679
201.8000	-0.227127	322.793
201.7000	-0.137685	322.915
201.6000	-0.119608	323.035
201.5000	-0.17363	323.153
201.4000	-0.149482	323.265
201.3000	-0.116516	323.38
201.2000	-0.0772208	323.498
201.1000	-0.0567806	323.62
201.0000	-0.136744	323.734
200.9000	-0.117847	323.844
200.8000	-0.0839685	323.956
200.7000	-0.0968205	324.072
200.6000	-0.158925	324.19
200.5000	-0.228779	324.305
200.4000	-0.228943	324.424
200.3000	-0.190654	324.545
200.2000	-0.175004	324.664
200.1000	-0.185623	324.784
200.0000	-0.180391	324.907
199.9000	-0.129576	325.023
199.8000	-0.136545	325.141
199.7000	-0.115814	325.25
199.6000	-0.148765	325.358
199.5000	-0.214126	325.465
199.4000	-0.229255	325.57
199.3000	-0.245017	325.672
199.2000	-0.216767	325.775
199.1000	-0.210298	325.875
199.0000	-0.169225	325.975
198.9000	-0.166794	326.081
198.8000	-0.104592	326.186
198.7000	-0.0688078	326.282
198.6000	-0.10603	326.375
198.5000	-0.10052	326.476
198.4000	-0.0903741	326.577
198.3000	-0.128857	326.682
198.2000	-0.11549	326.779
198.1000	-0.117462	326.878
198.0000	-0.133395	326.981
197.9000	-0.156529	327.087
197.8000	-0.178007	327.192
197.7000	-0.183623	327.291
197.6000	-0.192895	327.388
197.5000	-0.211269	327.488
197.4000	-0.240415	327.592
197.3000	-0.235907	327.697
197.2000	-0.244089	327.801
197.1000	-0.257075	327.906
197.0000	-0.271665	328.013
196.9000	-0.234139	328.123
196.8000	-0.225198	328.23
196.7000	-0.201296	328.338
196.6000	-0.137846	328.448
196.5000	-0.0794453	328.558
196.4000	-0.111224	328.663
196.3000	-0.0620422	328.768
196.2000	-0.116267	328.879
196.1000	-0.172251	328.99
196.0000	-0.16839	329.092
195.9000	-0.185595	329.196
195.8000	-0.137165	329.294
195.7000	-0.0732645	329.396
195.6000	-0.0642831	329.498
195.5000	-0.0442699	329.597
195.4000	0.00162174	329.699
195.3000	0.0268971	329.807
195.2000	0.0328677	329.928
195.1000	0.00653888	330.063
195.0000	-0.0160183	330.215
194.9000	0.021941	330.375
194.8000	0.0147638	330.549
194.7000	0.0289959	330.74
194.6000	0.0136534	330.938
194.5000	-0.0343089	331.134
194.4000	-0.0732916	331.328
194.3000	-0.0892761	331.521
194.2000	-0.13884	331.727
194.1000	-0.162736	331.932
194.0000	-0.110017	332.138
193.9000	-0.120799	332.343
193.8000	-0.110833	332.553
193.7000	-0.0607031	332.77
193.6000	-0.0831532	332.995
193.5000	-0.0870829	333.219
193.4000	-0.049266	333.443
193.3000	-0.110331	333.672
193.2000	-0.0992484	333.909
193.1000	-0.167018	334.147
193.0000	-0.239046	334.384
192.9000	-0.171027	334.623
192.8000	-0.175988	334.869
192.7000	-0.196126	335.118
192.6000	-0.148838	335.371
192.5000	-0.149419	335.624
192.4000	-0.0691252	335.883
192.3000	-0.035991	336.144
192.2000	-0.0893392	336.408
192.1000	-0.0889724	336.673
192.0000	-0.057935	336.945
191.9000	-0.0864613	337.223
191.8000	-0.126236	337.508
191.7000	-0.210583	337.8
191.6000	-0.169665	338.099
191.5000	-0.19522	338.404
191.4000	-0.19392	338.715
191.3000	-0.29206	339.03
191.2000	-0.308207	339.353
191.1000	-0.258927	339.679
191.0000	-0.262024	340.017
190.9000	-0.324409	340.358
190.8000	-0.288112	340.705
190.7000	-0.28609	341.058
190.6000	-0.315229	341.413
190.5000	-0.328282	341.774
190.4000	-0.295579	342.147
190.3000	-0.252304	342.526
190.2000	-0.242577	342.92
190.1000	-0.305595	343.323
190.0000	-0.257356	343.733
189.9000	-0.207374	344.154
189.8000	-0.144173	344.591
189.7000	-0.174624	345.03
189.6000	-0.136195	345.481
189.5000	-0.165199	345.935
189.4000	-0.109574	346.401
189.3000	-0.0854487	346.88
189.2000	-0.0776333	347.373
189.1000	-0.157997	347.877
189.0000	-0.125645	348.4
188.9000	-0.132326	348.929
188.8000	-0.0376401	349.475
188.7000	0.00338554	350.035
188.6000	-0.0128374	350.611
188.5000	-0.0240078	351.206
188.4000	-0.0381023	351.814
188.3000	-0.0968883	352.434
188.2000	-0.0689236	353.07
188.1000	-0.123682	353.726
188.0000	-0.17654	354.405
187.9000	-0.162589	355.101
187.8000	-0.190842	355.819
187.7000	-0.126339	356.557
187.6000	-0.0684003	357.327
187.5000	-0.0822219	358.126
187.4000	-0.0359006	358.958
187.3000	-0.0621103	359.823
187.2000	-0.0310078	360.723
187.1000	0.00685528	361.655
187.0000	0.0149235	362.623
186.9000	-0.00974983	363.626
186.8000	0.0269629	364.668
186.7000	-0.0323166	365.747
186.6000	-0.049826	366.863
186.5000	-0.0128947	368.019
186.4000	-0.0848134	369.213
186.3000	-0.10757	370.449
186.2000	-0.182023	371.73
186.1000	-0.17685	373.053
186.0000	-0.0787276	374.422
185.9000	-0.0467072	375.837
185.8000	-0.134965	377.309
185.7000	0.0122838	378.839
185.6000	0.0599767	380.437
185.5000	0.0528124	382.102
185.4000	-0.0236864	383.846
185.3000	-0.0467733	385.664
185.2000	0.0277224	387.576
185.1000	0.134441	389.573
185.0000	0.118072	391.671
