TITLE	04_251002G_0days
DATA TYPE	
ORIGIN	JASCO
OWNER	
DATE	25/10/02
TIME	16:41:47
SPECTROMETER/DATA SYSTEM	JASCO Corp., J-715, Rev. 1.00
RESOLUTION	
DELTAX	-0.1
XUNITS	NANOMETERS
YUNITS	CD[mdeg]
Y2UNITS	HT[V]
FIRSTX	260.0000
LASTX	185.0000
NPOINTS	751
FIRSTY	0.17800
MAXY	0.63468
MINY	-1.84648
XYDATA
260.0000	0.178005	254.997
259.9000	0.180742	255.011
259.8000	0.159046	255.034
259.7000	0.136687	255.069
259.6000	0.122706	255.115
259.5000	0.136919	255.171
259.4000	0.131097	255.24
259.3000	0.114166	255.314
259.2000	0.134415	255.387
259.1000	0.153197	255.463
259.0000	0.166088	255.538
258.9000	0.154044	255.609
258.8000	0.147867	255.681
258.7000	0.145954	255.746
258.6000	0.153338	255.817
258.5000	0.134446	255.886
258.4000	0.158827	255.956
258.3000	0.160386	256.024
258.2000	0.167915	256.096
258.1000	0.166379	256.176
258.0000	0.184993	256.253
257.9000	0.167585	256.321
257.8000	0.162891	256.391
257.7000	0.173608	256.465
257.6000	0.190867	256.537
257.5000	0.168898	256.606
257.4000	0.170651	256.672
257.3000	0.162391	256.742
257.2000	0.1768	256.812
257.1000	0.16259	256.876
257.0000	0.154552	256.941
256.9000	0.153224	257.014
256.8000	0.167084	257.081
256.7000	0.156107	257.146
256.6000	0.127105	257.215
256.5000	0.128535	257.287
256.4000	0.121697	257.358
256.3000	0.116823	257.427
256.2000	0.124316	257.496
256.1000	0.126494	257.571
256.0000	0.151575	257.64
255.9000	0.178448	257.712
255.8000	0.165353	257.782
255.7000	0.15695	257.851
255.6000	0.133179	257.916
255.5000	0.11754	257.981
255.4000	0.103365	258.046
255.3000	0.0980844	258.113
255.2000	0.0876571	258.183
255.1000	0.0866942	258.255
255.0000	0.0829721	258.327
254.9000	0.0786761	258.398
254.8000	0.0768036	258.471
254.7000	0.0556819	258.54
254.6000	0.0283924	258.607
254.5000	0.059701	258.669
254.4000	0.0856941	258.734
254.3000	0.106328	258.802
254.2000	0.108937	258.873
254.1000	0.109048	258.947
254.0000	0.133441	259.023
253.9000	0.150832	259.099
253.8000	0.106607	259.177
253.7000	0.0965208	259.256
253.6000	0.0938962	259.333
253.5000	0.0905064	259.405
253.4000	0.0967833	259.475
253.3000	0.0821687	259.547
253.2000	0.0817388	259.619
253.1000	0.0798876	259.689
253.0000	0.0650304	259.757
252.9000	0.070337	259.827
252.8000	0.074969	259.898
252.7000	0.0615217	259.969
252.6000	0.049519	260.043
252.5000	0.0496253	260.12
252.4000	0.0438797	260.198
252.3000	0.0435409	260.275
252.2000	0.0472474	260.353
252.1000	0.0453581	260.431
252.0000	0.0600703	260.511
251.9000	0.0558153	260.586
251.8000	0.0531221	260.66
251.7000	0.0574204	260.732
251.6000	0.0609857	260.806
251.5000	0.0392812	260.877
251.4000	0.016313	260.951
251.3000	-0.0139795	261.022
251.2000	-0.0139145	261.098
251.1000	-0.0147911	261.174
251.0000	-0.0119175	261.251
250.9000	-0.0103071	261.33
250.8000	-0.00520274	261.409
250.7000	0.019556	261.483
250.6000	0.0331449	261.559
250.5000	0.0407442	261.63
250.4000	0.0375782	261.705
250.3000	0.0236196	261.776
250.2000	0.0116284	261.845
250.1000	-0.0184737	261.919
250.0000	-0.00768577	261.994
249.9000	0.0130194	262.065
249.8000	0.027584	262.14
249.7000	0.0881339	262.213
249.6000	0.115998	262.289
249.5000	0.13948	262.365
249.4000	0.181318	262.437
249.3000	0.165039	262.51
249.2000	0.167308	262.584
249.1000	0.145468	262.657
249.0000	0.114873	262.734
248.9000	0.0964885	262.806
248.8000	0.0790949	262.879
248.7000	0.0536275	262.952
248.6000	0.0609788	263.025
248.5000	0.0218501	263.104
248.4000	0.0259193	263.175
248.3000	0.0243222	263.243
248.2000	0.0500942	263.318
248.1000	0.0701542	263.388
248.0000	0.0663159	263.462
247.9000	0.0538332	263.536
247.8000	0.0633163	263.603
247.7000	0.046616	263.675
247.6000	0.0516983	263.752
247.5000	0.0479708	263.822
247.4000	0.0516146	263.895
247.3000	0.0639647	263.969
247.2000	0.0714652	264.042
247.1000	0.0697506	264.12
247.0000	0.0654104	264.201
246.9000	0.0224652	264.275
246.8000	-0.00367016	264.354
246.7000	-0.0312818	264.43
246.6000	-0.0220219	264.512
246.5000	-0.003581	264.591
246.4000	-0.0102599	264.667
246.3000	-0.0103891	264.742
246.2000	-0.00875344	264.818
246.1000	-0.00146131	264.897
246.0000	0.0129772	264.974
245.9000	0.0050808	265.052
245.8000	-0.000726183	265.136
245.7000	0.0461293	265.218
245.6000	0.0549361	265.296
245.5000	0.0735328	265.377
245.4000	0.0839882	265.462
245.3000	0.0944627	265.543
245.2000	0.0953662	265.62
245.1000	0.113425	265.697
245.0000	0.0820306	265.777
244.9000	0.101321	265.857
244.8000	0.0866157	265.938
244.7000	0.0971834	266.012
244.6000	0.101582	266.093
244.5000	0.0937571	266.17
244.4000	0.0733515	266.244
244.3000	0.0655837	266.32
244.2000	0.0448912	266.397
244.1000	0.0656366	266.471
244.0000	0.0656458	266.554
243.9000	0.0277725	266.63
243.8000	0.037282	266.713
243.7000	0.0388148	266.797
243.6000	0.0368041	266.881
243.5000	0.0504198	266.969
243.4000	0.0467648	267.057
243.3000	0.0302938	267.148
243.2000	0.0429821	267.236
243.1000	0.0339419	267.321
243.0000	0.0427363	267.412
242.9000	0.0519601	267.503
242.8000	0.0356746	267.593
242.7000	0.0200172	267.685
242.6000	0.0241476	267.77
242.5000	0.0460692	267.866
242.4000	0.0430581	267.964
242.3000	0.0418574	268.066
242.2000	0.0476345	268.165
242.1000	0.0155581	268.261
242.0000	0.0146429	268.358
241.9000	0.00270481	268.461
241.8000	-0.0148038	268.561
241.7000	-0.0167993	268.66
241.6000	-0.0271971	268.758
241.5000	-0.0400012	268.862
241.4000	-0.032338	268.973
241.3000	-0.0219546	269.084
241.2000	0.00222971	269.19
241.1000	0.00529761	269.3
241.0000	-0.00556434	269.41
240.9000	-0.00600244	269.521
240.8000	0.0195084	269.632
240.7000	0.0287731	269.74
240.6000	0.00366767	269.852
240.5000	-0.00141238	269.964
240.4000	0.00494147	270.072
240.3000	0.0279558	270.185
240.2000	0.0215498	270.296
240.1000	0.0110582	270.411
240.0000	0.0175416	270.524
239.9000	0.0419659	270.64
239.8000	0.0222156	270.76
239.7000	0.0233322	270.886
239.6000	0.0336751	271.015
239.5000	0.00860964	271.144
239.4000	-0.0464062	271.274
239.3000	-0.0814269	271.403
239.2000	-0.0706504	271.538
239.1000	-0.0624781	271.677
239.0000	-0.0890116	271.81
238.9000	-0.117468	271.943
238.8000	-0.0653187	272.078
238.7000	-0.00559688	272.211
238.6000	-0.00218823	272.351
238.5000	-0.025221	272.485
238.4000	-0.0266639	272.622
238.3000	-0.0125525	272.758
238.2000	-0.0320146	272.894
238.1000	-0.0747122	273.037
238.0000	-0.0846443	273.178
237.9000	-0.0844431	273.314
237.8000	-0.107619	273.456
237.7000	-0.098255	273.593
237.6000	-0.0959662	273.737
237.5000	-0.0702071	273.879
237.4000	-0.035804	274.016
237.3000	-0.0223828	274.156
237.2000	-0.0115477	274.299
237.1000	0.0211527	274.444
237.0000	-0.0224153	274.592
236.9000	0.00129839	274.738
236.8000	-0.00225306	274.883
236.7000	-0.035914	275.029
236.6000	-0.00463426	275.183
236.5000	0.0317345	275.336
236.4000	0.0202248	275.481
236.3000	0.0187481	275.627
236.2000	-0.000271946	275.774
236.1000	0.00712698	275.927
236.0000	0.03109	276.079
235.9000	-0.0464725	276.223
235.8000	-0.0780411	276.367
235.7000	-0.0714898	276.517
235.6000	-0.0783404	276.663
235.5000	-0.0922295	276.809
235.4000	-0.134957	276.951
235.3000	-0.14628	277.096
235.2000	-0.120206	277.242
235.1000	-0.129164	277.392
235.0000	-0.138148	277.539
234.9000	-0.147764	277.685
234.8000	-0.154705	277.829
234.7000	-0.156217	277.978
234.6000	-0.17339	278.125
234.5000	-0.173658	278.275
234.4000	-0.172955	278.424
234.3000	-0.197871	278.567
234.2000	-0.19949	278.712
234.1000	-0.174578	278.857
234.0000	-0.183564	279.003
233.9000	-0.174949	279.15
233.8000	-0.22015	279.296
233.7000	-0.216647	279.443
233.6000	-0.192384	279.595
233.5000	-0.192665	279.748
233.4000	-0.203759	279.9
233.3000	-0.207356	280.051
233.2000	-0.179698	280.205
233.1000	-0.129174	280.359
233.0000	-0.155857	280.514
232.9000	-0.163963	280.663
232.8000	-0.177789	280.82
232.7000	-0.175898	280.978
232.6000	-0.189499	281.14
232.5000	-0.215771	281.298
232.4000	-0.235169	281.457
232.3000	-0.169338	281.621
232.2000	-0.150993	281.784
232.1000	-0.124139	281.943
232.0000	-0.141667	282.102
231.9000	-0.155461	282.262
231.8000	-0.148466	282.423
231.7000	-0.184994	282.579
231.6000	-0.228409	282.734
231.5000	-0.253266	282.892
231.4000	-0.294704	283.05
231.3000	-0.26164	283.207
231.2000	-0.235983	283.36
231.1000	-0.236515	283.514
231.0000	-0.211394	283.667
230.9000	-0.231655	283.815
230.8000	-0.189912	283.971
230.7000	-0.186967	284.122
230.6000	-0.20709	284.276
230.5000	-0.227741	284.423
230.4000	-0.252233	284.569
230.3000	-0.267575	284.722
230.2000	-0.254537	284.88
230.1000	-0.275724	285.031
230.0000	-0.28595	285.181
229.9000	-0.339205	285.332
229.8000	-0.316736	285.493
229.7000	-0.317891	285.654
229.6000	-0.357439	285.81
229.5000	-0.377487	285.969
229.4000	-0.392136	286.132
229.3000	-0.382285	286.298
229.2000	-0.368442	286.463
229.1000	-0.376161	286.625
229.0000	-0.371855	286.791
228.9000	-0.347728	286.956
228.8000	-0.342835	287.124
228.7000	-0.34339	287.292
228.6000	-0.346905	287.461
228.5000	-0.332186	287.634
228.4000	-0.363064	287.805
228.3000	-0.357309	287.979
228.2000	-0.335657	288.154
228.1000	-0.313091	288.326
228.0000	-0.295929	288.498
227.9000	-0.261046	288.667
227.8000	-0.25114	288.833
227.7000	-0.246755	288.998
227.6000	-0.270182	289.16
227.5000	-0.310589	289.321
227.4000	-0.353567	289.481
227.3000	-0.370282	289.64
227.2000	-0.414985	289.795
227.1000	-0.437058	289.948
227.0000	-0.442093	290.105
226.9000	-0.453271	290.265
226.8000	-0.456258	290.423
226.7000	-0.435739	290.579
226.6000	-0.45009	290.735
226.5000	-0.431425	290.898
226.4000	-0.437627	291.062
226.3000	-0.435108	291.22
226.2000	-0.406631	291.378
226.1000	-0.422911	291.536
226.0000	-0.372164	291.694
225.9000	-0.384589	291.848
225.8000	-0.373894	292
225.7000	-0.349257	292.153
225.6000	-0.335314	292.304
225.5000	-0.361113	292.454
225.4000	-0.34671	292.603
225.3000	-0.356229	292.753
225.2000	-0.339548	292.903
225.1000	-0.387903	293.053
225.0000	-0.390983	293.198
224.9000	-0.385345	293.346
224.8000	-0.416464	293.49
224.7000	-0.42436	293.639
224.6000	-0.467827	293.79
224.5000	-0.424953	293.945
224.4000	-0.384135	294.1
224.3000	-0.380374	294.257
224.2000	-0.404361	294.412
224.1000	-0.383429	294.569
224.0000	-0.427813	294.724
223.9000	-0.434195	294.876
223.8000	-0.47807	295.03
223.7000	-0.499147	295.178
223.6000	-0.509459	295.332
223.5000	-0.521757	295.49
223.4000	-0.546939	295.647
223.3000	-0.534436	295.803
223.2000	-0.55118	295.968
223.1000	-0.538941	296.126
223.0000	-0.53059	296.292
222.9000	-0.52696	296.458
222.8000	-0.512274	296.621
222.7000	-0.434418	296.783
222.6000	-0.422166	296.948
222.5000	-0.45615	297.115
222.4000	-0.478273	297.282
222.3000	-0.511697	297.439
222.2000	-0.519038	297.596
222.1000	-0.491679	297.759
222.0000	-0.52367	297.926
221.9000	-0.52571	298.091
221.8000	-0.45439	298.249
221.7000	-0.443717	298.411
221.6000	-0.434005	298.578
221.5000	-0.488241	298.739
221.4000	-0.504508	298.9
221.3000	-0.510205	299.052
221.2000	-0.517047	299.205
221.1000	-0.536976	299.36
221.0000	-0.545544	299.512
220.9000	-0.570594	299.66
220.8000	-0.552589	299.811
220.7000	-0.529879	299.96
220.6000	-0.499476	300.111
220.5000	-0.516338	300.257
220.4000	-0.489841	300.407
220.3000	-0.485563	300.557
220.2000	-0.414577	300.706
220.1000	-0.411217	300.851
220.0000	-0.433586	301
219.9000	-0.412025	301.149
219.8000	-0.405345	301.295
219.7000	-0.468304	301.442
219.6000	-0.492572	301.584
219.5000	-0.51216	301.729
219.4000	-0.484291	301.873
219.3000	-0.509993	302.009
219.2000	-0.565363	302.154
219.1000	-0.555174	302.299
219.0000	-0.544745	302.443
218.9000	-0.557783	302.587
218.8000	-0.577066	302.733
218.7000	-0.569436	302.88
218.6000	-0.567666	303.035
218.5000	-0.586445	303.181
218.4000	-0.599057	303.331
218.3000	-0.56291	303.479
218.2000	-0.535882	303.63
218.1000	-0.467669	303.784
218.0000	-0.454988	303.935
217.9000	-0.421649	304.086
217.8000	-0.416613	304.236
217.7000	-0.460369	304.386
217.6000	-0.500519	304.536
217.5000	-0.473181	304.688
217.4000	-0.519542	304.836
217.3000	-0.500349	304.987
217.2000	-0.520531	305.145
217.1000	-0.520443	305.299
217.0000	-0.47684	305.457
216.9000	-0.455639	305.618
216.8000	-0.496991	305.777
216.7000	-0.535825	305.936
216.6000	-0.627303	306.093
216.5000	-0.63346	306.25
216.4000	-0.637428	306.41
216.3000	-0.675693	306.57
216.2000	-0.674497	306.724
216.1000	-0.698263	306.882
216.0000	-0.712733	307.038
215.9000	-0.719364	307.194
215.8000	-0.70175	307.346
215.7000	-0.702213	307.497
215.6000	-0.68226	307.642
215.5000	-0.725009	307.787
215.4000	-0.732773	307.93
215.3000	-0.684554	308.074
215.2000	-0.661513	308.217
215.1000	-0.645166	308.362
215.0000	-0.65836	308.502
214.9000	-0.683932	308.646
214.8000	-0.630188	308.788
214.7000	-0.588506	308.932
214.6000	-0.609652	309.078
214.5000	-0.611354	309.22
214.4000	-0.60963	309.358
214.3000	-0.607165	309.501
214.2000	-0.596353	309.642
214.1000	-0.673364	309.785
214.0000	-0.767243	309.925
213.9000	-0.718258	310.063
213.8000	-0.659284	310.21
213.7000	-0.683124	310.352
213.6000	-0.690769	310.497
213.5000	-0.71635	310.646
213.4000	-0.690332	310.795
213.3000	-0.672889	310.95
213.2000	-0.724676	311.107
213.1000	-0.741592	311.261
213.0000	-0.729205	311.423
212.9000	-0.693514	311.586
212.8000	-0.611961	311.752
212.7000	-0.577241	311.919
212.6000	-0.542504	312.085
212.5000	-0.542212	312.261
212.4000	-0.571514	312.44
212.3000	-0.593957	312.617
212.2000	-0.629744	312.793
212.1000	-0.635337	312.965
212.0000	-0.645392	313.144
211.9000	-0.684229	313.323
211.8000	-0.704248	313.496
211.7000	-0.688767	313.674
211.6000	-0.6533	313.854
211.5000	-0.669427	314.035
211.4000	-0.697886	314.218
211.3000	-0.718374	314.397
211.2000	-0.730981	314.58
211.1000	-0.71064	314.756
211.0000	-0.751328	314.93
210.9000	-0.746704	315.102
210.8000	-0.725449	315.271
210.7000	-0.754732	315.439
210.6000	-0.72517	315.605
210.5000	-0.67993	315.772
210.4000	-0.690239	315.947
210.3000	-0.682333	316.117
210.2000	-0.705163	316.29
210.1000	-0.673472	316.469
210.0000	-0.666474	316.652
209.9000	-0.711996	316.835
209.8000	-0.773433	317.017
209.7000	-0.813311	317.194
209.6000	-0.82537	317.376
209.5000	-0.830563	317.558
209.4000	-0.908554	317.742
209.3000	-0.937226	317.922
209.2000	-0.956502	318.108
209.1000	-0.938866	318.293
209.0000	-0.925898	318.488
208.9000	-0.896077	318.684
208.8000	-0.880399	318.878
208.7000	-0.87296	319.07
208.6000	-0.817432	319.266
208.5000	-0.735241	319.466
208.4000	-0.724966	319.666
208.3000	-0.735515	319.857
208.2000	-0.80141	320.057
208.1000	-0.835332	320.261
208.0000	-0.840639	320.472
207.9000	-0.88245	320.681
207.8000	-0.983885	320.888
207.7000	-0.970238	321.101
207.6000	-0.991569	321.319
207.5000	-0.968632	321.534
207.4000	-0.958605	321.751
207.3000	-0.992043	321.967
207.2000	-0.955907	322.184
207.1000	-0.951352	322.402
207.0000	-1.02101	322.622
206.9000	-1.02525	322.837
206.8000	-1.03959	323.056
206.7000	-1.02709	323.271
206.6000	-1.0135	323.49
206.5000	-1.00419	323.707
206.4000	-1.05495	323.921
206.3000	-1.05026	324.138
206.2000	-1.08134	324.361
206.1000	-1.10401	324.582
206.0000	-1.17635	324.805
205.9000	-1.22161	325.028
205.8000	-1.26632	325.258
205.7000	-1.2549	325.487
205.6000	-1.24472	325.708
205.5000	-1.20215	325.932
205.4000	-1.19315	326.156
205.3000	-1.15812	326.388
205.2000	-1.11583	326.615
205.1000	-1.04648	326.841
205.0000	-1.0265	327.075
204.9000	-0.959181	327.309
204.8000	-1.02523	327.55
204.7000	-1.09357	327.793
204.6000	-1.12874	328.037
204.5000	-1.18687	328.283
204.4000	-1.20808	328.532
204.3000	-1.2094	328.78
204.2000	-1.28445	329.032
204.1000	-1.27123	329.281
204.0000	-1.24956	329.53
203.9000	-1.21718	329.778
203.8000	-1.30451	330.032
203.7000	-1.35187	330.287
203.6000	-1.33286	330.546
203.5000	-1.36104	330.803
203.4000	-1.33424	331.063
203.3000	-1.3656	331.325
203.2000	-1.35783	331.595
203.1000	-1.30419	331.863
203.0000	-1.35651	332.132
202.9000	-1.48852	332.403
202.8000	-1.49216	332.681
202.7000	-1.46718	332.958
202.6000	-1.4664	333.237
202.5000	-1.56231	333.514
202.4000	-1.58699	333.801
202.3000	-1.58251	334.09
202.2000	-1.55136	334.383
202.1000	-1.60522	334.674
202.0000	-1.65504	334.968
201.9000	-1.68345	335.26
201.8000	-1.63086	335.558
201.7000	-1.63612	335.86
201.6000	-1.63472	336.164
201.5000	-1.60262	336.469
201.4000	-1.5582	336.781
201.3000	-1.58346	337.094
201.2000	-1.54147	337.415
201.1000	-1.5351	337.735
201.0000	-1.56872	338.056
200.9000	-1.59161	338.382
200.8000	-1.52802	338.711
200.7000	-1.52476	339.047
200.6000	-1.52926	339.388
200.5000	-1.60127	339.73
200.4000	-1.6252	340.072
200.3000	-1.6211	340.421
200.2000	-1.63032	340.776
200.1000	-1.69274	341.134
200.0000	-1.78488	341.493
199.9000	-1.75354	341.852
199.8000	-1.71748	342.22
199.7000	-1.73956	342.591
199.6000	-1.72908	342.969
199.5000	-1.69603	343.354
199.4000	-1.68961	343.738
199.3000	-1.71206	344.121
199.2000	-1.76006	344.508
199.1000	-1.73457	344.897
199.0000	-1.70775	345.289
198.9000	-1.69156	345.673
198.8000	-1.7349	346.054
198.7000	-1.80353	346.442
198.6000	-1.76796	346.836
198.5000	-1.7598	347.233
198.4000	-1.77961	347.629
198.3000	-1.81451	348.03
198.2000	-1.84648	348.434
198.1000	-1.79467	348.848
198.0000	-1.72403	349.263
197.9000	-1.67521	349.682
197.8000	-1.69173	350.108
197.7000	-1.70963	350.533
197.6000	-1.75753	350.969
197.5000	-1.68362	351.415
197.4000	-1.71373	351.863
197.3000	-1.74151	352.316
197.2000	-1.73567	352.774
197.1000	-1.6715	353.24
197.0000	-1.64482	353.715
196.9000	-1.64831	354.187
196.8000	-1.7127	354.665
196.7000	-1.77952	355.15
196.6000	-1.71907	355.643
196.5000	-1.69261	356.134
196.4000	-1.71799	356.626
196.3000	-1.70054	357.121
196.2000	-1.65831	357.627
196.1000	-1.51622	358.13
196.0000	-1.42465	358.634
195.9000	-1.46201	359.14
195.8000	-1.50909	359.652
195.7000	-1.43689	360.165
195.6000	-1.43125	360.679
195.5000	-1.40085	361.189
195.4000	-1.45053	361.703
195.3000	-1.48068	362.23
195.2000	-1.47813	362.768
195.1000	-1.51597	363.325
195.0000	-1.51059	363.9
194.9000	-1.45831	364.497
194.8000	-1.53203	365.112
194.7000	-1.56775	365.737
194.6000	-1.49372	366.374
194.5000	-1.48307	367.018
194.4000	-1.50647	367.669
194.3000	-1.48515	368.324
194.2000	-1.54162	368.978
194.1000	-1.4368	369.647
194.0000	-1.38053	370.325
193.9000	-1.36593	371.005
193.8000	-1.37626	371.69
193.7000	-1.42147	372.38
193.6000	-1.44435	373.085
193.5000	-1.40744	373.796
193.4000	-1.45738	374.508
193.3000	-1.40719	375.228
193.2000	-1.41263	375.959
193.1000	-1.40621	376.693
193.0000	-1.32014	377.434
192.9000	-1.34645	378.174
192.8000	-1.29054	378.92
192.7000	-1.16703	379.667
192.6000	-1.19704	380.422
192.5000	-1.19719	381.178
192.4000	-1.17378	381.938
192.3000	-1.15669	382.706
192.2000	-1.20553	383.482
192.1000	-1.20402	384.272
192.0000	-1.23831	385.069
191.9000	-1.25255	385.864
191.8000	-1.20919	386.669
191.7000	-1.21717	387.483
191.6000	-1.20735	388.305
191.5000	-1.16524	389.131
191.4000	-1.16409	389.964
191.3000	-1.02687	390.804
191.2000	-0.914023	391.659
191.1000	-0.763469	392.525
191.0000	-0.703303	393.397
190.9000	-0.559451	394.275
190.8000	-0.575869	395.164
190.7000	-0.568583	396.055
190.6000	-0.607954	396.96
190.5000	-0.732537	397.87
190.4000	-0.814312	398.787
190.3000	-0.875536	399.714
190.2000	-0.998348	400.653
190.1000	-0.987874	401.605
190.0000	-1.0483	402.578
189.9000	-1.02164	403.56
189.8000	-0.893059	404.564
189.7000	-0.899942	405.581
189.6000	-0.863908	406.618
189.5000	-0.666646	407.664
189.4000	-0.563065	408.73
189.3000	-0.520316	409.805
189.2000	-0.547175	410.905
189.1000	-0.601821	412.013
189.0000	-0.628996	413.142
188.9000	-0.656735	414.288
188.8000	-0.77486	415.463
188.7000	-0.74327	416.648
188.6000	-0.850037	417.863
188.5000	-0.93328	419.099
188.4000	-0.884308	420.367
188.3000	-0.810762	421.656
188.2000	-0.710977	422.974
188.1000	-0.685531	424.314
188.0000	-0.685021	425.69
187.9000	-0.529498	427.093
187.8000	-0.492399	428.524
187.7000	-0.433512	429.988
187.6000	-0.356112	431.489
187.5000	-0.384441	433.033
187.4000	-0.471433	434.634
187.3000	-0.482344	436.283
187.2000	-0.542799	437.978
187.1000	-0.486375	439.721
187.0000	-0.448532	441.514
186.9000	-0.435634	443.364
186.8000	-0.389599	445.26
186.7000	-0.305635	447.207
186.6000	-0.394697	449.212
186.5000	-0.422224	451.272
186.4000	-0.290806	453.395
186.3000	-0.50133	455.577
186.2000	-0.515595	457.809
186.1000	-0.56195	460.106
186.0000	-0.345521	462.467
185.9000	-0.0551274	464.898
185.8000	0.180442	467.408
185.7000	0.251143	470.004
185.6000	0.456227	472.698
185.5000	0.435894	475.497
185.4000	0.634681	478.408
185.3000	0.262128	481.413
185.2000	0.263722	484.543
185.1000	0.0955286	487.786
185.0000	0.163983	491.16
